ID,Predicted_Target
1,2.056673430375747e-09
2,-4.631247124917067e-10
3,-5.773151433145318e-10
4,-3.113721710360566e-09
5,-1.2976625019840533e-08
6,7.261763619652732e-10
7,-1.3541959874163085e-08
8,1.976552317883037e-09
9,5.011563156219887e-10
10,-9.06262265735063e-09
11,-2.407556811190538e-09
12,-6.739373859361264e-10
13,-9.495784469920792e-10
14,8.204620719830124e-09
15,-8.092577267832512e-09
16,2.238635515488419e-08
17,-1.4622765504314028e-09
18,1.093822423980198e-08
19,4.7565314285287334e-09
20,1.3786630747086827e-09
21,1.6811370181548522e-08
22,4.4779382448530455e-09
23,2.075539651626547e-09
24,2.857677067884278e-09
25,-1.113787699043911e-08
26,1.1921854996686286e-09
27,-7.500835554295981e-10
28,-3.113982652842416e-10
29,-1.7615209086825925e-09
30,-5.940155631615997e-09
31,-6.380880298436938e-10
32,4.067764912327817e-09
33,-1.5794617852789127e-09
34,-3.838893796631788e-09
35,-1.3576867675133414e-09
36,2.2663772731119645e-10
37,-2.7169433418152478e-09
38,-4.415281521780055e-09
39,7.692293574628658e-09
40,-2.323400589969381e-09
41,1.037151362949249e-09
42,-1.1983705717739696e-09
43,-3.637593955305301e-09
44,2.3243738983032275e-08
45,3.561512869158921e-08
46,-5.1129185458098295e-09
47,1.4356650049356076e-09
48,-1.2380605558784704e-08
49,-1.723132021902266e-09
50,1.318046657446182e-09
51,-5.791942647147685e-10
52,1.647515335672946e-08
53,1.906082522230698e-09
54,-1.445947458661589e-09
55,-4.5433696916587935e-09
56,-5.570949283768931e-09
57,-2.527293488250954e-10
58,-4.163384001383239e-09
59,1.0027383944741838e-10
60,-9.166309526512514e-09
61,6.247821669593294e-10
62,6.307863799629005e-09
63,1.2984247343648685e-08
64,8.881547783233044e-10
65,1.1739593674169997e-08
66,2.0431092015013743e-09
67,-2.4594172362987314e-10
68,-4.742303138253988e-09
69,-1.8108484483546366e-09
70,-1.0317896933391103e-08
71,-6.132048989135023e-09
72,-2.655129184100904e-09
73,5.238244617898407e-09
74,7.80857875083738e-09
75,-2.1808297978258945e-09
76,-5.788409171359235e-10
77,6.587830224581968e-10
78,-7.526541473961942e-09
79,-5.279884241848415e-09
80,-3.712213835040815e-09
81,1.1204179988453383e-08
82,-1.6156987041319102e-09
83,8.200461603281625e-09
84,-2.756745683611561e-08
85,-4.347982391486319e-09
86,-1.2908025477222973e-08
87,5.950315802257222e-09
88,2.3409869817646943e-08
89,1.4839419353261972e-08
90,8.799128606878592e-09
91,-3.8441098439183e-08
92,3.6033403380575694e-09
93,-2.524758371432095e-09
94,4.1207347710481334e-09
95,5.396098014179297e-10
96,1.3524484936878e-08
97,-3.797906879545399e-09
98,1.003229313543516e-09
99,-1.822534627890163e-09
100,-6.34215872570284e-09
101,-8.054222722339412e-09
102,-1.963567789450828e-09
103,5.4025927291828126e-09
104,4.545978909705775e-09
105,-1.614467528939006e-08
106,-1.042938461970354e-08
107,5.189728705553032e-09
108,-1.48881305716562e-09
109,-3.3931755650160825e-10
110,-2.8852045895361005e-10
111,-6.914263193839682e-10
112,-1.5569019005724889e-10
113,3.491568914183152e-09
114,-4.4310369871091465e-09
115,-3.427757482824386e-09
116,8.411644281326196e-09
117,-1.4880388188460726e-09
118,1.1095812591410572e-08
119,-1.4008117770885006e-08
120,6.442284969561729e-10
121,6.7217890581407116e-09
122,-7.935301237515643e-09
123,-1.2922401245545784e-08
124,-9.920887721619368e-10
125,-1.7268648188696456e-09
126,-1.0183150430261644e-08
127,3.1667267435597e-09
128,-7.347638318050884e-10
129,9.51438176523103e-10
130,-6.0328059484074105e-09
131,2.0079489144628948e-10
132,-1.2405368010946699e-08
133,-6.512785495367499e-09
134,-1.667212339836957e-09
135,-6.586453677636494e-10
136,2.0834135299264282e-09
137,-1.978040614705096e-08
138,1.143397863935476e-08
139,7.308471156037296e-09
140,-1.872214813222254e-08
141,-8.014530024810012e-10
142,-2.1103039493963158e-09
143,-3.0694145301501293e-09
144,1.699944162033624e-08
145,-1.4475342422121423e-09
146,1.0822795385060411e-08
147,1.8961917628804366e-08
148,-2.4130698834952824e-09
149,-1.8683090333062307e-09
150,7.729567293481489e-09
151,-6.813728808181522e-10
152,1.3939262075311606e-09
153,2.0581758100810448e-08
154,-1.090669566127149e-09
155,5.015026046549675e-09
156,-1.0392334470823714e-08
157,6.530527547184963e-10
158,8.324092058533548e-10
159,-7.835001030080538e-09
160,3.4337856698273496e-09
161,1.9120290703067954e-08
162,-1.3892045636362791e-08
163,-4.4345169433752846e-09
164,-2.2865958119759187e-09
165,-2.3521847682534743e-09
166,3.5320258401030145e-09
167,6.089414283274575e-09
168,7.598760109078902e-09
169,6.440659060644077e-09
170,-9.617828788008964e-11
171,-1.1877908321659702e-09
172,6.804996259150252e-09
173,4.320554224117435e-09
174,-4.6107914795320533e-10
175,-4.44931797576422e-09
176,-1.6093852866250262e-09
177,3.56941572783381e-09
178,3.010471084172715e-09
179,2.7879279738625797e-08
180,4.969669941537088e-09
181,1.3386000915984348e-09
182,2.3521548374676103e-08
183,-9.909758643778368e-09
184,5.904087765908224e-09
185,-6.5721315838814385e-09
186,1.8471499346929264e-08
187,-6.714636028446696e-10
188,-1.825038000565169e-09
189,7.540044265685942e-09
190,-3.3271179417957887e-09
191,2.6120172140783785e-09
192,1.1674065756934665e-08
193,1.8279314113999155e-09
194,-5.414818021159055e-10
195,-1.0816552289939832e-09
196,7.204874940773837e-09
197,-1.2037807689064717e-08
198,1.0345068515863079e-08
199,-8.595098852590818e-10
200,-1.7734165010006594e-10
201,1.5744868598031894e-09
202,-7.377892224320168e-10
203,-7.55866650368825e-09
204,-4.4207973520542496e-09
205,-3.6717822765032178e-09
206,3.197578415486115e-09
207,-8.370808839316376e-10
208,9.306159003208913e-09
209,-6.921989339658743e-09
210,4.581520423110595e-09
211,8.755042323976566e-09
212,2.6328542116089786e-08
213,5.978464328527323e-09
214,1.4192151663217953e-08
215,-1.444244162817533e-09
216,-5.9074391150295695e-09
217,3.5215467425076225e-09
218,-9.736157949939899e-09
219,2.4669156290928167e-09
220,-2.8371955204302377e-09
221,1.5338174942583181e-09
222,-2.7162623481903925e-09
223,2.631793837959408e-09
224,7.836086298147932e-10
225,2.391903753255237e-09
226,9.353359394120355e-09
227,6.80416943742424e-09
228,-1.9977979103708066e-08
229,-5.848098632880909e-10
230,3.991265926466204e-09
231,8.119335993075912e-09
232,-7.484616751942908e-09
233,4.055131953874203e-09
234,-1.0690727641458993e-08
235,-1.4803300201677217e-09
236,3.3213333260814214e-08
237,2.320301450530414e-09
238,-3.6120289501077664e-10
239,1.3980678898638355e-08
240,6.419399987265663e-09
241,5.152863567269792e-09
242,-9.072407738270778e-09
243,2.1210018006597396e-09
244,1.2562749900193113e-09
245,4.16945775127833e-09
246,-6.401623742520171e-09
247,2.055834987832705e-09
248,5.151611314272793e-09
249,1.5740009625421557e-08
250,6.725841328911518e-09
251,-1.1014159694492274e-08
252,-8.115683741968368e-09
253,8.237034236211951e-09
254,-5.765002184909388e-10
255,-9.132388798112761e-09
256,1.0157213070985026e-09
257,-4.892576067611917e-10
258,4.312521714486781e-09
259,1.3609665049162216e-08
260,-6.46381146160222e-10
261,2.964481980593995e-08
262,-5.0185629502192796e-09
263,8.563156381569538e-09
264,2.649664935409512e-09
265,2.3398891867313782e-09
266,-1.4324373517416326e-09
267,2.8983740345404206e-11
268,-3.947661739929127e-09
269,-3.604569864205965e-09
270,1.481873838626331e-08
271,-5.4803283558946865e-09
272,-4.2282728350025835e-09
273,-3.388176572462007e-09
274,4.951195954369872e-09
275,-4.52343683703284e-09
276,-3.3214886626522575e-09
277,-1.0537285530372263e-09
278,1.239014505364445e-09
279,6.268031124295123e-09
280,2.4231508254909368e-09
281,-3.090904787698297e-09
282,-4.171797772512847e-09
283,-6.756153832979067e-09
284,-1.3724719321756503e-08
285,2.1209577865981515e-10
286,-1.165595674905703e-09
287,1.7966661586986867e-08
288,3.3113419042673384e-09
289,7.453790964641043e-10
290,3.728134863432908e-09
291,-1.1493122117455602e-08
292,-6.413945124478496e-10
293,1.3263288338801041e-08
294,-4.870331244246368e-09
295,-2.869874163400711e-09
296,-2.9187362036730383e-09
297,1.113177405437545e-08
298,-9.81422211350677e-10
299,-6.659158194561719e-11
300,-4.3065147914942794e-08
301,-1.8257349772438637e-09
302,2.8914346308631686e-08
303,-5.53109883708009e-09
304,-1.841068476495179e-09
305,-2.0543674488447052e-10
306,-4.232737064883309e-09
307,-3.7149683135664125e-09
308,-1.5185850193155547e-08
309,1.7091725773154727e-09
310,-1.6140384471135039e-09
311,6.516206489918497e-10
312,-2.2837712122770682e-09
313,1.2153265100434339e-08
314,-4.557437804851702e-10
315,-2.5680936053174746e-09
316,-9.068225638088615e-09
317,-6.236646157547881e-12
318,3.186885409042999e-08
319,1.4768181685136868e-08
320,-8.951771134049514e-10
321,-1.7911153417493222e-09
322,-2.793772259511643e-09
323,-6.089776924698594e-09
324,-1.0428048749152438e-08
325,-1.4823735815207371e-08
326,-4.247894146210827e-09
327,6.577749072099417e-09
328,3.9455625213549535e-10
329,7.073533417844706e-10
330,-3.873686512883766e-09
331,-5.737713434710705e-09
332,-2.286191967426475e-09
333,4.946005871970449e-09
334,-2.676211087645745e-09
335,2.503712679051447e-09
336,-2.1512648565588526e-09
337,-8.003050893371208e-09
338,-9.270489369990576e-09
339,-6.6818205625630965e-09
340,-1.288800292681279e-09
341,-8.934019676123181e-10
342,-3.3453077174523438e-09
343,-1.3812185376774925e-08
344,3.711063337673327e-09
345,-7.300963851533117e-09
346,5.036190061606808e-10
347,1.8990748162465982e-10
348,-1.6843961907084333e-09
349,-1.9567246274151627e-09
350,1.1075787493535965e-08
351,-4.753708533799853e-09
352,1.5638719160371397e-08
353,-7.636143774888513e-09
354,-1.994933796623091e-09
355,-9.761512067189376e-10
356,2.373319273559358e-09
357,-4.345113371237393e-09
358,-1.5739847126336976e-09
359,-1.1249658238617238e-08
360,-1.689515552405125e-08
361,5.598675701616172e-09
362,1.3006670849387417e-08
363,-1.0753267027991004e-08
364,-3.0996007005580356e-09
365,-1.1228324172547236e-09
366,-9.908446865603992e-10
367,-3.1933994991829883e-09
368,-1.369630610391962e-09
369,-7.953290633490351e-09
370,-1.0925441791645637e-08
371,-1.1779612292522367e-08
372,7.879263617019901e-09
373,8.80176873703471e-09
374,1.5325172335759746e-08
375,-1.7956452560509623e-09
376,-2.3423815414786608e-09
377,2.7486854467218433e-09
378,-6.858193499959079e-09
379,-3.4605938543121297e-10
380,1.2888814762587032e-09
381,-3.5517867296607644e-09
382,-4.697866544539167e-09
383,2.325641168605512e-08
384,-3.998161205524074e-10
385,-5.4874440664533775e-09
386,-2.8261841585993365e-09
387,-1.6723317320595997e-09
388,-7.38324515921533e-09
389,5.86411397149737e-09
390,-5.172416767283925e-10
391,5.403892441672304e-10
392,-1.7445957211249817e-09
393,1.6070020993876742e-09
394,-8.907480401660154e-09
395,8.488648826655053e-09
396,6.196789958317395e-10
397,-1.918361439456323e-09
398,5.4411814727032454e-09
399,-2.2202277666247206e-08
400,-3.1652191417789183e-09
401,-2.6737513723360187e-09
402,-2.0186564658784435e-09
403,-6.4369416692727404e-09
404,-1.712070284349795e-08
405,7.778997021969112e-09
406,-2.03012008405965e-08
407,-2.933809440064896e-09
408,6.984182090196227e-09
409,-1.4675678505647378e-09
410,8.43021105116668e-09
411,-8.056813291374135e-09
412,-7.628405884568786e-10
413,6.790063371745458e-10
414,-5.350165448351941e-10
415,-5.3978470978347313e-11
416,1.0050827804998093e-08
417,1.0797295867342351e-08
418,1.840938045429544e-09
419,3.6022342172755752e-09
420,1.0346073645949624e-08
421,-2.7345181626006913e-09
422,-8.628221393772518e-10
423,8.292044404739133e-09
424,2.6000616225826146e-09
425,1.5479757527486353e-09
426,-3.033315403753366e-10
427,1.955088434122377e-09
428,2.656312315269358e-09
429,1.5579468855530902e-09
430,-8.336024006035416e-10
431,-4.208251995946972e-09
432,-1.8987396242387008e-08
433,-4.869271133492527e-09
434,2.51471134112345e-10
435,-4.572367294580475e-09
436,2.568038534922824e-10
437,8.458275307809542e-10
438,1.2735091245417437e-08
439,-2.240653596141183e-09
440,-4.1789678116844715e-09
441,-1.0255774620712174e-08
442,1.0184850145045764e-09
443,-1.5597456111636014e-09
444,-2.1453596982146763e-09
445,1.051038194996306e-08
446,9.070029844517975e-10
447,1.0730316999153522e-09
448,-7.46590855114879e-10
449,3.3724584972205384e-09
450,3.052795911808343e-09
451,-3.071453936680953e-09
452,-1.4170156061839788e-08
453,-5.601130441352873e-09
454,-1.98976184378855e-09
455,-3.2649852014932124e-09
456,-3.2137873873986072e-09
457,4.867873100556898e-09
458,-1.5499439313576633e-08
459,-3.3848441259894823e-09
460,-1.807281169727282e-08
461,4.053562469380067e-09
462,8.939934399323351e-09
463,-2.8172677336230545e-09
464,-1.6848240704270453e-09
465,8.662659935385654e-10
466,-4.864720818213194e-09
467,6.964275229046608e-09
468,-1.556751733056066e-09
469,1.0556758845498192e-08
470,-1.0309675170773204e-08
471,8.960871858932828e-10
472,1.8709889314105014e-08
473,-5.879484180336641e-09
474,-3.6395505254589075e-09
475,-1.0340996495804967e-08
476,-1.1103854649024852e-09
477,-6.75740255774922e-10
478,1.2874889558691192e-09
479,9.30009480474709e-10
480,1.4804795098822073e-09
481,3.359696951105526e-10
482,-2.499657247206061e-09
483,-8.834423755586268e-09
484,-4.443837147877523e-09
485,2.7835733891838955e-09
486,-6.1056664918315085e-09
487,-8.502695557062145e-09
488,4.37263672604953e-09
489,-4.9952579862367475e-09
490,1.108171606668606e-09
491,-2.662426124919216e-09
492,1.3832886070717884e-09
493,-1.0628989534515552e-08
494,2.441881410113254e-08
495,1.8036241977712936e-08
496,-2.8652112337023274e-09
497,1.8932509159496946e-09
498,-1.2431439806189877e-08
499,-3.340954805687059e-09
500,3.431361458758639e-10
501,-7.936585534831946e-10
502,-8.11446682785218e-09
503,2.8294902230687926e-10
504,-1.62059528158183e-08
505,-2.822435696853367e-09
506,-6.222257893158173e-10
507,-9.324421570353327e-09
508,-1.4887248421920693e-08
509,-2.884351854421205e-09
510,-6.621852961071174e-09
511,-1.7248199297333506e-09
512,6.41953278734131e-09
513,-1.1958686377807914e-08
514,1.1390905777906203e-08
515,-7.1689233322461405e-09
516,1.807311714119098e-09
517,-4.004297538868768e-09
518,8.230007859893707e-09
519,7.74587132585405e-10
520,5.898821632321781e-09
521,-7.80544459018886e-09
522,-1.5638011726259162e-09
523,-3.410914491842111e-09
524,4.2294246896440965e-09
525,-8.344216535086285e-09
526,4.379488146304162e-09
527,2.747739090146663e-10
528,-7.629840419909496e-09
529,-1.1193350765020422e-09
530,-2.247934405675744e-08
531,-4.844931542239453e-10
532,5.819873466903612e-10
533,-4.55666731710399e-09
534,-9.199207129194979e-09
535,1.735151545527054e-08
536,4.800393858069877e-09
537,2.1721244395873168e-08
538,-3.1227444580098964e-10
539,1.3773405029847496e-08
540,3.1104092780772095e-10
541,-1.6735873475941885e-08
542,1.112010021955842e-09
543,-7.248846645394233e-09
544,1.3106684457109487e-08
545,-2.454556922279426e-09
546,1.81136524166631e-09
547,-1.2039607583634918e-08
548,-4.402853650355253e-09
549,-7.675013649581297e-09
550,-4.516894179232005e-09
551,1.896509536003817e-09
552,-6.8561040417064485e-09
553,-3.5338785762942343e-09
554,-4.485425682951831e-09
555,-4.2569235494148956e-09
556,-8.672010393456134e-10
557,-2.8812521255976703e-09
558,2.3642088579077806e-10
559,-1.8430662053591021e-09
560,1.7029262095848731e-09
561,-2.0696458456716626e-09
562,6.633919086767123e-09
563,-2.845601269910549e-09
564,1.3916144035674013e-09
565,-2.5480253554164073e-09
566,-3.782283664091857e-09
567,-6.335276684916461e-09
568,4.4576298716570405e-09
569,-1.4643049737322388e-08
570,9.199153925263773e-10
571,-5.853452927542866e-09
572,6.940483930291442e-10
573,2.4377446455076442e-08
574,6.431536636115808e-09
575,1.4207009818738185e-09
576,-1.9761902608572543e-09
577,-2.3366054893567766e-08
578,-3.764166553063016e-09
579,2.0320863082279546e-09
580,-9.077234208268151e-09
581,1.3251754204619161e-08
582,1.841896727692903e-08
583,1.6684691049745028e-08
584,3.0372382989022834e-09
585,7.523410079244846e-09
586,-9.610066136761191e-09
587,7.017412771106345e-09
588,-1.2969297680086724e-08
589,7.3363323250712856e-09
590,-2.896854003794786e-09
591,-6.04113785316373e-09
592,8.91443717550475e-09
593,-2.290049213177214e-09
594,1.217856400666601e-09
595,-6.474076570986933e-09
596,-3.5994466676298805e-09
597,-3.2855161352661535e-09
598,-2.112639331853974e-09
599,-3.353293660176614e-09
600,-1.3065071124166663e-09
601,-4.0452887762947046e-09
602,1.5917649105132635e-09
603,3.904405137318708e-09
604,5.6295261052773404e-09
605,-3.7902775738462525e-09
606,-2.5974898293462644e-08
607,-2.9578321325393267e-09
608,8.853738870242544e-09
609,3.946770154233637e-09
610,-1.525914673798535e-09
611,1.5596779598820223e-09
612,8.828324702201884e-10
613,1.106900613038094e-08
614,1.264122135294797e-09
615,4.6617159308927535e-09
616,6.3920528775207164e-09
617,-3.0303464178829166e-09
618,-2.5200297582828994e-09
619,-5.855159553100792e-09
620,7.496470606549521e-09
621,8.690352023192017e-10
622,-7.542539083091132e-09
623,-1.1260441278434276e-09
624,8.225165571154472e-09
625,4.660257933149073e-09
626,-8.122700362886944e-09
627,2.1018547707999585e-08
628,-2.849642215112997e-10
629,-8.329465656234449e-09
630,-5.460950947378838e-09
631,-2.2682800748395906e-09
632,1.4542102849314955e-08
633,-6.4693208187397615e-09
634,-6.62790347144991e-09
635,-3.7951448265438e-09
636,-9.759575348362996e-10
637,7.2266175833195155e-09
638,3.985237953073318e-09
639,-1.7700009806507216e-09
640,-3.008932085087242e-09
641,-3.3528697020327146e-09
642,-1.4939767321494472e-09
643,-7.761977884597585e-10
644,-2.624391279118837e-09
645,-2.6953524748795523e-09
646,4.864004711094063e-09
647,1.214998822312336e-09
648,-8.53245447006236e-10
649,-5.226549221762639e-09
650,-6.435457703201816e-09
651,-1.4624551030741293e-09
652,4.121378316005906e-09
653,-3.244960704994995e-09
654,8.186765492675329e-10
655,8.150660297761013e-11
656,-2.3540117867603396e-08
657,-1.1275945782530702e-08
658,8.968267891152561e-09
659,-8.146522761686697e-09
660,-8.231034057148443e-09
661,1.2494923625744586e-08
662,-1.1447846072782368e-08
663,-3.5460286473075e-09
664,-7.002631885264692e-09
665,-8.687398656275698e-09
666,3.229625186998663e-10
667,-6.701320528051744e-09
668,5.645989258045568e-10
669,8.553800720696297e-09
670,2.3947224051486975e-08
671,-6.0575169992874355e-09
672,-2.801003996450877e-09
673,-8.753821651661527e-09
674,-1.809797086676621e-09
675,5.807842874623604e-09
676,9.161640481329869e-10
677,-5.405208113225322e-09
678,1.454615044876252e-09
679,-3.981326224629787e-09
680,-2.02398409894102e-09
681,5.488676683725763e-09
682,1.6724713192787988e-08
683,4.396740476825266e-10
684,1.9769441005971173e-09
685,1.5567639451122662e-10
686,-1.1396404397447584e-09
687,4.689371931553721e-09
688,-5.825734646159422e-09
689,3.0344224629052334e-09
690,8.65197396021702e-09
691,-2.301924598497359e-09
692,-2.2563351864533928e-09
693,1.7013266928501045e-09
694,1.6428591034762348e-09
695,1.970383362272061e-09
696,6.454799723710309e-09
697,7.162718746697157e-10
698,-1.389212429949572e-09
699,-5.267468033983106e-09
700,7.876550127391144e-11
701,-5.457721015419578e-09
702,2.4821402683936333e-08
703,3.7317532588704755e-09
704,-4.041256076260813e-09
705,6.234500538828294e-09
706,-9.804251843543658e-09
707,-1.6623616706119038e-08
708,3.2474627707354016e-09
709,3.603751998779576e-08
710,-2.093051427502739e-08
711,1.3719188081504972e-09
712,-9.715624931756343e-09
713,5.766440545023808e-09
714,-2.1448522772882293e-09
715,9.180694285069441e-09
716,3.87699088116457e-09
717,-2.491188022167884e-09
718,2.2522512802586904e-08
719,-4.513804581825125e-09
720,1.301575445425468e-08
721,-4.873413509032663e-09
722,5.340865505398825e-09
723,-3.247337160641725e-10
724,-5.307181076037179e-09
725,1.5273129544582283e-09
726,-2.1689261121387554e-09
727,-6.60249361354133e-09
728,-4.0587936558500816e-09
729,-6.4698374613937045e-09
730,7.772225941844529e-09
731,-2.3466446546499745e-08
732,-9.058039883039401e-09
733,-5.184977914839498e-10
734,-2.2204051500934237e-09
735,8.281217000938014e-10
736,5.184848883817759e-10
737,-2.868437166848234e-09
738,-6.64933664495928e-09
739,-3.034911033595237e-09
740,-1.5739233572062706e-09
741,4.323799031667528e-09
742,2.3461570151768174e-09
743,-7.047705372247796e-09
744,-4.74436752039465e-09
745,2.3092657753999785e-08
746,-7.582551235239598e-09
747,-4.111395278269934e-10
748,2.0093368802880245e-09
749,-1.979298949833798e-09
750,-1.6912017983884965e-08
751,4.717982374745096e-09
752,-3.783334403466579e-09
753,2.516301099040594e-08
754,-8.11125071306999e-09
755,-1.3431614669101515e-09
756,1.3946734087835423e-08
757,-2.2836994422551833e-09
758,-8.445731883235174e-09
759,-1.1463201362778946e-08
760,8.35607841428517e-09
761,1.0190817334362462e-08
762,1.2169593979756456e-08
763,-7.213327634064034e-09
764,-1.3550997433589187e-08
765,2.673393719769706e-09
766,7.196567851412916e-10
767,2.1670601809391797e-08
768,6.609714058144619e-10
769,-8.081662133820033e-09
770,-1.0214538573144342e-08
771,3.81279765376412e-09
772,1.512259979996654e-08
773,5.686209777169868e-10
774,1.1757715830280141e-09
775,-9.235494937135787e-09
776,3.091281612105199e-10
777,2.2195595572369097e-09
778,-4.623617828480599e-09
779,-5.0624333017625756e-09
780,-5.853348011626882e-09
781,-1.774663715763708e-09
782,-6.185474210694093e-09
783,-6.068969578611781e-09
784,-1.7169387057177527e-08
785,-6.900488868801817e-09
786,1.6449726104964496e-09
787,-1.4557053010031239e-09
788,1.8131439356287636e-10
789,8.540351001268483e-09
790,1.1131604379424894e-09
791,8.0300772543042e-09
792,-1.9525705408448276e-09
793,-1.989417083794548e-08
794,3.6417630178520897e-09
795,-9.950370716908997e-09
796,1.3027775192118005e-08
797,-5.5470418801011845e-09
798,-9.362853578370172e-09
799,-5.858130087760554e-10
800,-7.64470855741977e-09
801,-1.464836658669945e-09
802,6.622345559040869e-09
803,-4.8849361238020045e-09
804,-5.414390021480795e-09
805,-6.382871201824314e-09
806,2.3236783598706715e-08
807,1.2655523799203241e-08
808,-3.273641163349042e-09
809,1.1536282938877463e-09
810,-1.017530349181377e-09
811,1.056318061675197e-09
812,-5.476856469292303e-09
813,1.1334278018136034e-09
814,-5.220899509589695e-09
815,-1.2365496418390552e-09
816,1.6048912974438507e-08
817,-1.3737940768406662e-08
818,9.300593336170176e-09
819,2.2784991477480654e-09
820,6.273973844134412e-10
821,5.421655410724576e-10
822,-3.344219528601892e-09
823,-1.576270516142855e-08
824,-9.756050848469177e-09
825,-5.767569020171144e-09
826,-3.175577580412337e-09
827,-3.352951244350906e-09
828,-3.0638503854172405e-09
829,-1.2820549455613994e-09
830,8.50276269668472e-10
831,-4.158903634979417e-09
832,-2.784753778420075e-09
833,-7.486357504774205e-09
834,-1.0253736710742526e-08
835,-1.5953420525665663e-09
836,-1.1720377697682652e-09
837,-4.358403160870435e-09
838,1.2708246380821342e-08
839,-4.955482599758655e-09
840,-5.624842230997599e-09
841,1.2712114357343955e-08
842,2.632982888485726e-09
843,9.804221802990043e-10
844,-3.030123918490497e-09
845,-7.501699571152423e-10
846,-1.732241418667732e-09
847,-1.055758037776541e-08
848,-9.159925368086452e-09
849,-1.0074736907820124e-08
850,-2.3286611597965437e-08
851,1.8710677160924344e-09
852,6.904708024888717e-09
853,-3.6713803659380068e-09
854,-1.2196847779076033e-09
855,5.903740108013798e-09
856,-9.72956684481337e-11
857,-3.5500478884860718e-09
858,6.052034518131871e-10
859,-1.7774482812958035e-08
860,-2.3352758220620676e-09
861,-7.684019802856795e-09
862,7.943197315887534e-09
863,-8.222421207295939e-09
864,-6.5510179876377255e-09
865,-5.041566869113982e-10
866,-1.0062900172380832e-08
867,2.5445810959995273e-09
868,-2.05395549917254e-09
869,1.504529150833768e-08
870,-2.1731414434320102e-08
871,-1.5220440148502777e-08
872,-7.168110945689454e-09
873,-6.199511941482925e-09
874,1.0421047038317014e-11
875,-3.880585722081067e-09
876,-1.318470289865216e-09
877,7.357662007598544e-09
878,-5.080132367935743e-10
879,-4.356911078458983e-09
880,5.46545117816129e-09
881,-3.8999492974556526e-09
882,9.468888405936395e-09
883,1.0014727087343481e-08
884,-3.836168871429453e-09
885,-4.373599593742034e-09
886,8.668555363396299e-10
887,-7.84854058350251e-09
888,4.2915113451116755e-09
889,1.514345358392925e-08
890,1.4804270216924486e-08
891,-1.4186168486787015e-08
892,1.2926118572797152e-09
893,6.727896902551518e-10
894,9.047350534304527e-09
895,5.00065716493312e-10
896,-1.537400679833639e-09
897,3.1516687359292923e-09
898,2.2213853102594198e-08
899,3.0996362955258726e-09
900,1.0320243819494811e-08
901,-2.574555531924648e-10
902,1.6832226916455502e-09
903,-1.1842437884932111e-08
904,-2.668396441150975e-09
905,-8.052655152383022e-09
906,-1.2202926108005958e-09
907,-1.9325952438990424e-08
908,1.2453295903871403e-09
909,-2.3585682851253763e-09
910,-1.6713711341608277e-09
911,2.231133935214498e-09
912,-3.780529988831298e-09
913,-1.056105660175758e-08
914,-7.013965133738166e-10
915,9.80309821725643e-10
916,-2.92540482289991e-09
917,-4.433164079550879e-09
918,-4.570349111507999e-09
919,9.310972827431237e-10
920,-3.3063606103795446e-09
921,1.652420618925287e-08
922,-1.0942804133954493e-08
923,4.51335428067397e-09
924,-9.469370719951667e-09
925,6.554318867074288e-09
926,-2.226795297744045e-09
927,3.794958341598077e-09
928,1.1582867569281486e-08
929,-2.037938963629858e-09
930,6.7301464015834736e-09
931,-9.1229079616307e-09
932,4.006907454003221e-09
933,3.5788980866931555e-08
934,-1.4127082672974148e-08
935,-1.6543688368105944e-09
936,-3.858071450467136e-09
937,1.940644442081961e-08
938,1.040044545506625e-09
939,-1.3005279170016107e-08
940,7.743893477201993e-11
941,5.831299171362531e-10
942,-4.956095902028765e-09
943,7.467762705420147e-09
944,-9.82764437257163e-10
945,-7.93590763699908e-09
946,-3.5651421924321095e-09
947,-1.542712796199453e-09
948,-1.1283534469311326e-09
949,-4.19150845464855e-09
950,-5.481556937644238e-09
951,1.7872170968126042e-08
952,4.933974273424832e-09
953,-4.5382592783388105e-09
954,1.721454216251843e-08
955,-3.596475094478618e-09
956,1.8770161198448607e-08
957,1.7659035180174966e-08
958,5.97053197828534e-09
959,8.632288087784582e-09
960,7.832715942740634e-09
961,-1.8321763234614652e-09
962,3.284350517073901e-09
963,7.982310884081142e-10
964,-4.60229940089044e-09
965,-2.775570566071095e-09
966,-6.957112982817401e-09
967,-6.088718859293663e-09
968,8.943113079262229e-11
969,5.41813999486906e-10
970,-1.4588981668664557e-08
971,-1.3167420160799877e-08
972,4.604987781319076e-09
973,-8.088605432976591e-09
974,7.666391920372505e-09
975,2.7373734846390884e-09
976,-7.722615203464443e-09
977,-4.9412015750656884e-09
978,-7.552883294936608e-09
979,-4.620763227374249e-09
980,1.0713950042491212e-08
981,-8.429796425911436e-10
982,-7.443088186716303e-09
983,-4.155987948025081e-09
984,1.9939351849041072e-09
985,-1.0333632029768755e-08
986,-2.2410566044555842e-09
987,1.7832753919604838e-09
988,3.311678773742819e-09
989,-1.099684906415103e-09
990,-1.137729547573219e-08
991,2.0257087832351443e-10
992,-1.8700858417214445e-09
993,-5.468234887354827e-09
994,1.988609807193722e-10
995,-3.205026936781749e-09
996,-3.366360280150539e-09
997,-3.6972684067684743e-09
998,3.440825616323721e-09
999,2.6981215124471635e-11
1000,-2.678079271605993e-09
1001,4.987482791369609e-09
1002,-2.8573970513795256e-08
1003,-8.906915757250561e-09
1004,1.2625296397930889e-10
1005,-1.2516527021621486e-08
1006,7.379417431673975e-09
1007,-2.540102614842115e-09
1008,-5.390666830778805e-09
1009,-6.902216348739624e-10
1010,1.8662014398581384e-09
1011,1.4588344041659537e-08
1012,-9.685640255547109e-10
1013,5.79497748104161e-09
1014,-4.922319343957548e-09
1015,-8.105213244200579e-09
1016,2.902028060074474e-09
1017,-4.143733167110364e-09
1018,1.1844626315545286e-09
1019,-6.941660612498894e-09
1020,-8.349723747977862e-09
1021,-4.595799012357044e-09
1022,-1.4707463278603527e-09
1023,-5.958053723536256e-09
1024,-5.8463588151807e-09
1025,-7.46609428008508e-10
1026,-8.644672659077847e-09
1027,-6.969034639115146e-09
1028,-1.1049790587964442e-08
1029,-9.278967237922017e-09
1030,-9.840556763670465e-09
1031,-3.874817784200175e-09
1032,6.354857712750085e-09
1033,-7.282360526586425e-09
1034,-1.9365483410255563e-09
1035,9.81490200366988e-09
1036,5.679183627246507e-09
1037,-7.722961697367226e-09
1038,-1.1919223192402277e-09
1039,-9.148771413351182e-10
1040,-2.6350922758978398e-09
1041,1.1745253485629085e-08
1042,4.377166845075861e-09
1043,8.477149620817365e-09
1044,1.242698837106e-08
1045,-9.315924512418333e-09
1046,3.476441518490512e-08
1047,-9.047319598934045e-09
1048,-3.290881477759684e-09
1049,-1.3845476271424907e-08
1050,1.2074246170727658e-08
1051,1.5111454111458248e-09
1052,-9.784587464937859e-09
1053,2.2520461145740595e-09
1054,-9.238188657287634e-09
1055,-1.548118526166364e-09
1056,-3.865040880123149e-09
1057,1.2823178110207365e-08
1058,1.115866495477344e-09
1059,-1.39840507286064e-08
1060,-5.78194939358044e-09
1061,4.992395536942429e-09
1062,8.033437492187787e-09
1063,-1.4188928463413634e-08
1064,1.5745390938623564e-09
1065,1.0850194605266289e-08
1066,1.4411036721240475e-09
1067,4.532899382030342e-09
1068,2.216178941779593e-09
1069,1.0032355003849845e-10
1070,7.916229560122741e-09
1071,1.5428742205920075e-08
1072,-5.57468499732446e-11
1073,-1.5829323866833868e-09
1074,-1.4266323746833387e-10
1075,-2.0910921030654505e-08
1076,7.278263352144206e-09
1077,-2.9327443500415506e-09
1078,-1.5336927381160062e-08
1079,-6.386871926757841e-09
1080,7.487765112507181e-10
1081,-1.0195791518556954e-08
1082,7.959810904228085e-09
1083,-2.504248234176936e-10
1084,2.110883841037448e-09
1085,-1.9626326298779435e-09
1086,-1.1561485675393426e-08
1087,-1.1903291549582944e-09
1088,1.7025578149808352e-08
1089,-2.482790673055672e-09
1090,3.9973765085391826e-09
1091,3.834536824789447e-09
1092,-3.0516999899418784e-09
1093,8.785608304942135e-09
1094,-8.302233940847549e-09
1095,5.3214171506900555e-09
1096,-8.936209710475583e-09
1097,7.411510309166864e-09
1098,-4.215100856669766e-09
1099,2.1516135046659183e-09
1100,-2.0346068971433563e-09
1101,-3.3579739090756616e-09
1102,1.178161167094286e-09
1103,-2.8907966639343005e-09
1104,3.02992085352469e-08
1105,-2.2782482006470566e-09
1106,-2.187692029754742e-09
1107,-8.270517435162826e-09
1108,-3.023171731690248e-09
1109,-2.8962511921271296e-09
1110,1.2264449857630066e-10
1111,1.8382853536959185e-08
1112,-2.8471332630278697e-09
1113,-3.443752346179389e-10
1114,-6.446607420111714e-09
1115,-1.675707507309574e-09
1116,-1.2051761617057916e-09
1117,-1.0053111181204876e-08
1118,-7.393018278432391e-09
1119,2.990002843050471e-09
1120,-4.997248241487318e-09
1121,1.0993835206650394e-08
1122,-2.8142220853920066e-09
1123,-6.184340117504933e-09
1124,-3.230515211230502e-09
1125,-5.711709802710712e-09
1126,1.7886309542230318e-10
1127,6.765044925751093e-09
1128,6.365603289360598e-10
1129,4.822536232806331e-10
1130,-8.328398191734738e-09
1131,-1.1849723517203833e-09
1132,-3.867992266193698e-09
1133,1.1801141616416173e-08
1134,4.901488542442866e-09
1135,-5.0281411954003025e-09
1136,-8.494475679619425e-09
1137,2.3466187041665216e-08
1138,-1.0812013663039847e-08
1139,-1.6827479519750464e-08
1140,1.1537389691349725e-09
1141,-6.273131798558279e-09
1142,-4.890210086073798e-09
1143,7.181784190994747e-09
1144,1.4122611467234093e-08
1145,8.429573626426134e-09
1146,1.5275090786607756e-08
1147,2.3660984424255534e-08
1148,-7.928632724526477e-09
1149,-3.75346256673024e-10
1150,-5.261477484731519e-09
1151,-7.019582316015245e-09
1152,-6.8631269360863125e-09
1153,-1.7041490649659748e-10
1154,1.1410863028206142e-09
1155,-2.149766173191079e-09
1156,1.1203693134967128e-09
1157,4.914301773663462e-09
1158,8.784382172044621e-10
1159,-1.3424758135722943e-08
1160,8.411217513881905e-09
1161,4.160003957759678e-10
1162,8.665040615533428e-10
1163,-8.37769286192287e-09
1164,-1.1487997904259083e-08
1165,-1.4177598972886832e-08
1166,-5.3207755880156226e-09
1167,-1.2440325973164957e-09
1168,2.0815744415796622e-08
1169,1.5387389052534365e-08
1170,-1.200331552930976e-09
1171,-2.3348382394800895e-09
1172,-1.4142674462091631e-09
1173,-3.180772050994333e-09
1174,1.0549859716653747e-08
1175,7.939420614821066e-10
1176,3.7865889734701844e-10
1177,3.7766869188145147e-08
1178,3.084470801767552e-10
1179,9.628201731053752e-09
1180,6.1446918043956535e-09
1181,-7.486927407573234e-10
1182,8.50127906678467e-09
1183,-1.0041197492975475e-08
1184,-2.5411319748649046e-09
1185,-1.4861011090707137e-09
1186,-5.637371005317227e-10
1187,-3.956401910865211e-09
1188,-1.7348457486285553e-08
1189,-2.8348161287689392e-09
1190,-1.0522451981023543e-09
1191,-1.4465473268331635e-09
1192,3.6886786145205544e-09
1193,-1.5592897521601067e-09
1194,-1.8422876266126758e-09
1195,-7.958427186163955e-09
1196,-1.5228626098370736e-09
1197,-1.1293084186091459e-08
1198,5.163046524905147e-09
1199,6.208987036933971e-09
1200,4.3915762453871284e-10
1201,2.286743568572794e-09
1202,1.9371711955225257e-09
1203,-5.723925147538961e-09
1204,-1.048071371066168e-08
1205,4.4357335470114025e-09
1206,1.7287709920277493e-08
1207,-1.8810930040105144e-09
1208,9.823815436531957e-09
1209,7.57904147344379e-09
1210,-1.0079825667268312e-09
1211,-1.4678786566038121e-08
1212,1.1066336346009156e-09
1213,-2.375705655251373e-09
1214,4.616061663200602e-09
1215,-2.164842667232719e-08
1216,-1.8343374280627385e-09
1217,-4.492446314653746e-09
1218,-8.987180928407441e-10
1219,1.6257595113665607e-08
1220,7.755734755310854e-10
1221,1.2592005298506832e-10
1222,3.907764977161228e-10
1223,-4.004362033385673e-09
1224,-3.028436161640316e-09
1225,2.0782863417959726e-09
1226,-1.5958364827117993e-09
1227,9.886810545985682e-10
1228,-2.7345219786363542e-09
1229,5.788313405358363e-09
1230,4.4196991789075455e-09
1231,-1.044587151500183e-09
1232,-9.355298160213346e-09
1233,6.553649031947872e-09
1234,-4.275692875567546e-09
1235,-1.2231662820057161e-08
1236,-4.160260660773283e-10
1237,2.5896216705017733e-09
1238,-2.217129363923309e-09
1239,-5.070564481432082e-09
1240,-2.2098577744606503e-09
1241,1.2090625118231021e-09
1242,2.1819004363519664e-09
1243,1.037548717449137e-08
1244,3.0365755586625783e-09
1245,-1.0703620131974298e-08
1246,-7.054688580632078e-10
1247,-8.592542484960417e-10
1248,8.751540231565143e-09
1249,-4.2241987767729446e-09
1250,1.4913601314952935e-08
1251,1.4266278803540558e-08
1252,-3.2287249626994123e-09
1253,2.216825335029468e-09
1254,-9.47877762428595e-11
1255,-1.875737461786951e-09
1256,2.7766442944223788e-09
1257,1.7898542919920902e-09
1258,3.973416050502167e-09
1259,-8.33996030080607e-09
1260,-8.532495955714169e-09
1261,7.310472869515388e-11
1262,-6.396118660847282e-10
1263,-3.4232251597236554e-09
1264,5.57508322708332e-10
1265,9.12260923269296e-10
1266,6.706605080653023e-09
1267,-5.259353264910094e-09
1268,-1.8750932163021307e-09
1269,2.128915518717736e-09
1270,2.87798418978824e-09
1271,2.7192818448706025e-09
1272,5.3947391074150745e-09
1273,2.0529228500651426e-09
1274,2.6751447171820093e-09
1275,-6.47629488951746e-09
1276,1.0162524642745239e-08
1277,-2.1839452072561365e-09
1278,-4.227096593969276e-09
1279,-1.4081277663604714e-09
1280,-5.361826506599946e-09
1281,-1.2956371207950982e-08
1282,-1.7978597403281365e-08
1283,1.7106940030236213e-09
1284,-2.5757172325245595e-09
1285,7.242925850304873e-09
1286,-2.1725410942148046e-09
1287,-4.792780942176211e-09
1288,-5.1657480027180126e-09
1289,1.5682464494212375e-08
1290,-1.3564086413692598e-09
1291,-1.7580692680481418e-09
1292,7.959408421788273e-10
1293,-6.354194351083542e-10
1294,-3.8849603594465626e-09
1295,-2.2893160184106777e-08
1296,-9.89998540383177e-09
1297,2.5037493300467815e-08
1298,-6.518941347367945e-09
1299,-1.6595120876416384e-09
1300,-5.883691780534362e-10
1301,-6.593311651516668e-09
1302,-1.772233241424956e-09
1303,6.232333181082566e-10
1304,2.0900763067767412e-09
1305,-1.4483760572151945e-08
1306,1.6948145554765933e-09
1307,-4.9694170120589395e-09
1308,1.1707222087505827e-08
1309,8.630348688400228e-09
1310,4.503594214720257e-09
1311,-3.976459107473144e-09
1312,-3.215555656928437e-09
1313,-3.6221237890463685e-08
1314,-1.1797127568454156e-08
1315,-1.264202122455815e-08
1316,-4.387354091473118e-09
1317,1.5050565129630345e-09
1318,3.579534066631878e-09
1319,-8.854760682766842e-09
1320,-1.4611223746730425e-08
1321,-1.637362944690357e-09
1322,-1.0577991604588605e-08
1323,2.5871439334667282e-08
1324,3.7212688825192256e-10
1325,8.482616058694447e-09
1326,-8.035025544100511e-09
1327,4.2795895165019794e-10
1328,5.362287181259715e-10
1329,-7.845540364434515e-09
1330,9.013274416505027e-09
1331,4.19072367824835e-09
1332,-2.4012765170743503e-09
1333,-6.724279899136186e-10
1334,-7.3320235148769285e-09
1335,-2.713671349907194e-09
1336,-1.2159446779901635e-09
1337,-2.575896597763592e-09
1338,1.9826978375120666e-08
1339,-2.8909058666396494e-09
1340,1.866523673406781e-09
1341,1.788508445474635e-08
1342,-9.886476931125369e-10
1343,-4.07166288669593e-09
1344,7.714862395282254e-09
1345,1.0187394871321137e-09
1346,-1.0496777351419868e-09
1347,2.688475130048278e-09
1348,-3.046311901463686e-08
1349,-3.9573814166788305e-10
1350,-3.2929369052379544e-09
1351,2.6075263600474606e-09
1352,8.589132070162173e-09
1353,-1.8313587137892282e-09
1354,-1.0942757516446463e-08
1355,-2.832415303635224e-09
1356,-2.202820254800746e-09
1357,2.7209851034564435e-09
1358,-3.1558505051637285e-09
1359,-2.329339153720365e-09
1360,-3.150126147769292e-09
1361,1.2156962115359418e-09
1362,1.2893915957209876e-09
1363,-5.687030586419439e-10
1364,-2.2521930510057313e-09
1365,-1.4964379892080898e-08
1366,1.3864882191337407e-09
1367,2.5305259275099202e-11
1368,-2.990759778089367e-09
1369,2.4525404501606604e-08
1370,3.6213578837577856e-09
1371,-2.2989304811735874e-09
1372,-1.1314722723442557e-08
1373,1.1502934203838799e-08
1374,-9.02763444516114e-09
1375,-2.974428464631106e-09
1376,3.978781958992219e-09
1377,5.65260910896545e-10
1378,5.560804846195138e-09
1379,-9.621136013180264e-09
1380,-1.6031912361777509e-09
1381,3.0477837068215943e-09
1382,-7.964117626261881e-09
1383,3.3714615040705698e-09
1384,-2.686908082371155e-10
1385,-2.189552431878648e-08
1386,-9.081531374445249e-09
1387,5.6747451953456576e-09
1388,-3.844988389456521e-09
1389,-7.77597073134288e-10
1390,-6.705780819245298e-09
1391,5.11793091201878e-09
1392,-2.9434417486842068e-09
1393,6.7063136810589666e-09
1394,4.546191500201235e-09
1395,-9.484907106212262e-10
1396,-1.9761979179664786e-08
1397,-5.018770297602733e-10
1398,-2.302465001100974e-09
1399,1.1043359884096002e-08
1400,2.639392070043606e-09
1401,4.110637409468076e-09
1402,2.3384978156014675e-09
1403,-7.2571771688905795e-09
1404,4.350328446185525e-09
1405,-5.83421894360667e-10
1406,7.861286196917158e-09
1407,9.411993307914353e-09
1408,1.4784619027829235e-09
1409,-4.432556963014168e-09
1410,-2.233632489870988e-09
1411,-6.826364871944432e-10
1412,1.3873846386750802e-09
1413,1.6456620299052074e-08
1414,-4.514169471800173e-09
1415,-7.044920973394364e-09
1416,2.3680244475473375e-09
1417,-4.093587694833285e-09
1418,-1.0122139043182662e-08
1419,-1.0201231580002446e-08
1420,1.4687734531399361e-08
1421,-5.078781996555965e-09
1422,1.6208673739109133e-09
1423,4.7530331799525535e-09
1424,-1.5592644923944474e-09
1425,-8.104205646856558e-09
1426,4.714924638384285e-09
1427,3.449371473561233e-09
1428,2.795575326817912e-09
1429,1.525169935692213e-10
1430,3.7700339343258845e-09
1431,1.1655821960732676e-08
1432,4.399220347251038e-09
1433,4.445526290858673e-10
1434,6.982090272889764e-09
1435,1.6420762890486629e-09
1436,-2.9222382096936894e-09
1437,-3.934511063350981e-09
1438,5.2545330061631356e-09
1439,-2.0947472042439514e-08
1440,4.236041621565224e-09
1441,8.261412825458326e-09
1442,-6.606682485104934e-09
1443,-3.3701263406883446e-09
1444,-7.595044105463282e-09
1445,-2.7898847768159284e-09
1446,1.4518819164499265e-09
1447,4.18829534290555e-08
1448,-1.7739391170424068e-08
1449,6.052524600905869e-09
1450,-7.172408076117291e-09
1451,-6.36735715944655e-09
1452,6.561969322216663e-09
1453,1.8292244375955563e-09
1454,-3.018464177697257e-08
1455,-2.622235404674745e-09
1456,-9.997157910626238e-09
1457,-1.2035128137685036e-08
1458,-1.0401556320014672e-08
1459,-3.5764545345990147e-09
1460,-9.166639431332876e-09
1461,3.130716756266558e-09
1462,-3.063518845748179e-09
1463,2.2308626677155786e-09
1464,2.405790315508912e-09
1465,-1.2006805206973803e-09
1466,1.026389494219211e-08
1467,1.4279114126406887e-09
1468,-6.838802270092141e-09
1469,-1.7068169827044042e-09
1470,-7.3893031507774214e-09
1471,3.1036544197148826e-08
1472,7.382182232106008e-09
1473,1.7323937899422183e-08
1474,3.6456071967043864e-09
1475,-3.6741084649186707e-09
1476,-4.528493081904936e-09
1477,6.102412676054005e-10
1478,2.0994157304709313e-09
1479,-6.545767350723593e-10
1480,-3.2175007888217955e-09
1481,2.3344750341018753e-09
1482,3.3160578999190463e-09
1483,2.715968694342481e-09
1484,-1.3461052509265835e-08
1485,2.963163907814084e-09
1486,-2.978462227302693e-09
1487,2.3860970291017864e-08
1488,-5.540174293786609e-09
1489,-5.223196212909776e-09
1490,-4.212779903174612e-09
1491,-1.1860708087913818e-08
1492,3.5642674034321863e-09
1493,3.5205495213940476e-09
1494,-2.219068435457143e-09
1495,-8.152574635998667e-09
1496,-1.2205589583793916e-09
1497,-1.5091012562968554e-10
1498,-2.8366482266907154e-09
1499,-4.082224595681552e-09
1500,-2.718021915719467e-09
1501,7.220343109096581e-09
1502,9.69137568661789e-09
1503,-4.252876533124061e-09
1504,-1.092697400057142e-08
1505,-3.10209743736214e-09
1506,-1.4372622996294913e-09
1507,-2.2356674657744427e-09
1508,-6.962213742201596e-09
1509,-3.184029552743908e-09
1510,8.618741647904233e-10
1511,6.42176531118227e-10
1512,6.837465942891137e-09
1513,-7.0700904214404574e-09
1514,3.109358365535855e-10
1515,7.554662732082541e-09
1516,9.399574401090558e-10
1517,-1.9315059339440827e-09
1518,6.883697703643394e-10
1519,-5.886444222159809e-10
1520,8.016250148200811e-10
1521,-1.7599111953541467e-09
1522,-2.3679460513904772e-09
1523,-6.771678594989255e-09
1524,2.1120360805286027e-10
1525,-3.1033509899369177e-09
1526,-1.7508734103960916e-09
1527,3.434353928738574e-10
1528,-8.023089512326275e-09
1529,-8.14749710247911e-09
1530,2.0135888655672764e-09
1531,-1.909142169703702e-10
1532,-3.7498754084354635e-10
1533,-3.7262249757482576e-09
1534,-3.187523853692069e-09
1535,1.896944862459297e-08
1536,-1.1371348219667375e-09
1537,-1.5440569251494103e-09
1538,1.75298996057237e-09
1539,1.0086705859081453e-08
1540,2.4555842781114598e-09
1541,-7.850127387043445e-09
1542,-1.7986570470271414e-09
1543,2.9609311189865033e-08
1544,1.3644803519360949e-08
1545,-5.220413337654784e-09
1546,-1.0734756117332233e-08
1547,-3.5743366476088074e-09
1548,-2.0841810568762604e-08
1549,-5.294760679754161e-09
1550,1.2517797535226653e-08
1551,-3.7324352317327424e-09
1552,5.372610812932433e-09
1553,-1.8638871970710455e-10
1554,-1.0740137283098923e-08
1555,5.668305951458944e-09
1556,2.801550043189394e-09
1557,-2.1490568671436683e-08
1558,-2.587677522866856e-09
1559,-3.910065537047834e-09
1560,2.8146688348465464e-08
1561,-1.1109819501502359e-08
1562,-1.0402411987021198e-09
1563,8.77804118475117e-09
1564,6.10945009543077e-09
1565,-6.489338625800601e-09
1566,1.0230913221655896e-08
1567,4.246540477790486e-09
1568,1.890907909371584e-09
1569,-4.181901232011206e-10
1570,-1.0277493355287455e-08
1571,-2.7139658506528885e-09
1572,-9.16108616515508e-10
1573,-4.882949163782395e-10
1574,-2.8374016851745145e-09
1575,-3.2621392017768173e-09
1576,2.544545591266684e-09
1577,-2.992303929486325e-09
1578,-2.1387218142678006e-09
1579,-1.1869687060677152e-09
1580,1.5013208606006862e-10
1581,8.646928231049566e-09
1582,-3.6262259223261827e-09
1583,5.163600630620545e-09
1584,5.641393878490067e-09
1585,9.850396228648376e-09
1586,1.9356723815327136e-09
1587,-3.0437990343989504e-09
1588,3.5446811911707053e-10
1589,-2.3876477315313307e-09
1590,2.4270768914363953e-09
1591,-5.484106359211448e-12
1592,3.595108107778115e-09
1593,-3.3107513927389776e-09
1594,-3.5088407954021293e-09
1595,-7.160763280133135e-09
1596,4.396714136553482e-10
1597,-1.8898712373609617e-09
1598,1.3744635002105242e-10
1599,-1.7662262133990502e-09
1600,3.7161723091116413e-09
1601,-1.95609026425853e-10
1602,8.60223104229941e-09
1603,-8.329728377494682e-09
1604,-1.685102654408454e-09
1605,6.613844215768076e-10
1606,7.546025309264411e-09
1607,1.3352725592356877e-08
1608,1.2910126781639029e-08
1609,8.484142145686326e-09
1610,-4.731645372030097e-09
1611,1.122575491529867e-09
1612,6.163469828364652e-09
1613,-2.5704232673007634e-09
1614,-2.4413524333760846e-09
1615,8.575228673015236e-10
1616,2.210640094545782e-09
1617,-3.1511021167202336e-10
1618,-2.4154284388678105e-09
1619,6.607413741676023e-11
1620,2.4314517569873188e-09
1621,-5.238807503308558e-09
1622,-6.509271343352369e-09
1623,-2.252230471488156e-09
1624,2.9168067627960086e-09
1625,-2.6503076597513425e-09
1626,-1.6903290989615715e-09
1627,4.4263156156973005e-09
1628,-1.3928925999806868e-08
1629,-9.457792859905574e-09
1630,-1.363679502343608e-09
1631,-1.4598254229255494e-09
1632,1.627318679586492e-08
1633,5.923971100761541e-09
1634,1.0296125214962546e-08
1635,-6.133365173140584e-10
1636,-1.1884951902220265e-09
1637,-7.500211845228178e-10
1638,8.350417010531856e-09
1639,1.9690068529243207e-08
1640,-2.7015698749447648e-09
1641,-1.3055595416163268e-10
1642,3.520508445125794e-09
1643,8.619915428062638e-09
1644,1.6898882798244769e-09
1645,8.409614346444908e-10
1646,-1.0308721427041661e-08
1647,1.5793240468267942e-08
1648,8.513128310404917e-09
1649,9.060942801140299e-10
1650,-2.590390901610385e-09
1651,9.632454847574908e-09
1652,-4.6290213763691306e-10
1653,5.647026928615466e-09
1654,-2.787678529910756e-10
1655,1.6374928427199946e-09
1656,-7.980465761048946e-09
1657,-1.4367460586956113e-10
1658,-5.012761440387862e-09
1659,5.806313572752085e-09
1660,-7.072403298644583e-10
1661,1.3158322388252458e-09
1662,-8.639767274150887e-09
1663,4.8332006888714334e-09
1664,-8.767982161207362e-09
1665,-5.066343181501934e-09
1666,-2.0285405558744228e-08
1667,2.643654918627503e-11
1668,-1.2712717359915849e-08
1669,-2.0232913618189704e-09
1670,-2.1148319803935075e-08
1671,7.157862040364864e-10
1672,-6.184168938792293e-09
1673,-5.273000164702033e-09
1674,2.810602972590464e-10
1675,-8.332007217252832e-10
1676,-8.755944200775094e-10
1677,7.4500592716893486e-09
1678,1.5762575289301288e-08
1679,4.676695699297623e-10
1680,2.638604548918479e-09
1681,-1.360053283270507e-09
1682,-3.898214613473863e-09
1683,1.7740024165098427e-08
1684,-1.901676283796343e-08
1685,4.010853817555962e-09
1686,5.901154487095108e-10
1687,2.664592166411729e-09
1688,5.349365435171802e-09
1689,1.0412925667924534e-09
1690,-1.731026295750423e-09
1691,-3.1443616955936066e-09
1692,6.8504049542753965e-09
1693,-1.0158207666008111e-09
1694,-1.0936468939672335e-08
1695,-8.115885321098078e-09
1696,4.0983749141901925e-09
1697,-1.2767787972513888e-08
1698,1.6500184544702188e-09
1699,2.4314586912351824e-08
1700,-3.824893683746206e-09
1701,6.90022166330537e-09
1702,-1.569041231500219e-09
1703,-6.2313923454962e-09
1704,-2.6190797870504784e-08
1705,-1.906141117058131e-09
1706,5.173983309286429e-09
1707,7.845600346965138e-09
1708,-1.4106887018016391e-08
1709,1.55543730220363e-08
1710,2.5689536680806237e-09
1711,5.962456124862457e-09
1712,-1.0539902169740607e-08
1713,-3.242167087844977e-09
1714,-1.892383760936171e-09
1715,-1.8786980835088438e-09
1716,-3.2822973717602075e-09
1717,1.3631260762473909e-09
1718,-8.096393397593067e-10
1719,-7.570484666026588e-10
1720,-6.0162528120580734e-09
1721,-8.997753511934051e-10
1722,6.295175691971688e-09
1723,2.097327017869863e-09
1724,-8.042166203601698e-09
1725,1.186984597734434e-08
1726,-2.2041733488689807e-09
1727,-1.5695607458794212e-08
1728,-1.6233334919072035e-09
1729,1.5020370609891516e-08
1730,2.9117449377868706e-10
1731,-1.3024930882971645e-08
1732,-6.193135976524115e-09
1733,1.7135561422431879e-09
1734,-5.110915839865989e-09
1735,-4.5638336266839055e-09
1736,-5.163329136678702e-09
1737,1.295743827749695e-09
1738,-7.3475562820475055e-09
1739,-1.7556555122754963e-08
1740,6.736912692698576e-10
1741,2.683823373512801e-09
1742,-1.7700740298926258e-09
1743,-3.8228771366218395e-09
1744,-7.077052539786874e-10
1745,9.932412154332697e-10
1746,-1.9017273191769663e-09
1747,-1.4783604935419478e-09
1748,1.3969449871304253e-09
1749,-7.038685036347697e-10
1750,1.4806447789025298e-09
1751,1.800840430025437e-08
1752,-6.221796213892653e-09
1753,4.47497105165618e-10
1754,1.823204674296407e-08
1755,-4.062713375648396e-09
1756,4.6266295390558455e-09
1757,5.121326750611802e-09
1758,5.1634959848825635e-11
1759,-3.899121302774195e-09
1760,-4.110627477348238e-09
1761,4.667717225151641e-09
1762,-1.5433908589827024e-09
1763,-3.363219016434981e-09
1764,-4.924502898238933e-10
1765,-6.337328629018478e-09
1766,-1.4358295120939822e-09
1767,-7.384949812645871e-09
1768,9.010709879886103e-09
1769,-1.5092712538270736e-08
1770,-3.4118964933914286e-09
1771,-5.145300774340747e-09
1772,-1.4557349490176161e-09
1773,1.23076193375527e-09
1774,3.0414927689974826e-08
1775,8.05826291631424e-09
1776,3.2622348205679403e-09
1777,1.9811162378694752e-09
1778,-9.125815202959213e-09
1779,-1.548983210469032e-08
1780,6.192441163269938e-09
1781,-9.017379389306529e-09
1782,-2.4091772999822224e-09
1783,-5.300215560366204e-09
1784,2.5268543786748776e-09
1785,3.774274696782861e-09
1786,4.716155906922267e-09
1787,6.076009087577137e-09
1788,-4.2686587191856565e-09
1789,-4.926748914910979e-10
1790,7.782949151024086e-09
1791,-3.0894741190160375e-09
1792,-1.7167106585348206e-09
1793,-2.619397122924496e-09
1794,9.769181549828667e-09
1795,8.797919789360546e-09
1796,8.118795163399427e-09
1797,-9.617616451441162e-09
1798,9.09255755078926e-09
1799,1.1630247398989132e-08
1800,1.4087506021113634e-08
1801,2.137850098420198e-09
1802,-1.8558399105333204e-08
1803,1.4617780042449397e-08
1804,-1.176652443139622e-09
1805,-7.896762483252319e-09
1806,4.775008632629458e-10
1807,-3.375360797149312e-10
1808,-3.446470068256385e-09
1809,1.8918600830505326e-09
1810,5.283745444598698e-09
1811,-1.4711469310341319e-08
1812,-7.080376191250924e-09
1813,-9.795170817267704e-09
1814,-1.249971512339955e-09
1815,6.207311346536836e-09
1816,1.7189318232393542e-08
1817,-4.510302350144937e-09
1818,2.4339773683564074e-09
1819,-1.166263485081301e-08
1820,-5.0490314121807485e-09
1821,-4.109689381175032e-09
1822,-6.073651063191093e-09
1823,-3.716291603647772e-10
1824,-4.450800910790766e-10
1825,-4.468940034396457e-11
1826,1.0464348778645661e-09
1827,-5.4710322366380215e-09
1828,-6.827664229447868e-09
1829,-9.878355304033816e-11
1830,3.1575467222646063e-09
1831,-8.296576107428383e-09
1832,-2.60984053454524e-09
1833,6.226474786138757e-09
1834,2.212063589369064e-09
1835,-3.1780190017170572e-09
1836,-5.150437199466022e-09
1837,2.022637785913138e-08
1838,5.714676864511149e-11
1839,1.6000829511746543e-08
1840,-7.935705113708498e-10
1841,-2.259420335462623e-09
1842,-5.02130279383578e-09
1843,-1.8162028294411907e-09
1844,-5.148386834235011e-09
1845,-1.9038476793019593e-08
1846,-5.584100659543385e-10
1847,-4.230751007483617e-11
1848,8.465156593149458e-09
1849,2.7162597825780595e-09
1850,1.919689249179236e-09
1851,4.405697032882171e-09
1852,8.078583813567938e-09
1853,-3.157547543867268e-08
1854,3.3662724891225834e-09
1855,-9.575898266899132e-09
1856,-2.0377779451686524e-09
1857,1.5240256422740078e-09
1858,-8.326806280539503e-09
1859,1.4137870178727375e-08
1860,-6.119700300941657e-10
1861,1.2242314251672628e-09
1862,-1.296522208162805e-08
1863,-8.608144864697369e-09
1864,1.3069840626966124e-09
1865,6.548982905254246e-10
1866,-6.071506785262855e-09
1867,-6.492630691173795e-09
1868,2.744887724419111e-09
1869,-5.274402976733755e-09
1870,-2.0716680908857877e-09
1871,-9.880084586867155e-09
1872,-7.849385859384526e-09
1873,-3.6901193312559015e-09
1874,-1.1905902643387502e-08
1875,-2.7057526877209e-09
1876,4.5626131965935114e-09
1877,4.457028416927012e-09
1878,-8.053392365864521e-09
1879,-1.3049816171525611e-08
1880,-9.15554213612165e-09
1881,4.796322869935831e-09
1882,-8.771329804951991e-10
1883,-3.7109631664986905e-09
1884,4.496691541090918e-09
1885,1.254262192177127e-08
1886,-7.666929089713867e-10
1887,-4.951629168381727e-09
1888,1.3928875826125555e-08
1889,-5.314941543939734e-10
1890,-1.0900379845339843e-08
1891,-1.379102422567147e-08
1892,-1.135874854744395e-09
1893,-4.4829107177013127e-10
1894,-6.932907066498389e-09
1895,-2.3847003166998554e-09
1896,-3.413750954650161e-09
1897,1.5986321471268694e-09
1898,9.220301257835617e-10
1899,1.1005798492177492e-09
1900,-8.429282788901003e-09
1901,-7.038161117849969e-09
1902,-9.481291179434638e-09
1903,-5.272124032382748e-09
1904,5.397587154817351e-10
1905,-1.249223228053146e-08
1906,-1.937304355806915e-09
1907,1.3017842907955173e-09
1908,5.858384717961507e-10
1909,6.201926420757e-10
1910,-5.849578517297949e-09
1911,-2.442380224669496e-09
1912,1.11093167992576e-09
1913,5.242851191791028e-09
1914,-6.981888493875341e-09
1915,8.520133827138334e-10
1916,5.8531643516189395e-09
1917,1.0448229247718535e-09
1918,5.502590481589925e-09
1919,-1.4039065959440263e-09
1920,-1.9226055661294757e-09
1921,1.3236239177077102e-09
1922,1.490241096011185e-11
1923,-4.842070566406856e-09
1924,3.0441280025833807e-10
1925,8.281470757453569e-10
1926,-1.8870363904889837e-09
1927,-1.3588118131416441e-10
1928,2.547907256684439e-09
1929,-2.516164588854557e-09
1930,-1.7588854722370105e-08
1931,-4.5577066107732095e-09
1932,-2.481704566189687e-10
1933,-5.538595591927148e-11
1934,-1.4498679727920762e-08
1935,-4.06670002220745e-09
1936,-1.0494317610900765e-08
1937,-3.751693293782496e-09
1938,-2.9788380651176693e-09
1939,-3.751959996973425e-09
1940,5.4557417723015004e-09
1941,3.556404523224663e-11
1942,2.5220757886401983e-09
1943,1.3710185387917718e-09
1944,2.05022833560033e-09
1945,-4.397452916923634e-09
1946,5.0616457751642815e-09
1947,-1.6024568097385453e-08
1948,-7.81026446318795e-09
1949,3.942352453860406e-10
1950,2.541692037655203e-09
1951,-3.4178253777973757e-09
1952,5.140003079654098e-09
1953,-9.540906834783113e-09
1954,9.242601410774104e-09
1955,-3.766770506189255e-09
1956,9.219090417488777e-09
1957,-7.62334577941206e-09
1958,-2.706200972880704e-09
1959,8.363059657903655e-09
1960,-1.207783134725064e-09
1961,-2.44554138315037e-09
1962,6.13797058621915e-09
1963,-6.6856862721478e-09
1964,1.4600211020187252e-09
1965,1.4650195617230167e-08
1966,9.716434898596738e-09
1967,1.0547433214042983e-08
1968,3.910014008620889e-10
1969,-6.98808660078921e-09
1970,-3.754151121992659e-09
1971,-3.629203911222103e-09
1972,-1.5737058336474725e-09
1973,-3.0590425398386294e-09
1974,5.597420466536012e-09
1975,-5.082802006287046e-09
1976,2.284000416717254e-09
1977,-2.113082050938813e-09
1978,1.4694370574991881e-10
1979,-1.4271653156625072e-10
1980,-1.7918179637237464e-09
1981,-4.038111790551104e-09
1982,8.964669269140874e-09
1983,2.4666216972619735e-09
1984,5.573816593837591e-10
1985,-3.0481057944191167e-09
1986,1.3055937545447893e-08
1987,4.050202232456901e-09
1988,-3.213800905413791e-09
1989,-3.3320583076599585e-08
1990,-8.519243542563526e-09
1991,-9.889358938932325e-09
1992,1.1186028981272043e-09
1993,-4.818550901891245e-09
1994,2.544771794681938e-09
1995,-6.951393819435153e-09
1996,-6.217763300203627e-09
1997,1.0036952835053232e-08
1998,-1.3926923671557842e-09
1999,-6.266630366370147e-09
2000,1.7476306268478506e-09
2001,1.4068196584721458e-09
2002,-9.28056512967035e-11
2003,2.283342099965603e-09
2004,-9.983915235909186e-09
2005,-2.2766777060300225e-10
2006,2.073231598054923e-09
2007,9.291642972855353e-10
2008,-1.6402711654538557e-09
2009,2.8816514251759896e-09
2010,-1.4932210927833414e-09
2011,7.082718908723604e-10
2012,-1.0469169071684448e-08
2013,-1.494465708770421e-08
2014,-8.62350750217292e-09
2015,-2.1996821734117986e-09
2016,3.210963127071189e-09
2017,-4.1030556899334005e-09
2018,1.5515599622780828e-08
2019,-3.974542854424236e-11
2020,-6.097421234874487e-09
2021,5.538090030390151e-09
2022,9.544772960535417e-10
2023,-1.4019650828233941e-08
2024,-2.6356047112636274e-08
2025,-3.2383100640318264e-09
2026,5.929242091843964e-09
2027,-7.823141114372063e-09
2028,1.1069471276311413e-08
2029,-1.2488835336772187e-08
2030,8.445362986436826e-09
2031,7.227985729304937e-09
2032,-1.1642570490186125e-08
2033,-5.55618793558788e-09
2034,9.80337467887867e-10
2035,1.510639904992233e-09
2036,2.121027216904067e-09
2037,-2.7998020341131547e-09
2038,-7.650317164392948e-09
2039,6.5303113906756524e-09
2040,1.0063792145606363e-08
2041,-6.620980647905198e-09
2042,8.75702787615685e-09
2043,5.588769808986585e-09
2044,-7.041716557510886e-10
2045,-8.410109530899715e-10
2046,3.6966311074123438e-09
2047,-6.137615642027197e-10
2048,-2.2707888585307573e-09
2049,-6.001773745356102e-10
2050,-3.1918730197547665e-09
2051,2.3697004513681124e-09
2052,-3.3205190564164674e-09
2053,-4.103244511067376e-09
2054,1.278034002615871e-09
2055,1.2599375008013236e-08
2056,1.0245919092227183e-08
2057,-3.0157215223733246e-10
2058,1.1300875907618418e-08
2059,-1.001578096888647e-08
2060,1.8665904407962306e-09
2061,-5.950803675882949e-09
2062,2.228628894533904e-09
2063,-1.0623824187455333e-09
2064,1.2681770772944468e-08
2065,-2.1115392256291057e-09
2066,5.826629017168076e-09
2067,-8.985137711264809e-10
2068,2.334390304033998e-09
2069,-3.071351092343303e-09
2070,1.0797272576913751e-08
2071,2.903477232154347e-09
2072,-7.165577317502348e-09
2073,-2.8596460261774284e-09
2074,-1.448517685712298e-08
2075,4.642524351737538e-09
2076,3.140518802246921e-09
2077,8.58278805926822e-10
2078,6.92605587057507e-10
2079,6.480530444435149e-10
2080,-1.4181658985983978e-08
2081,-1.2912352802038726e-09
2082,-6.472060942791634e-09
2083,-1.902602534829008e-08
2084,-5.913745704725097e-09
2085,5.703179116270451e-09
2086,-1.7735566797024238e-09
2087,-7.871056788804466e-09
2088,3.8606216364205733e-10
2089,1.3974590140271642e-09
2090,2.680054208164791e-09
2091,-4.2455002397553854e-09
2092,-2.7872901238623858e-09
2093,-2.3682274817696733e-08
2094,-5.617467509577705e-10
2095,-1.4550774498396803e-11
2096,-1.0639211864781394e-08
2097,-1.4144330458514964e-08
2098,8.743553505150093e-10
2099,-2.393967890256469e-09
2100,5.72776347774427e-10
2101,-8.199089861355741e-09
2102,1.366196034286069e-09
2103,-1.2406527410762369e-09
2104,-2.4808117754510847e-09
2105,-7.832412781638702e-10
2106,-2.947836335809614e-09
2107,2.7554793461813604e-08
2108,8.617628412342268e-09
2109,-6.0772958452975655e-09
2110,1.3076309313412156e-08
2111,-5.528112985249522e-09
2112,-1.2663811657548669e-08
2113,1.1404756605276852e-08
2114,1.5932483397628096e-09
2115,1.674887287691336e-08
2116,2.454304138344796e-08
2117,1.9490842951978624e-08
2118,-8.684995592247702e-10
2119,-2.999573857341631e-09
2120,9.160504652590416e-09
2121,2.0441846354935654e-09
2122,2.5516974024542615e-08
2123,-2.583968387060014e-09
2124,1.3772740937148745e-08
2125,-2.2014881944454356e-08
2126,9.292436940749763e-09
2127,-8.856200344342852e-10
2128,7.967495246442135e-10
2129,-1.1636696984299938e-08
2130,-4.728612523532624e-09
2131,2.3644640444824112e-08
2132,2.1281652953710384e-09
2133,2.051671146803325e-09
2134,9.636889453512868e-10
2135,3.355152401384616e-09
2136,-9.631103490954602e-09
2137,-7.84780662365554e-10
2138,-4.104108671171529e-09
2139,-5.682339452754846e-09
2140,-7.682353821470142e-10
2141,1.4150755548946697e-08
2142,-7.288693957888804e-09
2143,-3.8579311539278135e-09
2144,2.2040760739576437e-09
2145,6.717873252132819e-09
2146,-3.1537266781681148e-09
2147,2.215607398809226e-09
2148,1.3749546902463318e-08
2149,-5.340194637550795e-09
2150,5.880011280777968e-09
2151,3.672404353689474e-10
2152,-2.0093760301297952e-09
2153,-5.02697925451582e-10
2154,-2.6735816532539212e-09
2155,-3.801666272982809e-09
2156,7.91013826729287e-09
2157,-9.142634457427335e-09
2158,-2.766717877827175e-09
2159,-4.921678368928402e-09
2160,-2.2902336120197724e-08
2161,2.927520644860649e-09
2162,1.4928385196025662e-09
2163,5.571097033445417e-09
2164,-8.395833884297109e-09
2165,-2.7442694081277165e-09
2166,9.045149465363753e-09
2167,8.661553767219178e-10
2168,-7.878521494529132e-09
2169,1.0484939687901746e-08
2170,4.898369076115878e-09
2171,-1.3381295299463869e-08
2172,-4.352623333961705e-09
2173,-3.3775296070403272e-09
2174,-9.775639785911195e-09
2175,1.6603480331095803e-08
2176,1.358377611088273e-09
2177,-3.1996364187841075e-09
2178,6.900112593481985e-09
2179,1.393816569730201e-08
2180,1.772405296470554e-08
2181,-1.0442819473805064e-08
2182,2.0037907364475957e-09
2183,-5.270800728703877e-09
2184,8.814351489887676e-09
2185,4.71698204573532e-10
2186,1.3257257038574704e-08
2187,1.868810335982331e-10
2188,-3.629760050874356e-09
2189,-5.3629278340424774e-09
2190,2.8766892648774696e-09
2191,1.3918459619705848e-08
2192,-8.614361732322926e-09
2193,3.498669322801767e-09
2194,-1.1973668655706533e-09
2195,8.550145673439464e-10
2196,-1.2345192284648822e-08
2197,4.638295171911626e-09
2198,-7.30917534606749e-09
2199,8.063206262410401e-10
2200,-3.4624399636132896e-09
2201,1.308211762988664e-08
2202,-3.988630148271901e-09
2203,-1.7587844615614407e-09
2204,6.3906615313521325e-09
2205,7.878012740901028e-09
2206,-2.1079303376420282e-09
2207,-2.4096989425731975e-09
2208,-1.4212706454193105e-09
2209,-7.116706203908601e-09
2210,-1.5134967387781244e-08
2211,8.687523798386265e-09
2212,-4.712460709707189e-10
2213,3.584013433486506e-09
2214,-7.988883063116669e-09
2215,-2.834414355453952e-10
2216,5.46148111927216e-09
2217,2.811298783984534e-09
2218,-7.340573075108113e-09
2219,-1.0577626844378121e-08
2220,-9.073320454892361e-09
2221,-1.156633956483982e-08
2222,-1.3129413283613197e-08
2223,2.399966043775886e-09
2224,-4.584877136650839e-09
2225,2.640901825900089e-08
2226,1.949312866614296e-09
2227,-5.5523947250463895e-09
2228,7.335588964218013e-09
2229,5.4000173489578146e-09
2230,-2.722101559486626e-08
2231,-8.05698128075813e-09
2232,8.276880174255827e-10
2233,-7.312638768627115e-09
2234,3.3145049907484675e-10
2235,-1.6746968417346474e-09
2236,-8.591889077236818e-09
2237,-1.6661555227800232e-09
2238,-3.081290412183644e-09
2239,-1.5039865956118232e-08
2240,1.4128544478519584e-08
2241,1.2476217404808413e-08
2242,-1.5902735484239513e-09
2243,-9.427141873064148e-09
2244,-2.431245212236002e-09
2245,3.050826076451292e-08
2246,-4.683285829873621e-09
2247,-4.143093983246239e-09
2248,-1.2540129717337072e-08
2249,-1.606669924810755e-08
2250,-1.5388491910130272e-09
2251,1.2540941581729365e-08
2252,4.272863862612827e-09
2253,-2.7568953902722717e-09
2254,-4.8373399110206825e-09
2255,1.1184723982435576e-09
2256,-1.595791848252191e-09
2257,-1.4467362368873367e-08
2258,2.6287118011906726e-08
2259,-5.7488003638042985e-09
2260,-7.690435220782117e-09
2261,2.54999638521392e-08
2262,-8.14195343852223e-09
2263,-3.5552174649603737e-09
2264,-4.6539680570174095e-10
2265,-7.728073188971469e-09
2266,-2.011055916806299e-09
2267,1.4699126781663603e-09
2268,-8.02973616037633e-09
2269,-3.6451494629835636e-09
2270,-4.4424020905383567e-10
2271,-7.167968289891067e-10
2272,3.1498683633245234e-10
2273,-1.270258636219356e-09
2274,-1.1052931524201679e-10
2275,-8.26563703299181e-09
2276,-7.190603451983986e-09
2277,-1.143800901940904e-09
2278,3.5990717089474094e-09
2279,-1.1877435151132026e-08
2280,1.3618763604251586e-09
2281,-9.681827956262539e-10
2282,1.2646058020134375e-08
2283,1.039227742822601e-09
2284,7.164105950309548e-09
2285,2.5784283117849816e-09
2286,5.050857344231802e-12
2287,3.4411958796690102e-09
2288,2.993713269636629e-08
2289,-1.3709437758635395e-09
2290,8.965017899175935e-10
2291,1.0823559408262356e-10
2292,-1.6394533446626152e-09
2293,-5.155980093596664e-09
2294,-3.0586383226216063e-09
2295,-5.028189043862052e-09
2296,-1.6787727784062123e-09
2297,3.991839861736591e-09
2298,-9.626889884832737e-10
2299,-8.031155023661417e-10
2300,8.469978256400032e-09
2301,7.975034057190078e-09
2302,1.3503894206959673e-09
2303,2.9038840936900286e-08
2304,-6.311504732745605e-09
2305,2.2839624731014087e-09
2306,-2.93995811314302e-09
2307,-1.0908216881050753e-08
2308,-6.7576683556346974e-09
2309,7.495952322921846e-09
2310,-4.0415910323643756e-09
2311,2.3061979572162223e-10
2312,-3.6628696417151257e-09
2313,-2.830005763800155e-09
2314,8.764881334251049e-09
2315,3.9628364427821846e-09
2316,-1.334910058826742e-08
2317,-1.2276319652897525e-09
2318,-3.2621927326618203e-09
2319,-7.692858129410945e-10
2320,-1.5314326447994897e-08
2321,-5.976999179039598e-09
2322,2.0651673259141958e-08
2323,-5.276875072457259e-09
2324,-8.736769287381074e-09
2325,-2.262973771669525e-09
2326,-1.5578828283801818e-08
2327,1.8941819142402877e-09
2328,5.417785056027823e-09
2329,2.2019870588924336e-09
2330,-1.1420491080440605e-08
2331,2.899892664889873e-09
2332,-1.1932397637859866e-08
2333,1.3636280563415547e-08
2334,1.397595311405151e-09
2335,-3.840515777821378e-09
2336,-4.65487096550629e-09
2337,7.659317859449035e-09
2338,3.608106607911637e-08
2339,1.169400114012871e-09
2340,-4.506906358140022e-09
2341,1.527517242632358e-08
2342,-1.2176584790852288e-09
2343,-2.67335223178017e-09
2344,-1.021699565502139e-09
2345,-2.025697952680122e-09
2346,1.962778335304078e-10
2347,8.075557463756192e-09
2348,-2.4389012021528015e-09
2349,8.108727777345681e-10
2350,-5.510212374686956e-10
2351,-2.171039937819591e-09
2352,-3.351050255412774e-09
2353,-4.775876208969364e-09
2354,-6.6292591906670254e-09
2355,-2.6543314390802133e-09
2356,-2.3063360899552717e-09
2357,-6.7200536184644965e-09
2358,1.7483033373558111e-09
2359,-1.179563341749498e-09
2360,1.6817488267805223e-08
2361,1.641960987043497e-09
2362,-1.4176898422998524e-08
2363,-4.839688383576947e-09
2364,1.3359104520993446e-09
2365,-2.000077084836586e-09
2366,4.097824627281059e-09
2367,7.842696730110396e-10
2368,-5.150687098979196e-09
2369,2.7580119083982044e-08
2370,-9.685417134020596e-09
2371,3.15777397259037e-09
2372,1.6455260563749942e-08
2373,1.9139980021918954e-09
2374,-8.35834757974052e-10
2375,4.571772574444629e-09
2376,2.0058196319317345e-09
2377,-6.43333807356605e-09
2378,-2.647625741733421e-09
2379,-9.315214386535242e-09
2380,-1.5547639096082644e-09
2381,-9.689778897042055e-09
2382,6.568930683451154e-09
2383,2.247001003726099e-08
2384,4.948219047989183e-09
2385,-5.016000763581251e-10
2386,-4.559003893994732e-09
2387,-7.872673039628379e-09
2388,1.8285055204805647e-08
2389,-1.9680101429361875e-09
2390,5.070328867865505e-10
2391,-5.796124450588955e-10
2392,-4.994959799279614e-10
2393,-2.483532044546771e-08
2394,-5.776511236043285e-09
2395,-2.3424539732486042e-09
2396,3.328009948805509e-10
2397,-2.72636765488692e-09
2398,-1.1390699034618545e-08
2399,-9.172261822379357e-09
2400,-2.780122008125918e-09
2401,-1.5590014050873323e-09
2402,5.360392729902834e-09
2403,4.655676818642762e-09
2404,-6.390554196134869e-09
2405,-1.3484377690246938e-09
2406,-2.3933318369886378e-09
2407,-3.752022303682127e-09
2408,-7.156675607056734e-09
2409,4.078958617215332e-09
2410,-3.5978308590526547e-09
2411,3.618332956400736e-08
2412,-1.5784231036136565e-08
2413,1.1800599218382094e-09
2414,5.09900252415638e-09
2415,-4.988935709162835e-09
2416,-6.4351867787254e-10
2417,-1.4478235715204738e-09
2418,-9.816728382501793e-10
2419,-3.2313550909730235e-09
2420,9.415509475176726e-10
2421,3.546900816163182e-09
2422,6.389090048096535e-09
2423,-6.126406577709112e-09
2424,6.927780033083915e-10
2425,1.735925865429141e-09
2426,8.74955211608418e-09
2427,-2.658404650386667e-09
2428,-8.897968470474347e-09
2429,-1.8797328746089336e-09
2430,6.743218083752411e-10
2431,1.5294797436418354e-08
2432,-2.4329340778881005e-09
2433,-7.687210704012498e-09
2434,-6.3098181039397e-10
2435,6.748900078667145e-09
2436,-1.435680928429781e-08
2437,-8.949780535306678e-09
2438,-3.915235181828192e-09
2439,-1.333704317088186e-09
2440,-5.155845490365805e-09
2441,-1.1164548730475267e-09
2442,-2.06227738951812e-08
2443,-2.2333369639364956e-09
2444,1.4051633776680806e-10
2445,6.607670763632627e-09
2446,-1.0667933084222494e-08
2447,9.714133726949782e-10
2448,3.7020680132430284e-10
2449,8.730989018969455e-09
2450,1.624109914743619e-11
2451,3.032991607464647e-09
2452,1.3743292822590648e-10
2453,-9.908068169201573e-10
2454,1.7980454880929394e-09
2455,-8.576432567279168e-09
2456,8.278541662274177e-09
2457,1.3472113759470808e-09
2458,2.6847759314208125e-08
2459,-5.694533852121758e-10
2460,-6.43691887901301e-09
2461,-6.590908048143007e-10
2462,-1.2890210785953933e-08
2463,6.306817013126435e-09
2464,-1.2925226888534377e-09
2465,-1.1673294227065478e-08
2466,2.859373984347006e-09
2467,-5.355734769995403e-10
2468,-3.793357758009904e-09
2469,-1.0930270428461034e-09
2470,-7.093056382942914e-09
2471,7.865919834032183e-11
2472,-4.5560361228756735e-09
2473,-9.166652912150685e-09
2474,1.0800176023263858e-08
2475,-1.893772340987495e-09
2476,2.0737221364690143e-09
2477,2.812750988264612e-09
2478,4.380390506776822e-09
2479,1.89921627146668e-09
2480,5.163515124961614e-09
2481,6.32414434810789e-09
2482,-2.726184595267706e-09
2483,1.175980459312246e-09
2484,-4.334463202616787e-11
2485,1.6046573788605716e-09
2486,-1.7222270998344233e-08
2487,3.417266130053845e-08
2488,-2.1040953590369523e-09
2489,-5.534095720604124e-09
2490,4.744999971783651e-09
2491,-6.207410701501896e-09
2492,8.909961995253855e-10
2493,4.295079319859328e-09
2494,1.029914956058002e-08
2495,2.0306163003229e-09
2496,6.828508967533464e-09
2497,-8.776176070791958e-10
2498,7.539277782699651e-09
2499,1.8872364395863722e-08
2500,-9.319150438322956e-09
2501,1.7936308956826723e-09
2502,-1.090935954208946e-08
2503,-3.0706476668949308e-09
2504,5.105986166875759e-09
2505,-4.3535262875431216e-09
2506,6.603602239456989e-09
2507,2.8019852794587216e-08
2508,-4.232821136577086e-10
2509,-2.209536562816715e-09
2510,1.32699640064628e-08
2511,3.8287652606089515e-08
2512,-6.372700998961284e-09
2513,2.1039775157637034e-09
2514,1.9945221739860777e-09
2515,5.749985579896115e-10
2516,-7.521640370041383e-09
2517,1.2425487505049921e-09
2518,9.708212911165188e-09
2519,6.277046770133817e-09
2520,4.713239266906006e-09
2521,8.395200352089144e-09
2522,-2.8893826275279916e-09
2523,3.370944363872462e-09
2524,2.716930271547218e-09
2525,-1.1075920947997649e-08
2526,-6.319467267585697e-10
2527,-9.23214911295504e-09
2528,-3.0866167959959272e-09
2529,-2.882360420048416e-09
2530,-5.543270849003564e-09
2531,-5.563395988529065e-09
2532,1.0787683829707949e-08
2533,-9.178639369359792e-10
2534,-4.072201346725887e-09
2535,-5.1756559821432334e-09
2536,-8.126389373892883e-10
2537,1.9418236211633814e-08
2538,-1.7246645787660205e-09
2539,-2.123280361732496e-08
2540,-1.0558676202941082e-08
2541,-4.7519894544152015e-09
2542,-8.45878198362837e-09
2543,1.820193702834013e-09
2544,-1.4837538258933873e-09
2545,-9.729963585388268e-09
2546,-2.2084795177331654e-09
2547,-2.9273706801083306e-09
2548,-3.3495758708696124e-09
2549,5.732251520800031e-09
2550,-4.145090920744751e-09
2551,1.857161393705501e-08
2552,-2.560082424911909e-09
2553,-2.7998655821034317e-09
2554,1.3216581200578614e-09
2555,2.3715807768586505e-09
2556,1.1435306210248567e-09
2557,4.942306950609735e-09
2558,-1.4965118899026811e-09
2559,6.827640222355143e-10
2560,-6.109208409441957e-09
2561,-3.094956531542304e-09
2562,-2.502304275451224e-09
2563,1.1146836184052301e-08
2564,-2.0600276504665212e-08
2565,2.4894107659313613e-08
2566,-1.322142709033023e-08
2567,-6.8407965720874995e-09
2568,1.2557990308386286e-09
2569,-1.948245891296767e-09
2570,9.667711343623998e-09
2571,1.4595474886300714e-09
2572,2.151963969274163e-09
2573,-1.0888476055145666e-08
2574,-6.784176098863961e-09
2575,1.3836785088641831e-09
2576,-1.4869118555196239e-08
2577,-8.668947278716479e-09
2578,9.439437712118295e-09
2579,-9.501030739151876e-09
2580,-5.783241310518043e-09
2581,-3.3612399555070007e-09
2582,-5.4181520445117515e-09
2583,7.741656321441834e-10
2584,-5.208261060323537e-10
2585,9.401019457116367e-09
2586,-6.179100995345562e-09
2587,4.034847326004959e-10
2588,-1.0396371868963092e-08
2589,5.7756325163529134e-09
2590,9.798828630160825e-10
2591,2.0680775060727868e-08
2592,9.412818224573509e-09
2593,-5.515818222497285e-09
2594,-7.186703114385891e-09
2595,5.924260279138742e-09
2596,2.0808651764215812e-09
2597,2.4558762018598804e-08
2598,5.837918496526064e-11
2599,-1.135979542331634e-09
2600,2.8922167778426253e-08
2601,-1.161487284118267e-08
2602,3.901622945433151e-09
2603,1.7854491911799527e-09
2604,-1.4679079848174365e-09
2605,6.198729905021883e-09
2606,1.1535488184927959e-08
2607,-4.404688017822451e-09
2608,5.481766292665054e-09
2609,-7.876456925369802e-10
2610,1.202761189998552e-08
2611,-2.0837968451519085e-09
2612,4.862513049823875e-09
2613,4.947980292883206e-10
2614,-1.1795017949240728e-09
2615,-2.8996427641494147e-10
2616,2.586659297728123e-09
2617,-1.1113030460977511e-08
2618,1.570696914150542e-08
2619,1.0299084264493062e-09
2620,-2.482408819216174e-09
2621,-4.6805727191364175e-09
2622,1.9899156364047673e-10
2623,-2.4040349939006865e-10
2624,3.182373583934931e-08
2625,2.8912605646168373e-09
2626,-7.369067864174767e-10
2627,5.287969449254195e-09
2628,6.555924461377334e-09
2629,-4.5054656823862245e-09
2630,-8.59407419678847e-09
2631,-2.1799635128472031e-10
2632,-8.949751369653016e-09
2633,6.950523405165843e-10
2634,-4.556242708424321e-10
2635,5.100082464313538e-09
2636,-1.4969758569048975e-09
2637,-3.5903715646353917e-09
2638,-6.356664325471114e-09
2639,-3.0113700103080023e-09
2640,-1.9592487058822412e-09
2641,-2.1653545801616715e-09
2642,-6.318763929427748e-09
2643,-3.2930579186577183e-09
2644,-7.569984832591763e-09
2645,-1.200028490821982e-09
2646,1.1525960309867842e-10
2647,-4.955376829273032e-09
2648,-1.5999312105455943e-08
2649,1.7068679860779658e-09
2650,2.2959335913239497e-09
2651,-9.013087006321801e-09
2652,-3.755500547272899e-09
2653,9.224141341557049e-10
2654,5.629279568282478e-10
2655,-1.0624675985375927e-09
2656,-9.681271862166016e-09
2657,9.67908016494196e-09
2658,4.202025049866346e-09
2659,-3.2831960966266127e-09
2660,2.872042099594819e-09
2661,-3.8739787709916415e-09
2662,-2.494182239775906e-09
2663,7.966349564402114e-10
2664,2.492581348077754e-09
2665,9.67799461299148e-09
2666,2.732963154916238e-09
2667,2.9204002410149e-09
2668,-3.923476898145705e-09
2669,9.005540616259122e-09
2670,2.7750301543826483e-09
2671,4.6937682540744074e-09
2672,5.90767060802079e-09
2673,-7.89987481590738e-09
2674,5.977824171292833e-10
2675,-5.2899611793483125e-09
2676,-3.6750926015163424e-09
2677,5.701378096706348e-10
2678,2.2423610272400477e-09
2679,9.001447926712862e-10
2680,-8.397668684050357e-09
2681,9.989564816850672e-09
2682,-1.2225837335703962e-08
2683,1.0010800956778449e-08
2684,-1.016807907636653e-08
2685,2.4895627004360986e-10
2686,-8.898118759979797e-09
2687,1.3865297033754166e-08
2688,-8.236371216227594e-09
2689,-1.5382580311252134e-08
2690,-4.337023441495403e-10
2691,-1.7834943286460182e-08
2692,-6.896095174015217e-10
2693,-3.0205932138588673e-09
2694,1.4678946885940254e-09
2695,-4.296906750425686e-09
2696,-3.1905240038760715e-09
2697,1.2223134400779892e-09
2698,-2.5347233234203877e-09
2699,2.078652570925853e-09
2700,-5.404035589786481e-10
2701,4.4761533135794725e-09
2702,5.12140189267981e-09
2703,-2.1646647531082115e-09
2704,5.977829017679446e-09
2705,5.300550014728627e-10
2706,3.5208330473785553e-09
2707,-4.569018294324151e-09
2708,-1.215363108384601e-08
2709,-2.37368288736603e-09
2710,-4.569735861619317e-09
2711,-6.169485368951248e-10
2712,-6.644962918515664e-09
2713,-4.643998933625043e-09
2714,6.065225153040965e-09
2715,1.2008546156410127e-09
2716,1.8076128779694126e-09
2717,1.0390747032894457e-08
2718,-8.123576146276495e-09
2719,2.27379165229097e-09
2720,7.71724037400348e-09
2721,-6.55295788667617e-09
2722,-8.983265750843853e-09
2723,2.382523988736194e-09
2724,-2.2967216426592696e-09
2725,-7.9387571160342e-09
2726,7.268465948013178e-09
2727,-8.955631742779602e-09
2728,2.5251244776688485e-11
2729,-3.929151817625768e-09
2730,-2.7332546522814225e-09
2731,-2.0646006345110198e-09
2732,-7.385152081560708e-09
2733,-1.4048728609525614e-08
2734,-9.589306393327871e-09
2735,-3.256624068649868e-09
2736,-1.8120473652150385e-09
2737,2.2782489020385102e-09
2738,-4.152041519164135e-09
2739,3.5611093470434957e-10
2740,1.1503371999024483e-08
2741,9.923705407980935e-09
2742,2.6784885268734668e-09
2743,2.490718961136373e-08
2744,4.862436712851307e-09
2745,-4.58919247194356e-09
2746,6.518939306311634e-09
2747,1.1995441892322317e-08
2748,9.829396156022741e-09
2749,1.4868174169326085e-08
2750,3.4484374358737885e-09
2751,-8.732129656466851e-09
2752,1.1305636420420039e-08
2753,-9.109521124742414e-10
2754,-5.6390371446307685e-09
2755,-3.453300922554438e-09
2756,-2.9430796501289658e-09
2757,-2.8088776881548105e-09
2758,-4.795211118485715e-09
2759,-2.0009774280997087e-09
2760,6.212761849361415e-09
2761,2.0752502066443596e-09
2762,-1.6541809522935668e-09
2763,-2.959777661485642e-09
2764,-6.089717252309224e-09
2765,1.5262472348029072e-08
2766,-5.103750829682378e-09
2767,3.119105370143104e-08
2768,-1.3438523800009967e-11
2769,9.70537370412101e-09
2770,5.6288393161414804e-09
2771,9.098714596727779e-10
2772,-8.34212697214495e-09
2773,-1.695306331279133e-09
2774,-1.7069599653845904e-10
2775,-3.0074772198836356e-09
2776,8.794458815204748e-09
2777,-1.627597024938456e-09
2778,-2.0163418342848465e-08
2779,-6.17649972751128e-09
2780,-9.016210886228883e-09
2781,2.328833285815053e-09
2782,2.9787884537878905e-09
2783,3.174963385876825e-08
2784,6.694110873520639e-09
2785,1.4375613141921588e-09
2786,-5.41479064369496e-10
2787,-3.2202877119676143e-09
2788,-5.117696376099408e-09
2789,-1.2456018121748633e-09
2790,-1.7397971750505624e-08
2791,-3.9059516751966716e-09
2792,-4.386204338689253e-09
2793,-1.7078982489562822e-09
2794,2.1459142427075594e-09
2795,-1.2931824748100809e-08
2796,2.0220211407593523e-10
2797,-8.872889826430393e-10
2798,3.152754328767563e-09
2799,1.8088092305889685e-09
2800,7.107878934617205e-09
2801,1.7971562201367418e-09
2802,2.8114452057986428e-08
2803,-3.4359127197669916e-09
2804,2.2100034182171012e-08
2805,6.533242181781308e-09
2806,-3.4403509110017378e-09
2807,5.804550426242465e-09
2808,-4.238310009248825e-09
2809,1.3164732308270657e-09
2810,8.25968966975751e-09
2811,7.023480933625235e-09
2812,-3.817657730615331e-09
2813,-9.336115460726249e-09
2814,-2.9668395921688077e-09
2815,-7.911497273507227e-09
2816,-4.075532120278645e-09
2817,-5.464432275737938e-09
2818,-2.767658404014286e-09
2819,1.0443104241425595e-08
2820,-7.585727144991159e-09
2821,-5.175714113063711e-09
2822,-1.837146846558478e-09
2823,-4.70140563036677e-09
2824,1.080112210182711e-10
2825,-7.91981538338468e-09
2826,-5.594593177200428e-10
2827,-1.0982445607462228e-08
2828,-1.2010168956364106e-08
2829,-1.1161435059461865e-08
2830,-3.2540764385920818e-09
2831,-2.8560787041200505e-09
2832,-3.636020643195369e-09
2833,1.874497400618436e-08
2834,-2.3841731809097748e-09
2835,2.333537602582745e-08
2836,-2.718583603688341e-09
2837,-1.3702182449868679e-08
2838,4.243625731389022e-10
2839,-3.6851100934994257e-09
2840,-6.882701705233933e-10
2841,-6.1955194114790785e-09
2842,1.1223906226143856e-10
2843,-5.658782910347317e-09
2844,-7.905770498495845e-10
2845,9.839624627474445e-09
2846,4.945846718895546e-09
2847,7.627491162998807e-09
2848,-2.940678212190703e-09
2849,-8.135464909365614e-09
2850,-5.079157750404665e-09
2851,-6.591065440940391e-10
2852,1.8948611101308772e-08
2853,-1.5378164694590403e-08
2854,-5.058575275548322e-09
2855,9.105536331646235e-09
2856,-4.3490567828111795e-10
2857,-2.8412544302310472e-09
2858,-8.533908938251157e-10
2859,5.316159193209058e-09
2860,-8.262053143669509e-10
2861,-1.0574866844761414e-08
2862,5.908076727504741e-10
2863,-1.5574633023484615e-08
2864,6.475036604605828e-09
2865,-5.931889857634957e-09
2866,-1.6679815808689237e-08
2867,-5.397187066637182e-09
2868,1.397532050690364e-08
2869,-3.702490877410506e-10
2870,6.073349377323988e-10
2871,-6.160007004319697e-10
2872,-2.9874233970751694e-09
2873,-1.8720879147262386e-09
2874,-4.591891906340442e-09
2875,-1.2837484826397762e-08
2876,1.0212932444995034e-09
2877,-3.5104964724312017e-09
2878,-7.659892282898603e-09
2879,-4.609111301965549e-09
2880,2.0810336679627606e-08
2881,1.1764356815198971e-09
2882,-3.762170888288523e-10
2883,-5.067936989113085e-09
2884,4.869589483580661e-10
2885,-3.7719475599876497e-10
2886,-4.968456695941079e-09
2887,-4.871976606782474e-09
2888,-3.3693410717568227e-09
2889,2.201841543619086e-09
2890,-1.1064347721635818e-08
2891,1.0921804919994477e-08
2892,-5.896559840419112e-09
2893,-2.379781179944206e-09
2894,-5.43165836308902e-09
2895,1.7344626694690095e-11
2896,-1.510881767866507e-08
2897,2.147731827298214e-08
2898,-2.008884420468261e-09
2899,-2.91662171284237e-09
2900,-1.8160134885761555e-09
2901,5.596327429454403e-10
2902,-1.7602578456330454e-08
2903,1.4792793731590353e-08
2904,-2.5185954408840178e-09
2905,6.711437694493338e-09
2906,-4.258589851500944e-09
2907,9.991344930378932e-10
2908,-2.5535068678219223e-09
2909,-1.1709300130674015e-09
2910,6.3757235130553625e-09
2911,-9.366826769297377e-09
2912,1.0564167756049972e-08
2913,-1.0359040661167432e-08
2914,-1.3431840904049878e-08
2915,-3.5435674804944066e-09
2916,2.381749857185859e-08
2917,-1.9756109109365708e-09
2918,1.798191285532952e-08
2919,-4.7623534221790664e-09
2920,-1.5060165807289432e-09
2921,-1.2220766308188417e-09
2922,-4.249788810663962e-09
2923,-1.2391812278121108e-08
2924,4.761773170055167e-09
2925,5.078252503166166e-10
2926,4.266175101463318e-09
2927,-1.8397886701990758e-08
2928,-9.292397115110836e-10
2929,5.196382592381727e-09
2930,1.6934901505356566e-08
2931,-3.096661054907648e-09
2932,-7.595371445991645e-10
2933,5.998053249644211e-10
2934,-4.54961264432627e-09
2935,-5.409393024156879e-09
2936,3.987839230519566e-09
2937,-9.007657155424948e-09
2938,-4.9340123875688125e-09
2939,-7.43121161003799e-10
2940,-1.0282790024246369e-08
2941,6.640843496541885e-09
2942,-3.0540745588449565e-09
2943,1.6412652081818434e-08
2944,8.975639124110609e-10
2945,-7.889989404514718e-10
2946,-9.708981431211419e-10
2947,-9.646815056562154e-10
2948,-9.166656793138535e-09
2949,1.4094099410930757e-10
2950,-5.051987254185034e-09
2951,1.7657565271315865e-08
2952,-2.2207932411441042e-10
2953,-9.301237998003495e-09
2954,-6.228537925325976e-10
2955,-9.00973534202194e-09
2956,-9.098896872099621e-09
2957,-1.8824886710080948e-09
2958,-1.2089927331023253e-08
2959,-5.7030664877277685e-09
2960,-9.360305155837421e-09
2961,-3.5039345446759404e-10
2962,-4.5231252451549984e-09
2963,-2.4407345893922874e-08
2964,-4.436740280637641e-11
2965,-4.4410052132152565e-10
2966,8.189345633502357e-09
2967,1.957341220053503e-09
2968,1.8961819990951787e-09
2969,1.7016035403617287e-08
2970,4.5595329517338615e-09
2971,-7.788834325629337e-09
2972,-2.373369837415225e-10
2973,4.342534388298973e-09
2974,-4.822264614876615e-09
2975,1.1098545944638319e-08
2976,-1.0232301251101003e-08
2977,-3.6408625543561368e-09
2978,-8.455326570741616e-09
2979,-2.929563919652728e-10
2980,-4.605511706615233e-09
2981,1.6682939264878626e-08
2982,3.2218949945594646e-09
2983,-3.9020438159513334e-09
2984,2.8242391775868038e-09
2985,4.757200215428603e-09
2986,3.626736646015445e-09
2987,-1.3212288036277036e-09
2988,1.3486435604754641e-08
2989,1.570357423730987e-09
2990,-1.471761807275432e-09
2991,-1.7842048585063259e-09
2992,-1.9056995968033514e-10
2993,4.374554966484322e-09
2994,-1.24745033542623e-08
2995,-1.7987880951905159e-09
2996,-1.1140109725631982e-09
2997,3.218531920551404e-08
2998,-3.1036802688746385e-09
2999,-1.2323475268240966e-09
3000,-2.0301786051732302e-09
3001,3.4416000949920064e-09
3002,-2.1489321750859087e-10
3003,-2.3183388716716032e-10
3004,4.345791854592481e-09
3005,6.47653301701844e-10
3006,-1.3432043510357706e-10
3007,-4.7437598423758446e-09
3008,-3.0974570307103206e-10
3009,7.534258351619931e-09
3010,-6.458055226798334e-09
3011,-1.2267871799296575e-08
3012,8.395499609536556e-09
3013,-1.0026137838868983e-09
3014,-4.1431923791051195e-09
3015,-3.8189589872779484e-09
3016,-7.150066507277074e-09
3017,-6.9496242688913985e-09
3018,5.775797673754424e-09
3019,1.3055713044879206e-09
3020,-1.084465325139498e-09
3021,2.9820005007792227e-09
3022,-3.1629781362034067e-10
3023,8.854830905068026e-10
3024,-1.8258811499138782e-08
3025,-2.5158182259733727e-09
3026,7.399136710376052e-09
3027,-1.0149612556069583e-09
3028,-2.65778469119627e-10
3029,-2.7182939712786296e-09
3030,-3.616013497760302e-10
3031,5.6505763226625594e-09
3032,8.616318540172513e-09
3033,4.0896694297099877e-10
3034,-6.797405484809961e-09
3035,-3.039408639943764e-11
3036,4.98296920050532e-10
3037,-5.024322532726368e-09
3038,-2.7936809195807334e-09
3039,-2.0200795316900864e-09
3040,5.352672632228604e-10
3041,5.627383527598732e-10
3042,2.6561605371024108e-08
3043,-7.817695967647414e-09
3044,6.4953814023548595e-09
3045,-4.026080043640107e-09
3046,-1.001098000219714e-09
3047,9.227831416265608e-11
3048,-5.156076919338096e-10
3049,7.61945806933604e-09
3050,5.214757663791903e-09
3051,-3.2969055259592695e-09
3052,-5.327085253358527e-09
3053,6.678274064394276e-10
3054,-8.584822331428032e-10
3055,-9.06959231106671e-09
3056,1.582006544618718e-08
3057,-8.636266594489549e-10
3058,-3.987680943956505e-09
3059,-3.258328810807732e-08
3060,3.6977454550174313e-09
3061,6.147396960698131e-09
3062,1.412400265747698e-08
3063,3.6689245798329686e-09
3064,-4.485572686226873e-10
3065,-1.1017596095784625e-08
3066,-5.385737712845579e-10
3067,3.78797983859404e-09
3068,-8.366020034246531e-10
3069,4.130353031323011e-09
3070,1.1474469262753185e-08
3071,-4.590632886832822e-09
3072,-3.603353294249478e-09
3073,-4.408680462756326e-09
3074,-2.2323199338643466e-09
3075,2.3664415959832726e-09
3076,2.7360529157109172e-09
3077,-1.0798399123748996e-08
3078,6.123641313533537e-09
3079,-3.8050533120416524e-09
3080,-1.2229510380628655e-10
3081,-1.4347558094745342e-09
3082,-6.342903551622762e-09
3083,-4.222532709985178e-10
3084,3.6885989064249537e-09
3085,1.0102835963965197e-08
3086,-1.0594496920476964e-08
3087,1.7780409271185428e-09
3088,7.482505681780485e-09
3089,2.508243667555131e-09
3090,-2.2277276582102707e-10
3091,-1.1243696585437423e-08
3092,-8.326395551915832e-10
3093,-9.830615330017417e-09
3094,6.123468243465747e-09
3095,-1.6177776762233477e-08
3096,-1.2745121297450373e-08
3097,-1.6137308377820434e-09
3098,3.1552900293583487e-09
3099,-1.0166239889193675e-09
3100,7.736311431115806e-10
3101,-7.214075765171228e-09
3102,-9.629953310621534e-11
3103,2.1477085681695517e-09
3104,1.230727178572956e-09
3105,-4.424669903249963e-09
3106,9.567602318991981e-09
3107,-1.6030801489080594e-09
3108,-1.588413528920053e-08
3109,2.1640885809544515e-10
3110,-2.8421648203787958e-09
3111,3.355981124810491e-09
3112,1.226149958950102e-09
3113,-1.2814697366570358e-09
3114,1.0763971667236784e-08
3115,8.32920627697362e-09
3116,-1.2061612760763947e-10
3117,-1.234585961776923e-08
3118,2.8143628635715997e-09
3119,4.6238266083305565e-09
3120,7.279536415269237e-10
3121,1.3501193855783985e-09
3122,-3.0720175095480812e-09
3123,-2.3128601801371645e-09
3124,1.330885508277973e-08
3125,-5.408475032404894e-10
3126,-3.3917224787039513e-09
3127,-1.2047454282606006e-09
3128,9.78785887253799e-09
3129,-2.937831251530728e-09
3130,-6.543794417110454e-10
3131,3.538682351827325e-10
3132,1.6632305712652994e-10
3133,-4.802079511731113e-09
3134,-3.0927987538242863e-09
3135,3.1162194334942164e-09
3136,8.715269018592694e-09
3137,-2.827017631885484e-09
3138,1.0563505055807904e-08
3139,-5.52032830514367e-09
3140,-2.213232892587806e-09
3141,-4.9585677243943415e-09
3142,7.750471405900628e-09
3143,-5.441214608475775e-09
3144,7.217140639636711e-09
3145,6.772791809651073e-10
3146,8.169402281817797e-09
3147,-1.09864208414898e-10
3148,-6.776172647108401e-09
3149,5.638087030183187e-09
3150,6.541681122560945e-10
3151,-8.912111159518044e-09
3152,-1.6689434183074416e-08
3153,1.8275025742951922e-09
3154,-2.2668073217746986e-09
3155,-9.819770372950057e-09
3156,3.709914218467349e-08
3157,4.297421034530237e-09
3158,5.112882026692004e-09
3159,-7.758954098178979e-09
3160,7.062632464359717e-09
3161,6.150170206858222e-09
3162,3.40742072329449e-09
3163,1.795222212897214e-08
3164,-2.767606448147961e-09
3165,-1.26732308098421e-09
3166,-4.395799106674296e-09
3167,2.8197986099109953e-09
3168,-1.813205212043622e-08
3169,-7.916686395159963e-10
3170,2.21906498334179e-08
3171,3.946364399694939e-09
3172,-5.239424678388297e-09
3173,7.401658408069143e-10
3174,-9.645048087818507e-09
3175,1.7329318732322486e-09
3176,4.954830040054002e-10
3177,-1.4010990410983442e-09
3178,-2.86974770412723e-09
3179,-6.323082415957407e-10
3180,-4.388345427145743e-09
3181,-7.584784264429328e-09
3182,2.1728627507375067e-09
3183,6.947590334030515e-09
3184,-7.2827640577067274e-09
3185,-2.491737910173718e-09
3186,7.34633645339812e-09
3187,-2.6172512181963792e-08
3188,1.4193962023964565e-08
3189,8.58955325074222e-09
3190,1.4774515252017269e-08
3191,6.974563471882711e-10
3192,-7.625256035284879e-10
3193,-5.6214657072398966e-09
3194,-6.521159035429179e-09
3195,-1.4499431684022437e-08
3196,7.81250071149294e-09
3197,1.911276430377188e-09
3198,-4.088721657809173e-10
3199,-4.228308346710107e-09
3200,1.0752249049983317e-10
3201,-4.1510542843552e-09
3202,3.1509006446591315e-09
3203,-4.630508571052845e-09
3204,-7.473288086230061e-09
3205,-1.4852258755998398e-08
3206,-7.019216885231034e-09
3207,-5.918757165784882e-09
3208,-5.379272999738907e-10
3209,9.653560095282505e-10
3210,-2.1280515771255717e-09
3211,-2.3022153421997424e-10
3212,2.3665206890122874e-09
3213,-3.3171114464246805e-11
3214,3.4591134840971975e-09
3215,-2.701782459119218e-09
3216,-1.2438643010210507e-09
3217,8.392661814548123e-10
3218,6.983043526277224e-09
3219,-4.1842125169069145e-09
3220,2.4391798326633033e-09
3221,2.8793201562301358e-09
3222,-2.536278168883702e-08
3223,2.5361932913386314e-09
3224,7.178653864240622e-09
3225,-5.163509382003046e-09
3226,-9.438927463560258e-10
3227,-3.6554201759672635e-09
3228,-1.0446422433336312e-08
3229,-7.087963172947797e-09
3230,2.599763402904491e-09
3231,-3.3645190559565834e-09
3232,-1.6076309643647967e-09
3233,1.2994715044721156e-08
3234,9.241831824509077e-10
3235,7.33618662123478e-09
3236,1.514738106357548e-08
3237,-9.073459432699137e-09
3238,1.7784185359020154e-08
3239,-1.2989615362533723e-09
3240,1.4505785355492889e-08
3241,2.166024562901898e-09
3242,9.910930962726111e-10
3243,-2.4355655825159723e-09
3244,2.6447703426233305e-09
3245,-1.0305384133487156e-09
3246,1.1891124724810581e-08
3247,-8.916251146244977e-09
3248,6.613136354139065e-09
3249,-9.668496289850345e-09
3250,6.334474852331581e-09
3251,-1.251966144371283e-08
3252,2.3747570806474552e-08
3253,1.157850033212334e-08
3254,-3.803065676571845e-09
3255,-5.953290656248154e-09
3256,-2.1490430721637275e-09
3257,-1.5581034132041978e-09
3258,1.3136390821503437e-08
3259,-7.305453710754226e-09
3260,-7.2656857264631765e-09
3261,7.181833561869401e-09
3262,-1.5819469311013205e-08
3263,9.911471286093289e-09
3264,-8.673574253546598e-09
3265,8.829353859967997e-10
3266,-6.178210726418219e-09
3267,-1.4129489515911649e-09
3268,-4.0463152375256654e-09
3269,-1.3978228317346983e-09
3270,1.7095271769742854e-08
3271,-4.930927726042476e-09
3272,-2.544617787762739e-09
3273,-2.89596080343192e-09
3274,9.265702326682695e-09
3275,-4.258991075804759e-09
3276,-4.838417327087018e-09
3277,-1.2414516781430183e-08
3278,-3.763298031492692e-09
3279,-2.24225047192546e-09
3280,3.2141738200535414e-08
3281,4.6686301340447885e-09
3282,-6.73007612881607e-09
3283,3.2331687156406504e-08
3284,-2.5108192342569807e-09
3285,2.83042779045764e-09
3286,-1.3990424929210106e-08
3287,-1.7126473958847862e-09
3288,-6.116687969988495e-09
3289,-1.3050358361658487e-08
3290,-1.213298734230699e-08
3291,1.2021082549038683e-08
3292,-1.5316700518669284e-09
3293,-2.2715820284066573e-10
3294,-3.066774689632701e-09
3295,-8.354047476445096e-11
3296,1.7741524703108594e-08
3297,1.1900431283778197e-09
3298,1.6770351234724564e-09
3299,1.2250112777666475e-09
3300,-1.3652431900253513e-08
3301,6.443829574246278e-09
3302,5.220844008622622e-10
3303,1.5944971051949922e-08
3304,-3.6585658650405875e-09
3305,-6.3045000181275e-09
3306,-3.1564527234172447e-09
3307,1.2370434838302837e-09
3308,-3.1199963404778496e-09
3309,-5.87464548241332e-10
3310,2.7527186235161405e-09
3311,-8.191049050269918e-09
3312,-1.991687765437491e-08
3313,-4.125103220698169e-09
3314,-1.1558968549754139e-08
3315,-9.468651379363524e-10
3316,7.819940407290934e-09
3317,-6.34351448800569e-09
3318,-4.8285271111133365e-09
3319,-3.7026846713427716e-08
3320,1.9675501075336983e-08
3321,-1.053302993227795e-08
3322,4.443657087625494e-09
3323,3.012451639779026e-10
3324,-1.3735226994331944e-10
3325,1.187049530828304e-09
3326,-6.226020253571839e-09
3327,-4.253598304844371e-09
3328,2.170944973997192e-09
3329,-2.8679748710420403e-09
3330,1.8959905626848197e-08
3331,1.782128905585818e-09
3332,-1.0299058506977643e-08
3333,3.393304424102571e-09
3334,-7.571780135424246e-09
3335,2.1377622868547776e-08
3336,-3.580306883081414e-09
3337,1.7898188497603997e-09
3338,1.7687058570002663e-09
3339,6.085097800270932e-09
3340,-3.2036816062780485e-09
3341,-9.979354589534071e-09
3342,2.382983205641966e-09
3343,-3.1611500687683236e-09
3344,1.7046952000680953e-08
3345,1.1442901013960339e-08
3346,2.6098687391206135e-09
3347,8.913310627737351e-11
3348,-8.077915524875972e-09
3349,-7.010597043644053e-09
3350,-8.979519337649141e-11
3351,-4.026093863207897e-09
3352,3.012924115945913e-10
3353,3.0439258943176863e-09
3354,1.5343699740599596e-08
3355,1.4956736997061259e-09
3356,4.702255654333697e-09
3357,-6.104026811488662e-09
3358,7.669340407909465e-09
3359,-3.241189834125065e-09
3360,2.732972055372178e-09
3361,-2.41562109122665e-09
3362,7.819875805535016e-09
3363,3.852505059994233e-09
3364,-1.4889230155923202e-09
3365,-2.8828007134939357e-09
3366,-1.3652199532103317e-09
3367,-2.9044057215161533e-09
3368,1.4983414035569147e-09
3369,1.9131297014648437e-09
3370,-1.595951822738519e-10
3371,-3.460163192644073e-09
3372,8.165875395725738e-09
3373,-3.0618228576303707e-09
3374,-5.860080552697462e-09
3375,1.2710632528080091e-08
3376,-1.3466969924452276e-08
3377,-1.9576169711056677e-08
3378,-2.8466997297500148e-09
3379,-9.723404088734121e-09
3380,4.792651607713178e-09
3381,-4.973696392478324e-10
3382,-1.8270632422183496e-10
3383,-1.1837086287486392e-09
3384,-7.616189896304398e-09
3385,-7.940071487962141e-10
3386,1.1318243916159649e-08
3387,-3.660216971064898e-10
3388,-5.212530088702318e-10
3389,1.0829256822716206e-08
3390,-3.97702881636372e-09
3391,-6.689948083662563e-09
3392,-5.473167199338124e-09
3393,2.1841649648405738e-08
3394,-9.809440119948648e-09
3395,-4.267768600281667e-09
3396,2.401585938681529e-08
3397,-1.4649307894721945e-09
3398,-1.6657219343039804e-10
3399,2.2786079211329815e-08
3400,-7.334915262638358e-10
3401,-1.4026016030785708e-09
3402,-1.4190000291214333e-08
3403,2.1314097915769196e-09
3404,2.2543241164385626e-09
3405,-1.2961062117964242e-09
3406,1.990993101990986e-09
3407,2.1093025045539996e-09
3408,2.738681854168259e-10
3409,6.427371882338147e-09
3410,3.398584340958688e-09
3411,-5.4676874049908e-09
3412,5.7206065621980635e-09
3413,-4.745248213430214e-09
3414,2.224039574686895e-09
3415,-6.293456363994084e-09
3416,-4.075448474760453e-09
3417,1.0937533608680942e-09
3418,1.072545599780026e-09
3419,-4.5829094100612125e-09
3420,-2.3939892318475617e-10
3421,1.4148005314744e-08
3422,-2.5493972650329566e-09
3423,4.911328139352145e-09
3424,5.034835004392961e-10
3425,1.2873347850464541e-09
3426,1.9896088534393593e-11
3427,2.0912699995789683e-09
3428,-1.1823178069838378e-09
3429,2.1703447350279083e-08
3430,6.862299941980189e-09
3431,1.1756951170499351e-08
3432,-1.0419830869980587e-08
3433,-6.926389712302388e-10
3434,-3.2228809388809185e-09
3435,-6.278390347843915e-09
3436,2.22981177213208e-09
3437,8.899623142844337e-10
3438,7.732943571673278e-09
3439,3.4604466690553614e-10
3440,1.2439142994730696e-09
3441,3.6532303492455008e-09
3442,-7.621036290451627e-09
3443,-1.987316111293971e-09
3444,1.533336942578959e-08
3445,2.370658669432328e-08
3446,-6.883175519276956e-09
3447,2.7957490582958052e-09
3448,-9.63662418387286e-10
3449,3.539146006942399e-09
3450,-2.0198115399188016e-09
3451,-3.4969275359058183e-09
3452,-6.413253868525054e-09
3453,-2.0767871352705075e-09
3454,-1.508676646774748e-09
3455,1.4119268727062595e-08
3456,-8.241024454528729e-09
3457,3.5049077346022146e-09
3458,6.289957852248409e-09
3459,-1.0940994971037403e-08
3460,-9.488000444052923e-10
3461,1.172418523518476e-08
3462,1.5842791341227694e-09
3463,-2.508546890269602e-09
3464,1.1546033821040885e-09
3465,-1.6239611839833541e-09
3466,-1.724045494054861e-09
3467,-1.0025755339998604e-09
3468,-3.002612162360756e-10
3469,-6.1989089966751985e-09
3470,-3.4403554128836843e-09
3471,-1.610483795886282e-08
3472,4.7527030562051864e-09
3473,-1.2862828055469645e-08
3474,6.072941142640545e-09
3475,7.82686820028217e-10
3476,1.1467243363066962e-08
3477,-1.056220002454843e-08
3478,-9.440272516787926e-09
3479,-7.353882760510857e-10
3480,1.8949277204875474e-08
3481,1.009345705289374e-08
3482,6.653117588518704e-10
3483,-2.271037065415434e-09
3484,-8.224441894164755e-09
3485,-1.30864483243738e-08
3486,-1.2798739412030749e-09
3487,-4.584230541324999e-09
3488,-2.593013278760861e-09
3489,-1.2007665438092723e-09
3490,3.5759375629342436e-09
3491,3.890705983920613e-09
3492,-4.348259780157291e-09
3493,-6.10464155030542e-10
3494,-3.992732698386658e-09
3495,9.583716235044943e-09
3496,1.388870149683756e-10
3497,5.560991565984709e-10
3498,-6.748605946089713e-09
3499,-1.5203264724639617e-08
3500,1.4913484035482453e-08
3501,3.0064706053136313e-09
3502,7.635505738653804e-09
3503,6.41581028952997e-09
3504,4.289130388877729e-09
3505,5.753090750197529e-09
3506,7.117293049152132e-09
3507,-2.7911092150781444e-09
3508,6.538399762862231e-10
3509,-2.9198830570267014e-09
3510,-3.0082874291153987e-09
3511,-9.171937072803801e-09
3512,1.6290178532514046e-08
3513,1.4741557801681382e-08
3514,1.0843509724094997e-08
3515,-4.994497020270196e-09
3516,3.523936258851563e-09
3517,-5.2473372023563445e-09
3518,-2.403624253460404e-09
3519,-7.511529406209154e-09
3520,4.4531922666161273e-10
3521,-1.7124785925274375e-09
3522,-6.618449015181161e-09
3523,-7.315376253029819e-09
3524,-3.2377585691234866e-10
3525,-3.484752192719593e-09
3526,-4.069890760483559e-09
3527,-1.7280045804834783e-08
3528,4.1725240395128735e-09
3529,1.555578530944739e-09
3530,-1.2167745020074621e-08
3531,1.7450167980652697e-09
3532,-5.13086687889972e-09
3533,8.120194954778544e-10
3534,1.756492188712371e-08
3535,6.388547008151693e-09
3536,8.245182844565183e-10
3537,5.268196713771994e-09
3538,8.569451719757641e-10
3539,-8.035172492634163e-09
3540,2.3480311425663575e-08
3541,6.047460404590435e-09
3542,5.863987262082332e-09
3543,-6.3049468863043215e-09
3544,-1.9205128639645645e-09
3545,1.3139226040135374e-08
3546,2.0820614965364804e-09
3547,-1.2680353221394699e-08
3548,4.680004230176445e-09
3549,5.075746410399002e-10
3550,6.053743826775164e-10
3551,2.8007442834936075e-08
3552,-6.529554851059681e-09
3553,-1.1300210243612526e-08
3554,5.2736269134271414e-09
3555,-8.020536355947835e-09
3556,1.2442725506395421e-08
3557,1.2117132538766046e-08
3558,1.148408948680993e-08
3559,-4.261649054286376e-09
3560,2.706567356158024e-10
3561,-4.775007094526868e-09
3562,-2.4139277702957034e-09
3563,5.285978599301954e-09
3564,9.060924173059291e-09
3565,-1.401710668442095e-09
3566,-7.281343100887805e-09
3567,-9.494843135968756e-09
3568,-2.227421577423443e-09
3569,-1.8270281608276986e-09
3570,-1.7820775309482626e-09
3571,-1.9333735328829413e-09
3572,3.4485615269891915e-09
3573,-1.6148638198680847e-08
3574,-1.0047570247190558e-08
3575,2.660880457670439e-10
3576,1.2412304545128724e-09
3577,-1.0635999518879234e-08
3578,5.4203728136775105e-09
3579,1.7555920885557883e-09
3580,-8.137564151023393e-09
3581,-1.192123402487702e-08
3582,-5.702343307530913e-09
3583,-1.2717703523639818e-08
3584,5.809032783587585e-09
3585,1.040426602386039e-09
3586,-6.84779911701402e-09
3587,-2.8017243904620975e-09
3588,-1.8077258597364103e-10
3589,-1.747850039146973e-08
3590,-3.554604884384056e-09
3591,-1.4456421899460598e-08
3592,-1.65286084273314e-08
3593,-1.600826221496613e-09
3594,7.024739043084779e-09
3595,4.413267946581056e-11
3596,1.2901172289803673e-08
3597,1.0414261234798063e-08
3598,-2.4616895856963873e-08
3599,-3.768908238001684e-09
3600,1.0217856230284463e-09
3601,-1.1296729248500278e-08
3602,-1.1635404030971923e-08
3603,-1.2420059864918671e-09
3604,-2.397608522114024e-09
3605,6.172511163780558e-10
3606,-3.440766597087963e-09
3607,7.262967179846131e-09
3608,-8.63680538245447e-09
3609,2.0383997951687162e-09
3610,5.9661974986531535e-09
3611,-1.7543283626282572e-09
3612,1.5546044877490682e-09
3613,5.281178858206456e-09
3614,-1.463676471798609e-09
3615,-7.680954726377324e-09
3616,-7.590449064857605e-09
3617,-2.967370350282029e-10
3618,-1.814875136573226e-08
3619,-2.657207435404788e-10
3620,-2.835162611060574e-09
3621,2.016567271270674e-08
3622,2.868535480011191e-09
3623,-1.8872502347805006e-09
3624,-9.904485579844394e-09
3625,2.6360111217373997e-09
3626,6.570408204968907e-10
3627,3.1144026021697228e-09
3628,-8.9772081096924e-10
3629,7.313450499828365e-09
3630,-1.6010168160616184e-08
3631,-6.0765057954370865e-09
3632,5.404410564449336e-09
3633,-2.4835641837499725e-09
3634,-7.642461829595096e-09
3635,-2.082101207326718e-09
3636,-4.798873464454221e-09
3637,-9.038198659637183e-09
3638,6.9812774878161595e-09
3639,2.0909402964525465e-09
3640,-6.438678899676654e-10
3641,-3.734683950884504e-10
3642,2.0307490891543035e-09
3643,-3.414395700708216e-09
3644,5.898964366951184e-09
3645,-1.4036957493691676e-08
3646,4.80802077658628e-09
3647,-5.875688577478273e-09
3648,7.162791122842231e-09
3649,7.764747114582563e-09
3650,8.250150896849513e-09
3651,1.6808866034743924e-09
3652,-1.995259188364649e-09
3653,-1.4735662652577286e-08
3654,-2.103900395288312e-09
3655,7.926420543566611e-12
3656,-4.3991218315780676e-09
3657,7.78304442339449e-09
3658,3.732867001229809e-09
3659,3.4312401642227427e-09
3660,2.3534109594781183e-10
3661,-6.103496667132351e-09
3662,-7.293151653176692e-10
3663,-2.6207235815645086e-09
3664,-4.3917586698981213e-10
3665,3.666666551948139e-11
3666,2.1854441385677083e-09
3667,1.0306363881035346e-08
3668,3.138719806108522e-10
3669,-2.9642651180337444e-10
3670,-3.3688339539188247e-09
3671,-3.6985189964649327e-09
3672,-7.190004078944773e-09
3673,-1.505147443543445e-09
3674,-1.534656020975151e-08
3675,2.51950155536885e-09
3676,-3.5569236672900324e-10
3677,1.0833578107962516e-08
3678,-7.952962839802791e-09
3679,-3.746644743564719e-09
3680,1.0416107744972893e-08
3681,-6.275208997536635e-09
3682,-1.853249846922847e-08
3683,-2.421886362735681e-09
3684,-2.693745664844043e-09
3685,-4.690842355606495e-09
3686,-1.7351051710221037e-09
3687,-6.781622427712952e-09
3688,-2.084536991554601e-09
3689,-5.517449364154899e-09
3690,-1.919747024730509e-09
3691,3.2960318130659626e-09
3692,1.691330854509051e-09
3693,-8.270041933648818e-10
3694,-1.1326757757700677e-09
3695,-5.596227119416014e-09
3696,2.6246504965828083e-09
3697,-1.5306383325274597e-09
3698,7.571820999513278e-09
3699,1.0224021641860457e-08
3700,-1.0290923185333747e-09
3701,8.252599956427416e-10
3702,-5.2713986721884104e-09
3703,6.11458476308115e-09
3704,-3.5210110580794692e-09
3705,1.5357526699102086e-09
3706,-1.6612731199678674e-10
3707,-1.052695942746002e-08
3708,-1.7689259412044822e-08
3709,-1.3074768031201665e-08
3710,-5.516477330932174e-10
3711,-1.0848905680637014e-08
3712,1.6792809304269507e-08
3713,-1.8539773057171744e-09
3714,-2.9540757181030227e-09
3715,4.772214300971776e-10
3716,5.286738145297358e-10
3717,-1.112721333050156e-09
3718,1.2495492554791342e-09
3719,-1.8558424948219557e-09
3720,-1.4154099759010834e-08
3721,8.350858127480102e-10
3722,6.845058799035425e-10
3723,-1.079511240364092e-09
3724,4.026246214742339e-09
3725,-3.7040471645709418e-09
3726,-1.1599322156298616e-08
3727,8.250552029030014e-09
3728,-5.81995599759181e-09
3729,-2.7839991686141637e-09
3730,5.263807801559695e-09
3731,-7.0435084284220554e-09
3732,3.079695503379711e-09
3733,-3.356921965488775e-09
3734,7.000252169121173e-10
3735,7.142308306948781e-10
3736,5.73887471037029e-10
3737,-4.319617096728785e-09
3738,-5.5305929962064754e-09
3739,1.8623414912097949e-09
3740,-3.2502227830079566e-10
3741,1.1586764691894797e-08
3742,-1.1086196452621912e-09
3743,2.6228676066479146e-09
3744,4.5105084651162884e-09
3745,-1.5798365976624272e-09
3746,9.024234011426079e-10
3747,-6.190523635499052e-09
3748,-1.215820079134982e-08
3749,4.18381713637973e-09
3750,2.1986664953159483e-09
3751,-3.7414186158901036e-11
3752,7.543604659114715e-09
3753,-4.9941046485873056e-09
3754,-5.919185401442893e-09
3755,-1.5040102504090124e-09
3756,-1.732756794641423e-09
3757,-2.140739504355414e-09
3758,-3.748289756944516e-09
3759,-8.891142112223735e-09
3760,-6.615188890326522e-10
3761,-1.003880196456874e-08
3762,7.458319281443767e-09
3763,2.9297353409334208e-08
3764,-5.071703943460535e-09
3765,4.1745574640337805e-09
3766,-5.883077874078088e-09
3767,1.145120059550869e-08
3768,2.4498844821366074e-09
3769,-1.2214555589384792e-09
3770,-1.0422871905365848e-08
3771,-2.1628419088336753e-09
3772,-5.5695748467146244e-11
3773,-1.0982256838466374e-09
3774,-3.734717018656654e-10
3775,5.208208353370568e-09
3776,9.348263176002713e-09
3777,1.4784071716061247e-09
3778,-5.322506617304136e-09
3779,-1.947563075859303e-09
3780,4.879744649896073e-09
3781,-2.3772140357942454e-09
3782,4.591231745517157e-09
3783,1.7421639916040892e-09
3784,-7.632571808399972e-09
3785,5.069841934204722e-09
3786,-5.971993315829048e-09
3787,-3.0556945101314616e-09
3788,-6.460514754792291e-10
3789,2.8064499003406008e-08
3790,-2.048881057461821e-09
3791,1.2873788051945848e-09
3792,-8.197252922923498e-10
3793,-3.4443314588991766e-09
3794,-8.557092749788226e-09
3795,-6.080515278037866e-09
3796,-2.3604464302821973e-09
3797,-2.627975189685062e-09
3798,-8.061436970156724e-10
3799,4.168218412820693e-10
3800,4.713480513963301e-10
3801,4.531305106811066e-10
3802,-5.9876630368829434e-09
3803,1.7041363099277319e-09
3804,-1.3042745684953833e-08
3805,6.671525833604254e-10
3806,-8.628463268608619e-10
3807,-9.403666107478942e-10
3808,8.161975202451799e-09
3809,-7.210097072437008e-09
3810,-1.9056521995385844e-09
3811,-1.1699037950523154e-08
3812,-2.940570198685251e-10
3813,-1.532738550940687e-09
3814,1.1970433104957387e-09
3815,-9.382063045737135e-09
3816,-4.92183376747476e-09
3817,4.521512543295762e-09
3818,5.234497569646206e-09
3819,-3.0870021006849184e-09
3820,-1.0335894285205458e-08
3821,-1.1785996991944428e-08
3822,-3.0613299461466223e-09
3823,-9.157956531063457e-09
3824,-1.3677373274549848e-09
3825,-3.7068136194657227e-09
3826,1.377120941437158e-08
3827,-7.2771141248496334e-09
3828,-5.031188814762356e-09
3829,-3.3666498867133834e-09
3830,-1.2703942897152369e-08
3831,-3.100930875101926e-09
3832,2.296825800177842e-09
3833,-1.790099950369879e-09
3834,-5.154255523406793e-09
3835,-2.2007401881024173e-09
3836,1.5529535794203709e-09
3837,-2.497994083599897e-09
3838,-2.50233186866487e-08
3839,5.127573398522597e-10
3840,1.2185635919433604e-09
3841,-2.2096228320739972e-08
3842,-7.187465713919111e-09
3843,5.000433418282919e-10
3844,-1.6647864846155647e-08
3845,-1.3651220631345338e-08
3846,-1.7829881728088694e-10
3847,4.690537325303695e-09
3848,1.176773739650299e-09
3849,-6.677677985377262e-09
3850,5.709463394318613e-09
3851,-1.3103805353983746e-08
3852,-2.1233316494535634e-08
3853,-1.0842584697198091e-08
3854,2.149165260750377e-09
3855,6.513233745120681e-09
3856,-1.3503182866457557e-09
3857,-3.3924118869332575e-09
3858,-9.48513869768623e-10
3859,-3.695999107861986e-09
3860,-1.1104461503251296e-09
3861,1.1896412433714774e-08
3862,9.88966315728251e-10
3863,4.870193298682102e-09
3864,-1.4827122090547568e-09
3865,-3.152100947486543e-09
3866,1.29486982184337e-10
3867,1.9979530221956706e-09
3868,6.057484172050681e-09
3869,-9.0791380392366e-09
3870,1.7243771817666e-08
3871,-1.2704782287513937e-09
3872,2.218952109765003e-09
3873,4.976208396984475e-09
3874,-6.680594712638784e-09
3875,-2.159577669804929e-09
3876,-2.5425828495341255e-09
3877,-5.077783602895306e-10
3878,-1.0410084143119394e-08
3879,-1.2387673532315854e-09
3880,-5.641658742611862e-09
3881,3.417381027944612e-08
3882,5.343528299216809e-09
3883,-2.6695132260715496e-09
3884,-8.482774052851914e-10
3885,-4.353892805952406e-09
3886,-1.0305835386680212e-08
3887,7.733503997261788e-10
3888,8.420011503054949e-10
3889,-1.585336037690012e-08
3890,-1.4064960468678782e-08
3891,-3.1181675714672446e-09
3892,1.1299555044465975e-08
3893,-1.040208553236393e-08
3894,4.4046826959645905e-09
3895,-6.157085986070937e-10
3896,-7.84847657638145e-09
3897,-7.327270552235671e-09
3898,-6.564755183143664e-09
3899,-1.427359513140352e-09
3900,3.4292793671454608e-09
3901,4.3842019144980264e-09
3902,-6.038670266931481e-09
3903,1.8320681434589747e-09
3904,-2.9270198560732114e-09
3905,-1.7093482213907945e-08
3906,-4.681670606205045e-09
3907,-1.986385515008486e-08
3908,-3.317242997205834e-09
3909,7.089735494134733e-10
3910,-1.1454243568204988e-08
3911,2.0456281715240803e-08
3912,-8.25654897720555e-09
3913,-5.33778229174446e-09
3914,1.3496962230508088e-08
3915,2.641841439200128e-09
3916,6.689630492579176e-09
3917,4.278991991690897e-09
3918,1.4766790541526312e-10
3919,-9.751789288838009e-09
3920,1.4710043359551163e-09
3921,3.680598269207708e-09
3922,1.495789633680679e-09
3923,-3.272377015173121e-09
3924,-1.5304414647677955e-08
3925,-8.180220829325821e-09
3926,1.265163632317563e-08
3927,-3.1550882912229127e-09
3928,-1.5385692629121071e-09
3929,5.2550507317430645e-09
3930,1.1987152351735956e-09
3931,-1.103868789791341e-09
3932,-1.5773719137560617e-09
3933,1.4311569007773753e-08
3934,3.4962918933354487e-09
3935,-3.949314911348053e-09
3936,9.0571359166189e-09
3937,-1.1758928774544486e-08
3938,1.2040418537588105e-09
3939,-4.708928137085565e-09
3940,2.637833831656978e-09
3941,-9.003517933504629e-09
3942,-2.3375116192733503e-09
3943,-5.469991424119294e-09
3944,2.142018501264805e-09
3945,-5.209290459883623e-10
3946,2.1468720179904354e-09
3947,-8.852904428729168e-10
3948,1.4779326037112925e-08
3949,-5.130522987736965e-09
3950,-3.893087273435009e-09
3951,5.633316934276148e-09
3952,1.392121451499795e-08
3953,4.10386827121456e-09
3954,2.4372716695326793e-09
3955,-1.2533908280554e-09
3956,-3.5132643514168372e-09
3957,1.0645432758740144e-08
3958,-3.5555235801030936e-09
3959,2.738132718075183e-09
3960,-3.4152988954472033e-09
3961,2.68955461962524e-09
3962,-9.37900311170432e-09
3963,-3.139914462122596e-09
3964,-1.5511031202902411e-09
3965,8.701656110947403e-09
3966,2.7642605246629056e-09
3967,-1.9317791621095704e-09
3968,1.096176844509839e-10
3969,-9.471287564438625e-10
3970,2.490924857677585e-09
3971,8.85485632981429e-09
3972,-1.3091137740465941e-09
3973,7.742513282473497e-10
3974,-1.4191423732636976e-08
3975,9.560881315870053e-09
3976,1.1696867867112073e-08
3977,-1.2438392904644467e-10
3978,-7.98661212624231e-09
3979,6.256348920607614e-10
3980,9.414009567345997e-10
3981,-9.61665563768418e-09
3982,-2.236501188119132e-09
3983,-4.2558641008972295e-10
3984,1.8255029294920887e-09
3985,1.1902392153401666e-09
3986,2.9986749009380558e-09
3987,-5.6445372776041345e-09
3988,-3.366610101082735e-10
3989,8.157617605688518e-10
3990,-9.468282085082686e-09
3991,-1.968727239850857e-08
3992,-3.601214173289853e-09
3993,-6.616715136517687e-10
3994,-1.1104222044742058e-08
3995,-1.8030851520303077e-09
3996,-6.4669412107377725e-09
3997,-1.0607141857575363e-08
3998,-8.383034107073357e-10
3999,2.4294239061608483e-10
4000,9.165180586648856e-09
4001,-7.400273662875366e-09
4002,-1.1015326144718058e-08
4003,-5.294929635343268e-10
4004,5.691116275247815e-09
4005,-6.412718391978486e-10
4006,4.2385682339734464e-10
4007,3.53972665898511e-09
4008,-1.1035446584691745e-08
4009,9.223448087674236e-10
4010,-3.551377481304231e-09
4011,-1.600079199499764e-09
4012,4.785238862573771e-10
4013,-3.0275853088346298e-09
4014,3.3229275949739127e-09
4015,-7.679823386472626e-09
4016,3.0425892182187197e-09
4017,4.079348968767687e-09
4018,3.213799280588535e-10
4019,-8.962570918505949e-09
4020,-3.652224815330297e-09
4021,-4.613757199035153e-09
4022,4.216922817739916e-08
4023,-4.7621236303224606e-09
4024,4.921793802662661e-10
4025,5.145027671842831e-09
4026,-6.531421905436749e-09
4027,-2.0412051333303696e-09
4028,3.6946406847815664e-10
4029,-6.623048894911107e-09
4030,2.020269761192554e-08
4031,9.125967177069307e-09
4032,7.2692210696513585e-09
4033,2.0661308649410032e-10
4034,-5.704015818224195e-10
4035,-9.88469235239973e-11
4036,1.5848749452761234e-08
4037,-2.8248258819379923e-09
4038,-3.331704336491567e-09
4039,-6.115881502037414e-10
4040,1.7918617732143658e-09
4041,9.819231848195747e-09
4042,3.7137677897367353e-10
4043,-3.021020085632738e-09
4044,5.923909694809575e-10
4045,-2.476729698457554e-09
4046,1.7178890392647316e-09
4047,-5.819696994992713e-09
4048,-3.6224616151050194e-09
4049,2.0928686977474335e-08
4050,5.977485860214892e-09
4051,1.1412646852060254e-09
4052,-5.111719628260552e-09
4053,-4.709297548534515e-09
4054,-1.1845058242074108e-09
4055,6.356256094928918e-09
4056,-4.4796664847689735e-09
4057,-1.1991941121706437e-09
4058,-3.0614411894047694e-09
4059,-6.052726904723203e-09
4060,-6.702828589686842e-10
4061,-4.4619146843283815e-09
4062,-3.2276034594955547e-09
4063,5.537791136803192e-09
4064,1.1309711412868445e-09
4065,2.660346815830834e-09
4066,2.8851956658527054e-08
4067,-5.23343290404027e-09
4068,-7.47713080041285e-09
4069,2.0397963634778538e-08
4070,2.4548723828043363e-10
4071,-1.8952721534404357e-08
4072,-1.832133085693143e-09
4073,-8.2379566971934e-09
4074,-1.5556950675432432e-08
4075,-3.859411724947641e-09
4076,-4.319566198003111e-10
4077,-1.7234525477145672e-09
4078,-1.5458425561546445e-09
4079,-4.947135585180234e-09
4080,-1.0524135868769602e-08
4081,2.5852108414941537e-09
4082,2.3373622845410244e-09
4083,4.358972292195611e-09
4084,2.84333785997058e-09
4085,3.691982620856765e-09
4086,-2.1204078839827917e-09
4087,-2.6564712886260395e-09
4088,-4.3679347558261016e-10
4089,-4.262407910614345e-09
4090,-1.3836227827814347e-09
4091,7.542079885777506e-09
4092,-7.119592860840083e-09
4093,-3.635219588733443e-09
4094,3.1565376469270195e-09
4095,-9.743550870123601e-09
4096,-5.980383251636329e-11
4097,3.0140230518532217e-09
4098,8.716707147523601e-09
4099,1.7927307867226412e-09
4100,-4.784109948367299e-10
4101,-3.0382512995155777e-09
4102,9.002113062179048e-10
4103,-4.698478759924933e-09
4104,-1.0897655380462426e-08
4105,-1.1667733803391682e-08
4106,-2.905612700899633e-09
4107,-2.505278736623317e-09
4108,-4.649762082901554e-09
4109,-1.0027883131734163e-08
4110,-1.5484376928682545e-10
4111,-3.099246573867683e-10
4112,-1.3369730254591393e-09
4113,-1.2228446753209234e-08
4114,-9.23507238799889e-09
4115,1.8841497054169917e-08
4116,-4.142461304481505e-09
4117,2.146438614948491e-09
4118,-3.2553594662961484e-09
4119,9.835774593644997e-09
4120,-3.18376974297038e-10
4121,-5.950947046380845e-09
4122,1.6579529243834255e-09
4123,1.242983411994691e-10
4124,-2.526562443305787e-09
4125,-3.7431939742858795e-09
4126,1.099908575258111e-09
4127,-2.2780932594831564e-09
4128,-7.2077319710935114e-09
4129,-1.0868772635073063e-08
4130,4.809520997497897e-09
4131,7.87262470035834e-09
4132,-4.4622873383217155e-09
4133,-7.672605050236513e-10
4134,1.9485357579115424e-09
4135,-1.2533346824378576e-09
4136,2.8024947840713897e-09
4137,3.21114188641505e-09
4138,-1.5309389601258062e-08
4139,-8.772551233142379e-09
4140,1.893140650760151e-09
4141,-3.9526341194532224e-09
4142,1.219544740705026e-08
4143,2.8271531151756357e-10
4144,-2.0954847354554706e-08
4145,1.2463199906197564e-09
4146,-6.157028367835392e-09
4147,-4.515691270854238e-09
4148,-1.6120227840982986e-09
4149,7.53262235651842e-09
4150,4.2669207842363056e-09
4151,-9.782634667277422e-09
4152,-2.008416253778312e-09
4153,-1.7421374495179464e-09
4154,-5.031181121258125e-09
4155,4.879219765006577e-10
4156,1.9839667347383716e-09
4157,1.8323110225236367e-08
4158,-2.7117533989040962e-09
4159,-2.4621743076759533e-09
4160,1.6024410014896613e-09
4161,1.6218975523269476e-09
4162,7.954646912692311e-09
4163,-8.268481806888882e-09
4164,7.186315963273734e-09
4165,-1.3120316481140935e-08
4166,-5.47331792879897e-10
4167,2.1024763053162228e-08
4168,-7.3235040484794855e-09
4169,6.281712150577924e-09
4170,9.585480783138832e-10
4171,-4.4338925749444386e-09
4172,2.7618913614652025e-08
4173,-8.056329291798006e-10
4174,1.9550727205096382e-08
4175,9.886842998814601e-09
4176,-6.9328718869464584e-09
4177,-9.903049854136255e-09
4178,-2.2859574113609066e-10
4179,-1.1568580932158663e-08
4180,-1.0873589556775476e-09
4181,-9.958304595381748e-10
4182,2.07479680180458e-09
4183,5.307491945111582e-09
4184,6.283651204315825e-09
4185,-7.088477128865568e-10
4186,1.4481008683502141e-08
4187,-5.4088180886237095e-09
4188,1.194441859873798e-08
4189,-5.155340773202523e-09
4190,1.4813808878218384e-08
4191,1.9828541416108172e-08
4192,-1.718185904793412e-08
4193,8.2171126110578e-09
4194,1.5414065839682295e-08
4195,1.4322718394683023e-10
4196,-2.44579524556947e-09
4197,-8.831221060485038e-10
4198,1.1495872462047342e-08
4199,-1.6351671148157194e-09
4200,-1.4492151496191063e-09
4201,-4.776114076861744e-09
4202,7.53633254911699e-09
4203,4.014815676667717e-09
4204,-1.459743357882728e-09
4205,-5.5699194361480256e-09
4206,9.179686031018258e-09
4207,-2.9169747020061516e-09
4208,3.845236364735032e-09
4209,1.945386125259822e-09
4210,-2.0230078472952407e-09
4211,1.3510824883377475e-08
4212,-8.976143271776827e-10
4213,-1.0194434893329213e-08
4214,-1.4639708027070467e-09
4215,3.1010288282024376e-09
4216,-2.6667033560446928e-09
4217,9.175939221702363e-09
4218,-3.0751691351456547e-09
4219,-3.136574587633607e-09
4220,-3.3635055593387417e-10
4221,2.0954057391131726e-08
4222,-4.2889459196043266e-10
4223,-6.8615105051439045e-09
4224,-9.100383651132186e-09
4225,6.242507766630642e-09
4226,8.413251448267373e-11
4227,-1.6236585257860697e-08
4228,-2.4242486062292777e-09
4229,-3.245066965614271e-10
4230,-3.3961409308813146e-09
4231,1.1451538791448646e-08
4232,1.6990956381129951e-09
4233,2.024264915224563e-09
4234,7.721073529095473e-09
4235,-5.3880021587287554e-09
4236,-1.2818042090812619e-08
4237,-6.743728841102835e-09
4238,1.0133266815763655e-09
4239,-4.177692302721575e-09
4240,-4.7423268804448816e-09
4241,-1.0753332911273432e-09
4242,-5.661979253746567e-10
4243,-1.3913486128260172e-09
4244,-1.0860971335043722e-09
4245,-2.480610498602e-09
4246,-6.9233849497612795e-09
4247,5.56317772656702e-09
4248,-7.123471972102783e-09
4249,-1.6005053062039258e-09
4250,-2.84078726033894e-10
4251,-3.752734186967197e-09
4252,5.487658697320108e-09
4253,2.057458045760064e-09
4254,2.138417103747462e-09
4255,3.5308449436105903e-09
4256,2.2144050643286427e-09
4257,2.1749347343172937e-09
4258,1.3693600942873284e-08
4259,4.273101991025964e-09
4260,2.980178907862369e-10
4261,-5.540266704635804e-10
4262,6.0330396540514136e-09
4263,2.395748314137685e-09
4264,8.053566247727069e-10
4265,5.1031237442898755e-09
4266,1.0458470408440924e-08
4267,-3.189554917864476e-09
4268,1.2064853580529527e-08
4269,-6.9295722167368805e-09
4270,-5.886247889290544e-09
4271,-1.2516187098493904e-08
4272,-4.1466409883297045e-09
4273,2.1560265723291622e-08
4274,4.038912735147785e-09
4275,-5.451987368685214e-09
4276,-3.6410036647384044e-09
4277,-2.07163771163633e-11
4278,4.789088535820769e-09
4279,-1.9970222874744524e-09
4280,-4.590308528482705e-09
4281,2.0937528841720585e-08
4282,-9.323191159854855e-09
4283,-6.63125307733034e-09
4284,1.2975993118508098e-08
4285,5.410251702016941e-09
4286,1.2087872880722333e-09
4287,-1.4436086837922228e-09
4288,-6.873866891629852e-09
4289,8.65635985961179e-09
4290,-3.097532032680832e-09
4291,2.8474858033440046e-09
4292,2.8821757131115923e-09
4293,-5.379712401636676e-09
4294,1.3888459717064309e-08
4295,2.3459726173407177e-09
4296,-5.126842536760086e-09
4297,2.800148725701976e-09
4298,-1.7436071229812957e-08
4299,8.839269744000412e-09
4300,-2.353276384484019e-09
4301,7.190769698918272e-09
4302,-2.717917893002363e-08
4303,8.759171328764967e-09
4304,-5.0924893787831935e-09
4305,1.8260927273742944e-09
4306,-4.960846085327961e-09
4307,9.565374251622509e-09
4308,-1.7693259530709524e-09
4309,1.551562332014644e-08
4310,1.8175710599792176e-09
4311,4.4662484682175273e-10
4312,-1.2133852390248103e-09
4313,-4.197352055983014e-09
4314,-4.0325024013648e-09
4315,1.4586919777450452e-08
4316,-2.810695832689205e-09
4317,-2.8970335447085167e-09
4318,1.399090932984922e-09
4319,-1.2919460765276269e-09
4320,-4.619725843204904e-09
4321,3.446959953197877e-10
4322,-3.972159317336453e-09
4323,1.1476798452154316e-08
4324,-2.327001325390692e-09
4325,-9.917335875567642e-09
4326,5.245876163832886e-09
4327,-8.576719158345313e-10
4328,1.0527757738528426e-09
4329,1.9006764931997174e-09
4330,-4.476160116527209e-09
4331,-3.992053779362937e-09
4332,-5.9095749242642e-09
4333,-2.4874920361771137e-09
4334,5.4042694644641975e-09
4335,9.122254984458036e-09
4336,-1.000158016425954e-08
4337,1.3173666918586908e-08
4338,9.617620571320927e-10
4339,-1.4547276073777648e-08
4340,-4.594818821859633e-09
4341,-1.1141266632444385e-08
4342,-1.5843833585847915e-09
4343,-5.114721636101574e-09
4344,4.028542110549077e-09
4345,2.3859026513018915e-08
4346,-6.125019403160709e-09
4347,-3.945156489617479e-09
4348,2.761726853483149e-09
4349,1.68752547443967e-08
4350,2.7611879481096833e-09
4351,-2.2583946912547897e-09
4352,-1.316781924284797e-08
4353,-7.108184420095746e-09
4354,2.6099718090515558e-09
4355,5.752491311864589e-09
4356,7.403900397089918e-09
4357,-1.3803363317028442e-08
4358,4.438879441903441e-10
4359,1.7053789687819481e-09
4360,-1.96597859152736e-08
4361,-1.0597352659126952e-09
4362,7.706676455483984e-10
4363,1.7985457379331157e-10
4364,4.864612448235457e-10
4365,-2.2332167343926798e-09
4366,-1.0290985828271025e-08
4367,1.975325711804772e-09
4368,-8.485960384252926e-10
4369,7.616908399177865e-09
4370,-1.339024647238063e-08
4371,1.177293615621124e-09
4372,7.862874582459791e-09
4373,1.3890880941224599e-08
4374,-2.4384334589968503e-09
4375,3.2752941016545075e-09
4376,6.8884089214936015e-09
4377,-9.950091484273148e-09
4378,-2.591340382541744e-09
4379,-1.0781134552024453e-09
4380,6.528836812060442e-09
4381,-4.7244914920918135e-09
4382,-9.664343293311831e-09
4383,-5.684438689708633e-09
4384,7.154386646525415e-09
4385,2.949037393333488e-09
4386,-1.934919502288997e-08
4387,1.2985941164812859e-08
4388,5.780419486795728e-09
4389,7.135546923586154e-09
4390,-4.058471852873537e-09
4391,-4.254918406592545e-09
4392,4.442340030933422e-09
4393,-2.1265092224504777e-08
4394,3.4695815215509993e-09
4395,-3.893020788793912e-10
4396,1.5771860271749424e-08
4397,-1.959717096527302e-09
4398,-1.4612245035261785e-09
4399,9.141854696744409e-09
4400,2.1672138987579263e-09
4401,-5.083112363890457e-09
4402,7.515138258749824e-09
4403,-1.591260296312406e-09
4404,4.3761238468785524e-09
4405,1.5483815716070628e-08
4406,-5.0648847785766755e-09
4407,6.721137522443214e-11
4408,2.206967564983421e-09
4409,-1.9533235901572587e-09
4410,-8.299863534233817e-09
4411,-8.75340813273551e-09
4412,-9.67719375920322e-10
4413,1.0707552922787928e-08
4414,1.6227925764096849e-09
4415,-3.0387695943468427e-09
4416,9.793604176622032e-10
4417,1.5653776858465604e-09
4418,3.699281076075013e-10
4419,-2.673001615107951e-09
4420,-1.3861582625483867e-09
4421,3.979743894895927e-09
4422,-4.209364968851631e-09
4423,-1.6572326251327866e-10
4424,-4.880483473068731e-09
4425,-9.74676921876214e-09
4426,-2.4111065468358932e-09
4427,4.425577400933836e-09
4428,-2.1678240635059198e-09
4429,-9.175202519080704e-09
4430,1.7918635518617577e-09
4431,-2.5490312256406165e-09
4432,-4.605205911333461e-09
4433,-1.71790896150807e-09
4434,1.7359285843122674e-08
4435,6.711870481012201e-09
4436,-6.75850693642132e-09
4437,1.2285291782837437e-08
4438,-3.763423577154046e-09
4439,-1.7439335154228896e-08
4440,1.9548866069745522e-09
4441,5.0273440539122746e-09
4442,1.0917790132650176e-09
4443,-1.0565224029104625e-08
4444,-1.6263053329417665e-10
4445,1.5299901169867478e-08
4446,9.25307598542043e-09
4447,-2.7938164522031603e-09
4448,-1.4759982073097718e-08
4449,1.2030006892758965e-08
4450,1.2349204840835765e-08
4451,8.758793965181274e-09
4452,1.882224540985884e-08
4453,2.9907535591044674e-08
4454,9.790151686281495e-10
4455,2.1966333262044998e-09
4456,4.482279593272262e-09
4457,-5.31338888858442e-09
4458,3.924492445346123e-09
4459,-1.2470774687364431e-08
4460,-1.0523541094087978e-09
4461,-2.9826638946081734e-09
4462,4.1949794647823617e-10
4463,-1.2170543597067246e-09
4464,-2.661378058805707e-09
4465,1.5669951839920645e-08
4466,1.3488820765745122e-08
4467,8.061882933082297e-09
4468,-3.3510634391347784e-09
4469,8.128232871678631e-09
4470,1.1653495579907966e-08
4471,1.4129612153553839e-10
4472,5.696430609537191e-10
4473,1.8767079408808602e-09
4474,-2.0691623408115043e-09
4475,-2.55555393403133e-09
4476,7.041885906241747e-09
4477,-6.786520342377289e-10
4478,1.4883022894864203e-08
4479,5.220774605470149e-09
4480,9.233861070493492e-09
4481,4.980631062063236e-09
4482,-4.233672541759956e-09
4483,-3.904623280728409e-09
4484,-2.3235552153830004e-09
4485,-2.764130549746394e-09
4486,1.9833323600793727e-10
4487,4.979111100119757e-10
4488,1.3982837648822425e-09
4489,2.010705500300635e-09
4490,3.860466284623608e-09
4491,-6.527575061904123e-09
4492,-1.7627686768967352e-09
4493,-3.5024439246519164e-09
4494,-1.417288348834771e-08
4495,1.5270718455764423e-11
4496,-6.932353480071548e-09
4497,-9.279859039838761e-10
4498,7.3974942407707046e-09
4499,-8.090260010389602e-09
4500,-4.093879842586867e-09
4501,3.4431004914342374e-09
4502,-1.431790622525963e-10
4503,-2.1964964240437535e-08
4504,-1.5882256423457895e-09
4505,-1.5132791112855997e-08
4506,-9.190826373641874e-09
4507,-2.792057166682452e-10
4508,1.4194297784822197e-09
4509,-2.4494673439985236e-09
4510,-6.2779283631056084e-09
4511,2.76718991501335e-09
4512,3.983231739819306e-09
4513,-2.7379758653825782e-09
4514,-1.0609705643041459e-08
4515,-4.845419869067004e-09
4516,2.2346059394967385e-09
4517,-4.932692581866595e-10
4518,5.105285569807064e-09
4519,-1.214876885228533e-08
4520,1.1090568668295935e-09
4521,7.962761869508566e-10
4522,-1.218689989542013e-09
4523,-3.285691915004481e-10
4524,3.2390740420592693e-09
4525,5.334474936546562e-09
4526,7.926093285679533e-09
4527,-8.317595219385692e-10
4528,-1.8365606622261436e-09
4529,-1.2846590256261874e-09
4530,1.3261664093711547e-09
4531,1.8128525902649838e-09
4532,-5.265056176097315e-09
4533,2.340637346316301e-09
4534,2.687129570487196e-09
4535,8.451648793362995e-09
4536,-9.244335374106913e-09
4537,-2.935330025242186e-09
4538,-4.252359910207696e-09
4539,1.3309800517816106e-08
4540,-2.08773956565391e-09
4541,4.657734497561153e-09
4542,6.563959197294447e-10
4543,8.243253329127398e-10
4544,-7.100547220047375e-10
4545,1.6347117161088463e-09
4546,-1.8394420869526807e-09
4547,9.191177273815702e-11
4548,-2.398126461419574e-09
4549,2.526214184216352e-09
4550,4.4325960282792315e-09
4551,2.1607005690152643e-09
4552,-2.1777994071256397e-09
4553,4.4445119680175085e-10
4554,-4.2253933680401626e-09
4555,-1.5874962948101404e-08
4556,-1.0479213795210806e-08
4557,-5.078462579978034e-09
4558,-4.425732126887343e-09
4559,2.6174942378902804e-08
4560,-7.039710664206313e-10
4561,-1.5740756123059617e-09
4562,-7.191248183076786e-09
4563,-4.182519534183059e-09
4564,-4.34832333254129e-10
4565,-6.180621494153807e-09
4566,-1.609862987539569e-09
4567,-7.411296837870044e-09
4568,-7.011289894365822e-09
4569,2.0193533891035302e-08
4570,2.35931665814355e-09
4571,8.901235908817281e-09
4572,-3.881375841922037e-09
4573,-4.0974160762348716e-10
4574,2.2559697660519195e-08
4575,-1.3646627909072221e-08
4576,-6.285630668807895e-09
4577,-2.7269435674481305e-09
4578,-4.865115362073265e-09
4579,2.4790522204978027e-09
4580,8.622123298822734e-09
4581,-5.112050734760622e-09
4582,-5.568913247331798e-09
4583,-4.778966072352196e-09
4584,-1.9883467266492725e-08
4585,2.0401780749946826e-09
4586,-5.16902934123759e-09
4587,4.991025742177575e-10
4588,-3.0224769945795735e-09
4589,3.511033750733425e-09
4590,-1.5212587583708145e-10
4591,-7.17598978421382e-09
4592,1.0730695371145532e-09
4593,-4.748200698742905e-09
4594,2.5779471555935722e-08
4595,-3.103518808130989e-09
4596,-1.246153239795177e-09
4597,4.462803697996732e-08
4598,7.066801553330026e-09
4599,-2.9015985529674128e-09
4600,-2.8257314305508443e-09
4601,4.330031351425842e-09
4602,-6.3197168669788255e-09
4603,-1.5443892226980724e-08
4604,-4.38835608227436e-10
4605,-1.367346563107693e-09
4606,1.571836386758474e-09
4607,-8.664595031891322e-09
4608,-2.4422651967381874e-08
4609,1.2899177383366679e-09
4610,4.292504793275862e-09
4611,1.6396348211850056e-08
4612,-6.0755853799637e-09
4613,3.8916660400743584e-08
4614,1.6511293742394865e-09
4615,2.9075421860877237e-09
4616,1.8006696154240107e-08
4617,-1.1783133196374927e-08
4618,-6.593530735480411e-09
4619,3.789451564884039e-09
4620,5.700307347358079e-09
4621,2.6511224284239195e-09
4622,3.434791289624864e-09
4623,-2.5032301643794996e-09
4624,-2.2091091308394416e-09
4625,-5.771722772981386e-09
4626,-1.9744728055899776e-09
4627,-4.945603896059907e-09
4628,-1.4987533910850704e-08
4629,2.4548297100193552e-09
4630,2.0519897508946775e-08
4631,-1.178264772456013e-09
4632,9.89514854207327e-09
4633,-9.501349171484916e-10
4634,-8.586381073851723e-09
4635,-8.475690323588802e-09
4636,-7.851240712722098e-09
4637,7.88168338548065e-11
4638,-8.325299140555293e-09
4639,-1.039394274108356e-09
4640,-6.529235291131532e-09
4641,-3.106464373145267e-09
4642,-2.0191648062827736e-09
4643,-7.712847995224238e-09
4644,-5.787880511304178e-09
4645,-1.7230311752560678e-09
4646,1.0613488490091999e-09
4647,-6.583824877374401e-09
4648,1.8640443555979637e-09
4649,7.1752217198838686e-09
4650,3.769360701836979e-09
4651,-2.214182746836266e-09
4652,4.817619201648592e-10
4653,-5.0840345952836185e-09
4654,-4.938413833611802e-09
4655,-4.05133772856316e-09
4656,3.533249496695866e-09
4657,-2.529210866227379e-09
4658,-2.440639475245728e-10
4659,-5.018388333229623e-10
4660,-3.1692547593269853e-10
4661,7.67544715136161e-09
4662,3.1330823252441105e-09
4663,-3.921699744973248e-09
4664,7.046742520329568e-09
4665,-3.092182238431979e-09
4666,-7.355815771184417e-10
4667,-1.7859450144765219e-09
4668,1.449671525840034e-09
4669,-8.137752662230212e-09
4670,2.944863827605969e-09
4671,3.3577133020948446e-09
4672,-6.854100887252424e-09
4673,2.0389616974546995e-10
4674,-3.8468040872671055e-09
4675,-1.1415347848690827e-09
4676,-1.529242091090658e-08
4677,1.2488264859089123e-08
4678,-1.514245835855401e-09
4679,-7.016751857213941e-09
4680,1.053147825020667e-08
4681,-4.696105060942005e-09
4682,1.4678838457968055e-09
4683,-4.715828792005155e-09
4684,-9.31423442256797e-09
4685,-3.3730955961740503e-10
4686,-1.1030674917572736e-08
4687,-1.6376036376013415e-10
4688,-8.51230072937612e-09
4689,-1.6036961633913195e-09
4690,5.604561940513103e-09
4691,-1.5389037899012912e-08
4692,-2.4030604213462455e-09
4693,1.3887192038077665e-08
4694,-1.0224079501264294e-08
4695,-7.422431802281375e-09
4696,8.247121324171192e-09
4697,5.435897813090964e-09
4698,4.762738176545407e-09
4699,-3.8730382927594225e-09
4700,8.544921535689033e-10
4701,9.132263937781023e-09
4702,1.209993750804558e-09
4703,-7.91037082986874e-09
4704,2.9206669462945074e-09
4705,3.617294780840769e-09
4706,-6.04420942202554e-09
4707,7.872988086232303e-09
4708,-3.697997034300526e-09
4709,1.522187710789432e-09
4710,-3.835457856694365e-09
4711,-5.672102316496675e-09
4712,2.7292707968296064e-09
4713,-4.7046512050238e-09
4714,1.2337965260253968e-09
4715,2.0450227376329113e-09
4716,1.4407160259287434e-10
4717,-1.2986033217268251e-08
4718,-1.5029982109044417e-09
4719,-1.8952024636034234e-09
4720,-1.0112884765488383e-08
4721,4.864865283768691e-10
4722,9.233054779218376e-09
4723,-2.1582351453166115e-08
4724,2.1405312340793825e-08
4725,-2.7940675959270496e-10
4726,2.8167319484648035e-09
4727,-8.850112930481736e-10
4728,2.538655347990305e-09
4729,2.6156312943854305e-08
4730,-5.721339357453671e-09
4731,-9.271571235780118e-10
4732,-2.799960316478733e-09
4733,-1.546540975907443e-08
4734,3.276603574753597e-09
4735,6.520441135182251e-09
4736,3.2075794202888355e-08
4737,-2.9334596807568423e-09
4738,-7.688483414032463e-09
4739,5.9676693881381834e-09
4740,2.71314411058173e-08
4741,3.9168735863744384e-09
4742,-8.931659209682107e-10
4743,-5.104591802025468e-09
4744,1.2066680283748147e-09
4745,1.1229275872442616e-09
4746,-5.176487781400627e-09
4747,-4.2609189539185315e-09
4748,-8.010706831920996e-11
4749,4.3107890855589405e-10
4750,1.833444165138878e-09
4751,1.731857687401353e-09
4752,6.0680413571063e-11
4753,-1.6265902613000223e-09
4754,-8.825142769820201e-10
4755,-1.101881522298603e-09
4756,-9.993606333627501e-09
4757,4.833119111661519e-10
4758,-3.2112254255127338e-09
4759,6.033407458843828e-09
4760,-2.898737184803121e-09
4761,-1.2231279588389251e-08
4762,-6.5166226413858455e-09
4763,4.006325926572892e-09
4764,-1.336918021191186e-08
4765,-7.0206951443432775e-09
4766,-7.015331909575699e-09
4767,2.4925723281946755e-09
4768,-5.354071950923172e-09
4769,3.5636832835921526e-09
4770,-7.90234966596448e-09
4771,-1.121666034653426e-08
4772,3.265092048359257e-09
4773,-2.3656922047145653e-09
4774,1.7311082412996723e-08
4775,4.988613791039952e-09
4776,-2.9177039668695346e-09
4777,1.78094503167021e-09
4778,-1.5232225962802114e-09
4779,2.751627041879572e-08
4780,8.052012443882053e-09
4781,9.721425376299138e-10
4782,-8.597957078957954e-09
4783,2.6001570720088853e-09
4784,3.902682839024563e-09
4785,9.04433905323533e-09
4786,-6.022662117692035e-09
4787,-2.604931144805379e-09
4788,5.809224911371121e-09
4789,2.0906845363231086e-09
4790,-7.678546062536445e-09
4791,-5.419683004995721e-09
4792,-1.9502501154648848e-09
4793,-5.489680569825489e-09
4794,1.6157940530040494e-09
4795,-1.0760332859984326e-08
4796,-2.4805606193457502e-08
4797,2.086305245513466e-08
4798,-2.5316455610599766e-09
4799,-8.778866131109383e-09
4800,-5.560652866070928e-09
4801,-1.547570007908917e-09
4802,1.1647182779332095e-09
4803,1.0998665426717625e-08
4804,-8.44483032771212e-09
4805,2.9736584037802046e-10
4806,2.2127290005286385e-09
4807,-3.1489782551305438e-09
4808,2.237716596426323e-09
4809,-5.868647159527088e-09
4810,4.317260511143268e-09
4811,-3.001026617903872e-09
4812,-2.0018697582729958e-09
4813,1.8226391052386324e-09
4814,6.886364803621122e-11
4815,-1.2960179334577477e-08
4816,1.9965300286486415e-09
4817,2.3094053490913904e-09
4818,-2.3239476428124863e-09
4819,3.1015067823824358e-09
4820,-7.890983201269954e-10
4821,-4.391067142448749e-09
4822,-4.848945358551195e-10
4823,-3.3770754415219363e-09
4824,-2.392951442918994e-09
4825,-1.1445822365885783e-08
4826,-1.447412252853938e-09
4827,-5.256882469021472e-09
4828,4.5019297813837183e-10
4829,-1.73960120256178e-08
4830,7.19818628135422e-10
4831,2.3251974943317244e-09
4832,-1.7836437225174377e-08
4833,6.576591046184829e-09
4834,-1.432760374628402e-09
4835,-1.5057629076015207e-08
4836,1.6420190042136963e-10
4837,-3.4655449563252482e-09
4838,-9.670544649786176e-09
4839,3.885359505313575e-09
4840,-1.0571905462938912e-09
4841,-1.0752489809900745e-08
4842,-3.584416603340484e-10
4843,-1.155205265420043e-08
4844,2.3715308155452473e-08
4845,6.774761590407144e-09
4846,-1.541112974363283e-09
4847,-1.4581974587765362e-09
4848,1.231594664280382e-08
4849,4.824665494702558e-10
4850,1.0504022707123181e-08
4851,9.863710896430247e-10
4852,1.1326266272028908e-09
4853,1.7213688063909292e-09
4854,4.7260720375121695e-09
4855,-6.556689147550994e-09
4856,-1.6385563055623411e-09
4857,-2.124464535503057e-08
4858,1.56060974915459e-09
4859,3.2938733699561497e-09
4860,4.425747407962636e-09
4861,-1.463863583064316e-08
4862,-4.3147005045134305e-09
4863,1.395043662193297e-09
4864,1.610559811090366e-09
4865,-5.379985780804334e-10
4866,1.179998727624773e-10
4867,-1.2199007109490142e-08
4868,-1.1559862826856237e-08
4869,-3.1093023428607956e-09
4870,-7.569143326236105e-09
4871,1.2586919793504208e-08
4872,1.605026142546215e-08
4873,-5.479396924746207e-09
4874,4.9766146374329635e-09
4875,5.432935531159506e-09
4876,2.8123288070331615e-09
4877,-2.6722476046213863e-09
4878,1.0804796876721278e-08
4879,5.845439622973184e-09
4880,5.7920151681031675e-09
4881,-2.445759835970094e-09
4882,-3.4810275589081475e-09
4883,-7.708722862986252e-10
4884,-4.685272654769456e-09
4885,-1.5491683581522506e-09
4886,-1.480276083563962e-09
4887,1.5612200943417514e-09
4888,1.318632726862537e-09
4889,-5.73210369992354e-09
4890,-4.383413869860981e-10
4891,4.74185296988793e-09
4892,4.674857657238021e-10
4893,2.0598828640614416e-09
4894,2.4273021602295594e-09
4895,-9.161060436723177e-10
4896,-7.260242818215725e-09
4897,4.546348602578833e-09
4898,-3.6868109582640884e-09
4899,-1.9047439425956414e-08
4900,-8.351670802349218e-09
4901,-3.1532098389973845e-09
4902,2.383476451694927e-08
4903,-8.864563131266734e-09
4904,1.951980264151922e-09
4905,-3.5479414885943896e-10
4906,-4.356220824312038e-09
4907,4.879243662365254e-08
4908,7.464962172351632e-11
4909,2.6220772755625486e-08
4910,-2.724765828884718e-09
4911,-1.1920620500026054e-08
4912,4.269437351410058e-09
4913,-2.6228574653090542e-08
4914,-1.920746286302488e-08
4915,-4.702481408185584e-09
4916,1.3479413400631283e-08
4917,2.6087451187170672e-08
4918,-2.9163823933683894e-09
4919,2.617942662199132e-09
4920,-9.245283219730508e-09
4921,-8.744673869862356e-10
4922,-4.03391353463871e-09
4923,-1.6717737535589205e-09
4924,-3.1521113480902623e-09
4925,9.010944414774151e-09
4926,-2.9567742646722423e-09
4927,5.905781943352882e-10
4928,-1.6809493491124238e-08
4929,-1.6315971787220774e-09
4930,4.109644784603142e-09
4931,-2.9300552886739757e-09
4932,2.5568703236611145e-10
4933,2.05417343754509e-09
4934,7.074849781094543e-11
4935,1.0304277844831714e-09
4936,3.7340569185133597e-10
4937,-3.1614446752739077e-09
4938,-5.908741553209821e-11
4939,-5.0477670973262265e-09
4940,-2.553852866772879e-09
4941,-9.127074994229195e-09
4942,-3.3796979219192258e-09
4943,-4.9305960041186215e-09
4944,-7.635260847995117e-09
4945,-4.273684866261991e-09
4946,-3.0816927813751885e-09
4947,3.597373858450068e-08
4948,-1.8401414634464585e-09
4949,1.261139539570492e-08
4950,-5.961059928679342e-09
4951,1.7441774092762971e-09
4952,-4.379515644084215e-09
4953,-2.35696391456215e-09
4954,-1.4245801031758093e-08
4955,-1.1807855751512374e-09
4956,1.3702495467741503e-09
4957,-6.277434895192703e-10
4958,-4.848253426157707e-09
4959,1.6846793347673645e-08
4960,-5.268166060165122e-09
4961,1.1317999559342242e-08
4962,-1.5989453140730036e-09
4963,2.3380161096226816e-09
4964,-6.852625969907734e-10
4965,-4.697761620129034e-09
4966,-6.0795395443426365e-09
4967,-7.20135098396917e-09
4968,-1.3554728012070395e-09
4969,3.833854639975404e-09
4970,-1.1001366232450748e-08
4971,-8.046537959259099e-09
4972,-4.882028509231284e-09
4973,-3.818697952918533e-09
4974,-3.814825502592395e-09
4975,2.0884882112973383e-08
4976,-1.4164592908327263e-09
4977,-2.097013865159351e-10
4978,1.7361769031520538e-09
4979,3.723222789239286e-09
4980,-3.171865873926466e-09
4981,7.134887463315967e-09
4982,-1.3403323322359122e-08
4983,-1.0531368018337709e-09
4984,2.492765406421599e-09
4985,-3.561762754777132e-09
4986,1.062861406647727e-09
4987,-3.6670764193680976e-09
4988,1.1721561596200971e-09
4989,3.9530423658514525e-10
4990,-7.316056651854427e-09
4991,-1.4031823864008786e-09
4992,-9.82719362923282e-10
4993,7.614225183794558e-09
4994,8.902570353200347e-09
4995,5.666065828268375e-10
4996,-6.96087179185149e-09
4997,2.043479281488725e-08
4998,-3.874828613502737e-09
4999,4.761501199798377e-10
5000,9.794769235882965e-09
5001,-2.057878375748384e-09
5002,6.0525047422717556e-09
5003,-3.3610891281862466e-08
5004,1.6027207127664788e-09
5005,5.360902967359734e-09
5006,-2.8598697387256104e-09
5007,-4.613962633250407e-09
5008,7.124015559537225e-09
5009,-1.6705388969628235e-09
5010,-2.989421440869997e-08
5011,-5.662127444250173e-09
5012,-1.844953794308518e-09
5013,-5.4262348523562485e-09
5014,1.652353137016552e-10
5015,-1.4609080328327187e-10
5016,-6.162189468432387e-09
5017,-3.215564819376895e-10
5018,-5.596428243365078e-10
5019,-1.0303400085253686e-09
5020,-6.805808403541495e-09
5021,3.235096523675555e-09
5022,8.172854374561628e-09
5023,-1.3912038507015545e-09
5024,-4.071678017235282e-08
5025,8.857788342183033e-09
5026,-1.4914924598965697e-10
5027,-4.789238393833662e-09
5028,-2.5435554441946447e-09
5029,2.2816663262434478e-09
5030,9.69875658809782e-09
5031,-4.357348302733543e-09
5032,-2.9055837840118265e-09
5033,-1.929079463890511e-10
5034,-6.352616763379969e-09
5035,-4.647286524050701e-09
5036,2.9745412240374535e-08
5037,2.4638119949897912e-09
5038,2.1625249817608284e-09
5039,-2.790923707272449e-09
5040,3.275882474996095e-08
5041,-4.6088946454381374e-09
5042,-9.091690342770034e-09
5043,-2.5810161791208e-09
5044,3.4790989971214046e-09
5045,-3.0479075655724366e-09
5046,2.9399739618307087e-09
5047,-6.70215644603547e-11
5048,-3.2934018780668077e-09
5049,1.605879916687996e-08
5050,-1.0049113861545976e-08
5051,-7.283140679165571e-09
5052,6.031722644036626e-09
5053,-2.659647577116174e-09
5054,3.878916241245291e-09
5055,-1.0612895306549856e-08
5056,-1.9356912773393408e-09
5057,4.840290800934698e-09
5058,-4.164273807817755e-09
5059,-2.05760094415444e-09
5060,-1.5872350488448837e-09
5061,4.6441368520785335e-09
5062,-8.651110334974432e-09
5063,9.930567116286714e-10
5064,-3.6188030580447724e-09
5065,-6.425332739350897e-09
5066,-4.392324446326321e-09
5067,1.5585326489875558e-10
5068,-1.4615267124842745e-09
5069,-1.8905689236869245e-11
5070,-4.219692662750757e-09
5071,-2.6483641995532913e-09
5072,3.4872812422065106e-09
5073,-6.557182240745877e-09
5074,7.102850504767139e-09
5075,1.0178731378531247e-08
5076,-1.626805473588177e-09
5077,-2.3455995967029397e-09
5078,-2.1045433662255304e-09
5079,1.9876882453034274e-09
5080,-3.018107386228432e-08
5081,2.7868399057324516e-10
5082,2.2042908388773907e-09
5083,7.797586236844984e-09
5084,-5.11416057499619e-09
5085,-1.3873088385882872e-08
5086,4.206264295957347e-09
5087,-9.214622240295245e-10
5088,1.030795281680706e-10
5089,5.730913159455055e-09
5090,-2.7866686319243862e-09
5091,-4.307086344168745e-09
5092,-8.847673474063103e-10
5093,-7.362259504452366e-09
5094,-4.6265857047318936e-10
5095,1.735146651508167e-09
5096,5.772980672905412e-09
5097,6.470745954520895e-09
5098,5.645431110519831e-10
5099,-8.688061968666353e-10
5100,-1.736696138062726e-08
5101,-7.509115096458744e-09
5102,1.780168746890411e-09
5103,-3.3416311208477937e-09
5104,-6.007107282801856e-09
5105,1.3849667300721953e-08
5106,-2.5502080901414595e-09
5107,-4.853052169874165e-10
5108,-1.0548932053846727e-08
5109,-8.39927379057089e-09
5110,-5.4929524457387705e-09
5111,-9.969383533495884e-11
5112,4.312115477834921e-10
5113,-4.739977176489991e-09
5114,-3.6210812580546456e-09
5115,9.38802784584254e-09
5116,-1.9672356041290194e-09
5117,-1.2295723595133122e-08
5118,1.9008520961626414e-08
5119,4.28938473108182e-09
5120,1.4011800128985774e-08
5121,-5.8906841473498124e-09
5122,1.4726425271766364e-08
5123,-4.1610875859856776e-09
5124,-3.4016164118905735e-08
5125,1.3060763833053592e-09
5126,-3.556220399732573e-10
5127,-5.497171895387306e-10
5128,-5.097855457717427e-09
5129,-5.021645700061068e-09
5130,-9.752906968684899e-09
5131,8.023065746440612e-09
5132,-3.54817286855508e-09
5133,-4.741812598131816e-10
5134,-4.577692014296335e-09
5135,-1.88519884781865e-09
5136,1.613818407922432e-08
5137,-1.232335320295687e-08
5138,-8.000817405071932e-09
5139,-3.536284684997074e-09
5140,-6.842607627473134e-09
5141,1.253771535872265e-08
5142,-9.76281978950652e-09
5143,-1.5965328081944485e-09
5144,-9.463590846429648e-09
5145,1.3269562139180151e-08
5146,-1.323078324628382e-09
5147,2.4811016538659754e-10
5148,8.284366033551477e-09
5149,4.30227647872192e-09
5150,-2.2352517272644643e-09
5151,-5.63170134062777e-09
5152,2.127300043154544e-08
5153,-7.014329651856383e-09
5154,-5.586897726651571e-09
5155,-4.233904122700929e-09
5156,-5.756773232741048e-09
5157,-5.188179817754542e-09
5158,-3.986171211661143e-09
5159,5.116774208000061e-09
5160,8.936005148444721e-10
5161,1.7388568161944764e-09
5162,-3.1379983858119786e-08
5163,-2.2504288924791797e-09
5164,3.2193247038294705e-09
5165,8.791138399918903e-10
5166,5.732471444530841e-09
5167,-9.758851903045093e-10
5168,-9.48298365640683e-09
5169,-7.2477958814271335e-09
5170,1.4392484932006374e-08
5171,-4.1768725196841646e-10
5172,-5.7284381287204925e-09
5173,1.7447769323199762e-08
5174,-1.1858920496641878e-08
5175,-5.706486773444049e-09
5176,7.3772082249719266e-09
5177,-3.96059553623127e-10
5178,-1.4431174546375543e-09
5179,-1.412712183089611e-09
5180,8.39011961913484e-09
5181,-1.1245246465933451e-09
5182,-8.48563145689793e-09
5183,1.0998203710376637e-08
5184,-2.3289139124922317e-09
5185,-3.1526375695272977e-08
5186,-7.481682562967675e-09
5187,6.797499497695109e-09
5188,-2.121752485418172e-09
5189,-8.908302487591521e-10
5190,1.178110738690424e-08
5191,1.8152992792627804e-08
5192,5.758625570046541e-09
5193,-7.957836067032709e-10
5194,-2.8843976738555983e-09
5195,8.260189429281704e-09
5196,1.197219130274816e-08
5197,1.3028793903838359e-08
5198,-9.879566968965306e-12
5199,-1.09380085161895e-08
5200,-1.0470186231208833e-08
5201,-3.1811516870508664e-09
5202,4.905263419819794e-09
5203,-1.9453412025362902e-09
5204,1.5952422581730818e-08
5205,-2.0686419333277514e-09
5206,-5.180239980673703e-09
5207,3.0970212964925173e-09
5208,-5.675908426500865e-09
5209,-1.5847852025312264e-09
5210,-4.001983823519876e-09
5211,-1.8250179190433592e-09
5212,3.436704436398384e-09
5213,-5.514703304267337e-10
5214,-3.97691521834455e-09
5215,-6.771263416170882e-09
5216,1.1691677765007054e-08
5217,2.1558900949117543e-08
5218,1.7710900369258193e-10
5219,-4.134724747460388e-10
5220,7.13926204620206e-09
5221,-7.830449309261684e-09
5222,2.0736514339544438e-09
5223,6.925363871504278e-09
5224,4.561005256783827e-09
5225,-7.322201476088591e-10
5226,1.2825492186404179e-08
5227,3.961771642238465e-09
5228,-2.8741259605830474e-09
5229,-7.2218959051706795e-09
5230,3.6103326574771642e-09
5231,2.3591574071602755e-09
5232,-3.1953291626705044e-10
5233,-2.0836709570547604e-09
5234,-5.3357770923677474e-09
5235,9.46932322777163e-10
5236,4.041185777037512e-09
5237,1.4501532049668748e-09
5238,3.518792138850081e-09
5239,1.5956056394125074e-09
5240,2.1600106637485202e-09
5241,-1.3844149962669772e-09
5242,-1.8071603212555017e-09
5243,-5.419698687454329e-10
5244,-4.6009847416218055e-09
5245,-2.4630231170827405e-08
5246,-7.919657257054025e-10
5247,3.09623859607149e-09
5248,1.5269876564863208e-09
5249,9.786902556301458e-09
5250,-1.5866227426895216e-09
5251,-9.655231942203387e-09
5252,1.2813359644613129e-08
5253,-9.106989025971033e-09
5254,8.712037178730448e-09
5255,2.9998466663636966e-09
5256,-5.181084736454163e-09
5257,1.0497614033472955e-09
5258,-4.5211172581511467e-10
5259,3.6778637379085107e-10
5260,-3.057958289665788e-10
5261,3.601891916592831e-09
5262,-3.5412229523508465e-09
5263,-1.085802946185406e-09
5264,-2.9275688135674723e-09
5265,-4.911597088837674e-09
5266,1.6806463437036834e-08
5267,2.073314555811673e-08
5268,-9.19557954447756e-09
5269,9.187004364693144e-10
5270,3.415536680116571e-10
5271,4.1441324059685976e-09
5272,-1.441480869934255e-08
5273,-3.1142471848588568e-09
5274,-8.847452986916817e-09
5275,2.0065189952314575e-08
5276,-1.8887852933067522e-08
5277,-2.225503404610842e-09
5278,-5.790925857910764e-10
5279,-1.556362651937142e-08
5280,1.6154794299910056e-08
5281,-2.080373739191466e-09
5282,1.0416159085302921e-09
5283,1.012060838424718e-09
5284,-1.0008165925844487e-09
5285,-5.5589837532291875e-09
5286,-2.030884587302688e-09
5287,8.421429754680369e-09
5288,-3.418249529339616e-09
5289,7.111174191255823e-09
5290,-1.374895552949203e-09
5291,3.4232968122435574e-10
5292,-4.680613314220287e-09
5293,4.669221871893506e-09
5294,-6.746435670195479e-09
5295,-7.26420307046061e-10
5296,-5.748191127949029e-10
5297,-4.796135479656989e-09
5298,3.106935575378556e-09
5299,4.480616478503468e-09
5300,-2.94809514870082e-09
5301,-9.93217725076151e-09
5302,8.312101365993676e-09
5303,1.6630447366221134e-09
5304,-1.1340589279826571e-09
5305,-3.953065928636977e-09
5306,7.300273868776285e-10
5307,8.179896029720375e-10
5308,1.3351518197547506e-09
5309,-1.1465012219243951e-08
5310,-2.9693104626695835e-09
5311,2.6482043903149637e-10
5312,5.820079941940182e-10
5313,2.3876305682093265e-08
5314,-2.5045549992444904e-10
5315,-1.4728920896610434e-08
5316,-2.1948928266874957e-09
5317,-1.2478732999580487e-08
5318,5.760639633988008e-10
5319,-2.1038018835613552e-09
5320,-7.582946005496741e-09
5321,-1.1098276993676319e-08
5322,8.521707932733621e-10
5323,5.193007302815167e-10
5324,6.706446383749006e-10
5325,1.924423835504294e-09
5326,2.8925678948191446e-08
5327,-1.730185327716261e-09
5328,1.0264607416063897e-08
5329,9.520722832496119e-09
5330,1.5386103921142966e-08
5331,7.851565715301821e-09
5332,2.6126362808176153e-09
5333,1.9462818832129305e-09
5334,2.762359694125043e-08
5335,4.235272890733189e-10
5336,-9.1660809795277e-10
5337,2.006194155015282e-08
5338,-1.2429956977261965e-09
5339,1.4257953652044812e-08
5340,4.370526936645585e-09
5341,5.396345868026756e-09
5342,-2.1893137912808394e-11
5343,5.449565863583185e-09
5344,1.540125078580775e-08
5345,-2.9296949457965626e-09
5346,-3.496331317503547e-09
5347,-1.999130948336638e-09
5348,-2.8277451733110395e-09
5349,2.566996824186291e-09
5350,-9.76745287212709e-10
5351,-8.900705364567829e-10
5352,6.508194737527393e-10
5353,-6.686750036379543e-10
5354,-5.358347362530601e-09
5355,1.0426087608636541e-09
5356,2.063852106429998e-09
5357,-2.2245175423658018e-10
5358,-3.990043047049751e-09
5359,-2.9734798439612965e-09
5360,-1.1214169074356617e-08
5361,-9.526272947829675e-09
5362,-1.4668146941392066e-09
5363,-1.8539881229164263e-09
5364,-4.286849733247675e-10
5365,1.5499973601531718e-08
5366,7.163652873498281e-10
5367,5.259661301830165e-10
5368,-5.375887661000512e-09
5369,6.488554916703521e-09
5370,-1.1195395521059982e-09
5371,-3.1284320533551632e-09
5372,-1.4353161209538798e-08
5373,-9.78266859320858e-10
5374,1.3063832821305633e-08
5375,7.559947653099681e-09
5376,1.1518997746902315e-08
5377,-1.1584569418499616e-08
5378,-1.528323562584657e-09
5379,3.365402760175424e-10
5380,3.3631598322597127e-09
5381,-3.8760202494981595e-09
5382,-4.806388090524298e-10
5383,-1.922565985070829e-09
5384,-3.537889199085723e-09
5385,-5.704892602942403e-09
5386,-7.397817300326438e-09
5387,-2.9256337918704432e-09
5388,-5.62878206967647e-10
5389,1.097445361175019e-09
5390,9.971291889538858e-09
5391,-9.684209113845436e-09
5392,2.165305272957862e-09
5393,5.661712940891476e-10
5394,-5.149429996397799e-09
5395,-6.50786469828022e-10
5396,4.754873324247759e-09
5397,6.863590086124417e-09
5398,-6.6574953477017485e-09
5399,-3.1575889925213316e-09
5400,-3.891788260258359e-09
5401,3.587846252122292e-10
5402,-7.951706848216335e-09
5403,1.1747722640204172e-08
5404,-5.95459931836458e-09
5405,-2.630140168647097e-09
5406,1.7457141317225714e-08
5407,-1.716344197513365e-08
5408,8.659328666239156e-10
5409,8.387902472036996e-09
5410,-4.535966219599228e-09
5411,-1.5624174889212203e-09
5412,-1.6646542663771227e-09
5413,1.0827214820391727e-08
5414,2.1266943757729e-09
5415,-2.771713768284633e-09
5416,-3.3141396413328096e-10
5417,-1.367936433804346e-09
5418,-3.27508999801171e-09
5419,-4.5399379728644985e-09
5420,-2.1750738487190554e-09
5421,-1.2427233031763585e-09
5422,-6.561984133619453e-10
5423,-2.0535099691586774e-09
5424,9.87010796825089e-10
5425,1.2601843814958723e-09
5426,-3.0663941249831308e-09
5427,-2.009701909194262e-09
5428,2.8528284804887386e-09
5429,-1.7461770967633416e-08
5430,-3.2629150308194177e-09
5431,-9.481627178640766e-09
5432,-4.375344447357979e-09
5433,-1.0680409809332088e-09
5434,-1.593239405599901e-08
5435,6.9573633250042925e-09
5436,7.410830489799528e-09
5437,8.681978048938587e-10
5438,-8.697514293986399e-10
5439,1.2888801073219086e-08
5440,7.925322759306866e-10
5441,-5.353511600166479e-09
5442,-2.7374292787748833e-09
5443,-1.132150045556684e-09
5444,2.152831987022132e-09
5445,-8.354276692355958e-09
5446,-1.3537726454882196e-09
5447,2.35056366221588e-08
5448,-6.018160313828877e-09
5449,-3.3499719578453465e-09
5450,-1.5654436981585037e-08
5451,1.5916717765344523e-08
5452,4.749500335263681e-09
5453,9.18828315236768e-09
5454,-1.1364652076360291e-09
5455,1.6438208595048128e-10
5456,-1.1180522868721194e-08
5457,-3.911918018733473e-11
5458,1.9768538514377952e-09
5459,-1.7141680821957747e-09
5460,2.015562123976125e-09
5461,3.0572213575580017e-09
5462,-1.6703633379013125e-08
5463,4.528754402219238e-09
5464,-3.77275960874822e-09
5465,-7.843610016664618e-09
5466,1.5797978292681184e-08
5467,-8.444826895334099e-10
5468,-4.2268640695811014e-10
5469,1.038541958642467e-08
5470,-4.279765919308334e-09
5471,-2.585738420329541e-09
5472,-1.0619345650120051e-09
5473,2.3852289644082527e-09
5474,-1.3515121991709536e-10
5475,-4.445343458341805e-09
5476,1.1285942089521748e-08
5477,-3.3006507601201325e-09
5478,3.9380226618687845e-09
5479,-4.693963209136817e-09
5480,2.664587223401681e-09
5481,-7.308809566771835e-09
5482,3.673733321439881e-09
5483,-1.2239457639391079e-08
5484,-1.6821617407709463e-08
5485,-5.74822860894742e-10
5486,-3.542877832969155e-08
5487,2.3319591542648775e-09
5488,4.0080374856072085e-09
5489,1.1352426539842918e-08
5490,-3.8112187280836615e-09
5491,6.0856480970102626e-09
5492,-8.088971663292032e-09
5493,2.191920544642588e-09
5494,-6.0837843810362525e-09
5495,-2.498584375510107e-09
5496,9.145917370095543e-09
5497,6.161248718008053e-09
5498,2.2992277582801683e-09
5499,-2.0743081133885567e-09
5500,-2.118850414245321e-09
5501,2.1873226913041827e-08
5502,-2.0977475028460098e-09
5503,8.27898334673633e-09
5504,-3.9710797811091034e-10
5505,1.5996118967546103e-08
5506,1.4668518442262619e-09
5507,-3.099994320086178e-09
5508,-1.750376768720788e-08
5509,2.204220762309023e-08
5510,5.522970054732119e-10
5511,1.051650968963327e-08
5512,-7.141658987282406e-10
5513,2.76032345736371e-10
5514,-2.192373039017067e-09
5515,7.3731287579248235e-09
5516,-1.391885502559656e-09
5517,-7.822408741451207e-09
5518,2.2295959041694625e-08
5519,5.241979306481015e-09
5520,-3.7527731339100353e-10
5521,9.188039172433775e-10
5522,-1.900625184229568e-08
5523,1.999929379393692e-09
5524,-3.108645135173814e-09
5525,2.2832849992348932e-08
5526,-8.16581444581853e-09
5527,-8.709387282368109e-09
5528,3.086172169441918e-09
5529,8.663918515126885e-10
5530,5.704351426749888e-09
5531,-8.349223233250585e-09
5532,-2.0026417105239395e-09
5533,2.153492072689094e-09
5534,-5.4143675726131396e-09
5535,-9.998446082033577e-09
5536,1.8213082409401664e-08
5537,-6.864559993562935e-09
5538,1.0088690497055913e-09
5539,-1.4224720548184224e-09
5540,1.3171925050831188e-08
5541,-2.8211711978799887e-09
5542,1.7217313760557066e-08
5543,2.079733402870592e-09
5544,2.0020313054013508e-08
5545,-4.995773825513173e-09
5546,-2.9320602236891594e-10
5547,8.344021166240132e-10
5548,3.6023006935842222e-09
5549,-7.960959528859512e-10
5550,7.526025657726376e-09
5551,-1.6831911909176985e-08
5552,7.774546169403722e-10
5553,-1.2833532591525983e-09
5554,6.9893295393479475e-09
5555,-9.265934466553944e-09
5556,8.886275389951474e-09
5557,-1.445155507847833e-09
5558,-3.3619577635492713e-09
5559,-9.139473339893267e-09
5560,-1.1896366340041906e-08
5561,3.3291133622645955e-09
5562,3.816293165874427e-09
5563,-4.066026554865841e-09
5564,-1.0257154085560188e-08
5565,-5.205652677749936e-10
5566,3.4415352804398555e-09
5567,1.4266700142190139e-08
5568,1.5138821737185157e-09
5569,1.1804265524906256e-08
5570,1.976506207411256e-09
5571,-1.6071538678975312e-08
5572,-9.900865730503183e-10
5573,-4.7785943525028036e-09
5574,-6.491143037341493e-09
5575,-4.346440514088949e-09
5576,-2.056686465806609e-09
5577,-5.77775746321219e-09
5578,-1.0390447442528637e-08
5579,-4.9753517091071555e-09
5580,-1.0772040931507141e-08
5581,3.143359498479776e-09
5582,2.4653768913201555e-08
5583,5.614887813397545e-10
5584,-5.099593865795105e-09
5585,-9.962490598401418e-09
5586,-1.536641570858728e-09
5587,1.0021290473553907e-09
5588,2.38637753195187e-08
5589,2.0633512132254375e-09
5590,-1.1723159670575057e-09
5591,-1.1805446682384437e-09
5592,3.8600882201042785e-10
5593,-1.1817213471403803e-09
5594,-5.170347043295125e-09
5595,-5.82000691075074e-09
5596,1.909566916680366e-09
5597,-3.316106280800792e-09
5598,2.1035857106348197e-08
5599,-1.9042309965249374e-09
5600,-1.0029110982680213e-08
5601,-3.7586413427488634e-10
5602,-1.2414359328437267e-09
5603,1.0906742575698455e-08
5604,1.41425923692073e-08
5605,2.2303804991335304e-09
5606,-2.6817399080116254e-09
5607,-1.501082017227564e-08
5608,-2.7634874071638936e-09
5609,-2.6013916392053757e-09
5610,6.507329209804496e-09
5611,-5.992340110614255e-09
5612,-1.3486991820856867e-08
5613,-3.826813610260157e-09
5614,-1.1644519702082972e-09
5615,-1.241716510850282e-08
5616,1.3523109886354665e-08
5617,1.9226589030293993e-08
5618,-9.225645800238219e-10
5619,1.1398654118210637e-08
5620,-9.70793803723487e-11
5621,1.2764257084202217e-08
5622,9.281362441915136e-09
5623,-6.813050457188214e-09
5624,-1.3717635084268013e-10
5625,-4.5495405759521814e-09
5626,1.532239828186897e-08
5627,5.655924318007653e-09
5628,-9.859928662599208e-09
5629,-5.905050274883799e-09
5630,1.148745612904215e-08
5631,-6.6655944727274504e-09
5632,-1.6920430715428892e-09
5633,-4.55985621616466e-09
5634,2.2306355647169417e-09
5635,8.860759369752396e-10
5636,-2.7442458613613987e-09
5637,-1.0216903022195267e-09
5638,-3.329319993435104e-09
5639,-3.2881554784993484e-09
5640,1.8654588128226317e-08
5641,-2.422811674848848e-08
5642,-1.0155213119087724e-08
5643,6.027569556774666e-12
5644,-1.5496796613668135e-09
5645,-2.842252601106739e-09
5646,-1.492371965476606e-09
5647,2.6688784879334137e-08
5648,9.154701483580844e-09
5649,1.1894551623208949e-08
5650,-1.4869565088202095e-08
5651,-5.316087730686721e-09
5652,1.4554636152945387e-09
5653,-1.1065614868702277e-09
5654,1.7507552846541618e-08
5655,-1.3026942592253106e-08
5656,2.4271588183622418e-08
5657,-1.1274656798570377e-08
5658,8.028280158917953e-09
5659,3.0936609228826006e-09
5660,-3.980661540677341e-09
5661,1.4591062238512816e-08
5662,-4.900585599621758e-10
5663,3.226209098045063e-10
5664,-8.170601647017121e-10
5665,-5.723597787890573e-10
5666,3.983616541807907e-09
5667,3.310020766985681e-09
5668,9.40219825748375e-09
5669,-3.8321398272139145e-09
5670,-7.314248949949616e-09
5671,5.45287120225607e-09
5672,-1.0799251958199507e-08
5673,-1.9538519132701928e-08
5674,3.2064765543861595e-10
5675,-5.086743932620886e-09
5676,-1.6381075042974662e-09
5677,7.3525595419892926e-09
5678,6.008310394573144e-09
5679,3.5663373505497115e-10
5680,-1.0842606061807736e-08
5681,4.490825424873416e-10
5682,2.014335343576458e-10
5683,-6.617419084309719e-09
5684,2.626490612760242e-09
5685,-2.4931010344751243e-09
5686,-8.2143916356357e-09
5687,-7.089915496464957e-09
5688,-1.9071679407062725e-09
5689,-2.740895211885948e-10
5690,-2.2473479555961228e-09
5691,2.439529092174284e-08
5692,4.950185416114038e-09
5693,-5.081868057036062e-09
5694,-1.8442853917827926e-11
5695,1.5130778783377273e-08
5696,-1.2292132844913453e-08
5697,-8.134541311320432e-09
5698,1.9439535494679632e-09
5699,7.429405887594556e-09
5700,4.5736332720782974e-09
5701,1.0680536926763483e-08
5702,-2.921919512672807e-09
5703,2.2690724162379898e-08
5704,3.117589563734454e-08
5705,-1.504346632430928e-09
5706,1.8827134592679703e-08
5707,8.281388503952876e-09
5708,-1.2504562653487035e-08
5709,-2.184071767438203e-09
5710,-6.392319966241121e-09
5711,-1.8143258958628587e-08
5712,9.008627100452071e-10
5713,3.1518334248203522e-09
5714,-9.03058441842907e-09
5715,-4.1220802217278554e-11
5716,-4.625891609106014e-09
5717,-1.6287275912626548e-09
5718,-8.753296364580388e-09
5719,-1.4359920289168924e-08
5720,-2.8297389251333215e-09
5721,6.789142165130447e-09
5722,-5.939298296341883e-09
5723,5.096781205141365e-09
5724,-2.6056372428206034e-09
5725,-7.192377791261587e-09
5726,4.926064306179304e-09
5727,-1.7652903038023473e-08
5728,-5.14142694869478e-09
5729,-1.7283792432757685e-09
5730,9.8760500466468e-10
5731,-3.178152813527361e-09
5732,-1.9053241950627127e-08
5733,-4.539646660119959e-09
5734,-1.3684887682382097e-08
5735,4.211020112839847e-10
5736,-1.7084726145341552e-09
5737,-7.120531430704144e-09
5738,1.1913377971212922e-09
5739,-1.364048161391816e-09
5740,4.4214892699634085e-09
5741,-1.597423528598282e-09
5742,-4.8087244362037285e-09
5743,-1.6353265807586434e-08
5744,-4.638598382080234e-10
5745,4.5401971008300406e-10
5746,-3.995764529149898e-09
5747,-1.5637620706973851e-09
5748,-3.90935685813222e-09
5749,3.2517890857715196e-09
5750,-5.898332437225451e-09
5751,-3.42396822766102e-09
5752,1.2162742577577021e-08
5753,-3.918199477045068e-10
5754,-5.527363918484324e-09
5755,-9.123295647309869e-09
5756,-3.630348625370697e-09
5757,-1.4106428879686176e-09
5758,4.6583106583905165e-09
5759,-1.1137776793364137e-08
5760,-1.2251157589406016e-09
5761,1.3612719412210496e-09
5762,-2.3196585191985513e-08
5763,-1.0520892624915308e-08
5764,-4.4894903993755304e-09
5765,7.607532876190505e-09
5766,-1.2691703071528971e-08
5767,1.6173294930225592e-10
5768,-4.2551444133723064e-09
5769,-1.9812828346319194e-09
5770,8.340324467717473e-09
5771,-7.2270224254680065e-09
5772,6.004144982560411e-09
5773,1.3307298359363989e-09
5774,-1.1834606520367336e-08
5775,-8.026125231805815e-09
5776,3.7222221355065332e-09
5777,-3.731718128442554e-09
5778,-5.476118241755836e-09
5779,-2.905828302450481e-09
5780,-1.53623736519332e-08
5781,-7.726618141568234e-09
5782,-1.0200357792514016e-08
5783,1.4907215281801358e-08
5784,-7.73653920747089e-09
5785,5.340040419699505e-09
5786,-1.2728602771553078e-09
5787,3.157503568612198e-09
5788,-7.051031198478861e-09
5789,1.2354091088656667e-08
5790,6.9097716401216134e-09
5791,8.774178596260841e-09
5792,-6.062410277264615e-09
5793,-1.3129453441203111e-09
5794,-1.1997553322368257e-08
5795,-9.734094960466324e-10
5796,9.025959801499997e-10
5797,9.640443073452535e-10
5798,1.4451794704007728e-09
5799,-3.264726621120623e-09
5800,-6.790899277103359e-09
5801,-1.0469255074130257e-08
5802,-2.5427439377233155e-08
5803,-5.092466798864111e-09
5804,2.769720514092992e-10
5805,4.266116913599841e-09
5806,-3.788352200873128e-09
5807,1.0038507427743352e-09
5808,-3.293400323671796e-09
5809,2.8170922491031407e-09
5810,2.117542429320212e-09
5811,1.262328397840648e-09
5812,-2.926980983561146e-09
5813,-8.429262143372144e-10
5814,-2.4371612865592927e-09
5815,4.170110003522382e-09
5816,-3.0957466255726596e-09
5817,4.760421430220201e-09
5818,1.0166215474349729e-08
5819,-1.1661845497367798e-08
5820,-1.0207901916478789e-08
5821,1.6501423271646953e-08
5822,-1.6022788041592358e-08
5823,2.6833605736570924e-09
5824,-4.3214165546870013e-10
5825,8.332587749841508e-09
5826,-6.8371135939009865e-09
5827,-4.275516584129252e-09
5828,-1.2414786389394701e-08
5829,1.1958791753109379e-08
5830,-2.411276168086392e-09
5831,-1.3516752584338763e-08
5832,-6.449575557954755e-09
5833,2.526605069530923e-09
5834,-3.2956400467416897e-09
5835,-3.1821169527719844e-10
5836,-8.095800253335424e-09
5837,-5.9252790534460995e-09
5838,3.876554331014064e-09
5839,-7.84696982101832e-09
5840,-5.334618183427927e-09
5841,-1.0601512723248273e-08
5842,8.982075831032754e-09
5843,8.55044116820847e-09
5844,-3.965244810413996e-10
5845,8.887715039391583e-09
5846,-2.6804834695483252e-09
5847,-1.3252723864195202e-09
5848,-9.145819789223038e-09
5849,5.911545120032606e-09
5850,6.506621554523051e-09
5851,-7.42999498046098e-09
5852,-2.003318848835996e-09
5853,-1.482644068726473e-09
5854,-8.4794279322042e-10
5855,1.2136418778666772e-08
5856,-2.33023258049854e-10
5857,2.4924292409302653e-09
5858,1.6851288688758542e-09
5859,5.016866521845186e-09
5860,2.252729463326914e-09
5861,-1.6914332503031534e-09
5862,1.5450266625202693e-08
5863,1.022419143456251e-08
5864,1.1955852087694898e-09
5865,3.778872701436266e-09
5866,7.726972352830798e-09
5867,-2.6998013885238076e-09
5868,4.9589831297184276e-09
5869,-1.5811406384861893e-09
5870,1.047939025644129e-09
5871,2.970516708610483e-09
5872,-1.9803834601109744e-09
5873,-5.794836396304712e-09
5874,-2.1279632004043796e-09
5875,3.1725435474166543e-09
5876,5.088303539310577e-09
5877,-3.0725421768970015e-09
5878,4.321923645870931e-09
5879,-1.0079529176058608e-08
5880,9.983197117975755e-09
5881,-2.8396331474724163e-10
5882,-2.0445190638214447e-08
5883,1.1358390414390243e-08
5884,-1.3625067988930588e-08
5885,1.4436064929416125e-09
5886,4.565944589456861e-09
5887,2.7672277339843472e-09
5888,-1.4334941767978715e-08
5889,2.0070552041295834e-09
5890,6.983553437174016e-09
5891,-7.3813529111877535e-09
5892,-1.966377247313357e-09
5893,-8.672460336466743e-10
5894,-7.416032492126139e-09
5895,-4.9018964308617e-09
5896,-4.8109340312297645e-09
5897,4.142953497357672e-09
5898,3.4268932454246868e-09
5899,2.343243152935442e-08
5900,2.754453956337949e-09
5901,4.968273049293701e-09
5902,1.565960963489926e-08
5903,-1.1706028122215244e-09
5904,1.0546208023715666e-08
5905,-8.891509500218015e-09
5906,-2.431154628405121e-10
5907,1.8560203111020956e-09
5908,2.092086970832072e-08
5909,3.988649128662808e-09
5910,-7.590556811027022e-09
5911,5.818898584614306e-10
5912,-1.8823242020702445e-08
5913,-7.478176780608586e-09
5914,-5.995965289287884e-09
5915,2.161425037645769e-09
5916,3.468944543278794e-09
5917,5.317082701445199e-09
5918,-1.8706231577365282e-10
5919,-1.3921152481027223e-08
5920,3.8286986415229784e-09
5921,-3.3567745221158565e-09
5922,-9.4064132966581e-09
5923,2.799898812885413e-09
5924,-1.3542190287257633e-08
5925,-6.462136212226247e-09
5926,-6.30124911146566e-09
5927,-5.17672263677536e-09
5928,-5.943812986201971e-09
5929,-2.2049342388377364e-09
5930,-2.1882941025284494e-09
5931,-1.1526032283255454e-08
5932,-3.397479138505521e-09
5933,-5.899092011509399e-09
5934,-3.3925352700219622e-09
5935,-2.0648178305222413e-09
5936,-1.6402527371491855e-09
5937,-7.918717886026748e-09
5938,-5.915992431952023e-09
5939,1.2314914650682571e-08
5940,1.8888687933882915e-09
5941,6.467263240465546e-09
5942,8.911565247236309e-11
5943,-8.277553822163322e-11
5944,-6.465421492165917e-09
5945,-2.891586331016562e-09
5946,-1.2717324354145853e-09
5947,1.3865422560767695e-08
5948,-1.1264566350601273e-08
5949,-8.453350800467796e-09
5950,-1.4526481863678078e-08
5951,-8.299674011231108e-09
5952,3.5521363553546116e-09
5953,-3.6874116815018484e-09
5954,7.874035158740909e-10
5955,-2.9518599638414628e-09
5956,-3.639163819027764e-09
5957,-3.140807223719327e-09
5958,9.928480863684886e-11
5959,3.1044362571634545e-09
5960,1.2761516835168792e-09
5961,-5.717882327486689e-09
5962,-5.520365387552185e-09
5963,2.7933127740566607e-09
5964,-6.6627789481844e-10
5965,3.990573966068599e-09
5966,-1.3774811605763318e-09
5967,1.3139192220788498e-09
5968,-5.528617367470345e-10
5969,-2.5274083782798637e-09
5970,1.8424942839360272e-09
5971,-1.0671361132165311e-08
5972,9.003370564564757e-09
5973,1.4119438873423557e-09
5974,-4.510704331203625e-10
5975,1.3642459288122818e-08
5976,1.1468408802270242e-08
5977,1.290069108531061e-09
5978,-2.6174555711385546e-09
5979,-6.761924090010803e-09
5980,-1.0629628065701972e-08
5981,4.610691061220413e-09
5982,1.3073023438538174e-09
5983,-3.843231021957815e-09
5984,4.419994049757666e-09
5985,1.3543138003460374e-09
5986,-5.6723673690944395e-09
5987,2.304423712405554e-08
5988,-1.533939929310081e-09
5989,5.399335344612185e-09
5990,-2.134053024973101e-08
5991,-7.848831045931342e-10
5992,-8.223654489130683e-10
5993,8.16020360906994e-10
5994,-2.2006275939062458e-09
5995,-1.0155794868181796e-08
5996,3.4387944948986126e-10
5997,1.1495922142307507e-08
5998,-4.971213927656161e-09
5999,-2.7907367602857217e-09
6000,4.626829067493411e-09
6001,5.832772214192964e-10
6002,2.0357041823303704e-08
6003,2.02349282228326e-09
6004,-1.0741026865757385e-08
6005,-1.0813691032401622e-08
6006,-8.767440205101661e-09
6007,-1.0166519630127413e-09
6008,1.811225405523786e-09
6009,1.5130658848940504e-09
6010,2.589509022779895e-09
6011,1.7007500709254057e-09
6012,6.741543676745687e-10
6013,2.027921722089689e-09
6014,1.1155958048524392e-09
6015,-1.0503598018034384e-08
6016,-2.0708558735163306e-08
6017,-1.0663061918969085e-08
6018,4.831904183155617e-10
6019,-1.00840678904255e-08
6020,-3.943762319173166e-09
6021,5.177187555929097e-09
6022,-4.529059738343307e-09
6023,-3.5372486610804176e-09
6024,-6.860403705527771e-09
6025,1.544511880798841e-08
6026,3.872100176196535e-09
6027,8.268251745626798e-10
6028,1.2208491527024077e-10
6029,-1.188742191923646e-09
6030,1.9335580026059565e-08
6031,-1.433822124199693e-09
6032,-5.3175923127201625e-09
6033,7.390480664930513e-09
6034,1.3427540623239085e-08
6035,-1.0621059515491245e-09
6036,1.973820647038692e-09
6037,-1.4483333805513257e-08
6038,1.8312941278957243e-08
6039,2.4446388458790337e-09
6040,-4.462196822414795e-10
6041,-1.159019461206584e-09
6042,6.064578167817889e-09
6043,1.231410264498397e-09
6044,-4.138446635308095e-09
6045,-2.4423302982606715e-09
6046,-1.1628866583895328e-08
6047,5.390560973073318e-09
6048,-7.4245891616652336e-09
6049,5.351537056176135e-09
6050,-1.2515675665766528e-09
6051,-9.305882742527954e-09
6052,5.051119285316608e-10
6053,-2.605062505098189e-09
6054,-5.423250704603068e-09
6055,-2.9869669557989207e-09
6056,-1.2009787385313215e-10
6057,3.639580433895495e-09
6058,1.10213512409789e-08
6059,2.7124527068892397e-08
6060,-9.8314413268363e-09
6061,3.824786629241956e-09
6062,2.228605264329801e-09
6063,2.7557377343564367e-09
6064,2.5703374692183914e-09
6065,2.855143968006049e-09
6066,-6.7478619698840936e-09
6067,-1.0088598743552204e-08
6068,2.1996756045688716e-09
6069,-1.7567931734683544e-09
6070,-4.535626460868313e-09
6071,2.3192807899917637e-08
6072,5.604661712903888e-09
6073,-2.901847872075345e-09
6074,-4.2453140148472986e-10
6075,-2.004513164056017e-09
6076,8.22752255458791e-09
6077,1.5983752079449847e-09
6078,6.544760775272369e-09
6079,-5.563921170419325e-09
6080,3.931137496911386e-09
6081,-4.371167257575159e-10
6082,1.0123327294881874e-08
6083,7.267258905676192e-09
6084,-3.5146742424134054e-09
6085,-6.380268175894763e-09
6086,-3.595813374296568e-09
6087,-6.293555909543256e-09
6088,-6.1228981020410395e-09
6089,-4.071353799368121e-10
6090,-3.158945045915911e-09
6091,-1.6821873383422946e-09
6092,8.030989999881225e-10
6093,-2.0026108187689215e-09
6094,-2.8987520489087887e-09
6095,-2.0907747914316274e-09
6096,-7.213157989510343e-09
6097,-1.2637869879042066e-08
6098,1.0279461921721826e-09
6099,1.7235905261446807e-08
6100,-4.782648253496623e-09
6101,5.954801460204127e-10
6102,-1.9349640994285867e-09
6103,-6.2794702932986464e-09
6104,-9.657651403406787e-09
6105,-6.239988523357388e-09
6106,9.677929339325498e-09
6107,2.2936785354010098e-09
6108,-9.381830477607314e-10
6109,-1.5681122006761678e-09
6110,-7.978621679213888e-10
6111,-7.642442596538005e-10
6112,4.814336999113436e-09
6113,2.4641744559504205e-10
6114,-2.9576201793375805e-09
6115,8.811373896705697e-09
6116,-1.6783082851822733e-09
6117,-3.3127719010863778e-09
6118,-2.500503356351429e-10
6119,2.7456800294051292e-09
6120,-9.936053717203546e-10
6121,1.3134333888455744e-09
6122,-4.790458309010224e-09
6123,6.092269077422657e-09
6124,3.480677162855521e-09
6125,2.485755601056945e-10
6126,-2.2927400714348827e-09
6127,-1.461584991655255e-10
6128,6.829041190093314e-09
6129,-1.0320986540472448e-09
6130,-9.918650175791728e-09
6131,7.481012869087223e-10
6132,-3.420551920614048e-09
6133,-1.0731278392387964e-09
6134,-1.2148401016844858e-08
6135,-8.927674883386069e-09
6136,-1.8948481838995226e-09
6137,-7.89994013382652e-09
6138,-4.530418031370227e-09
6139,1.6443098392004742e-08
6140,4.777605321248059e-09
6141,-4.203458103883921e-09
6142,-1.764035726878906e-09
6143,-2.1784272232393765e-09
6144,-2.1440385079112996e-09
6145,9.586118120807551e-09
6146,4.257148425952025e-10
6147,-2.8362242336624516e-08
6148,-1.784578828336484e-09
6149,6.592347032339245e-09
6150,1.2212465917990343e-10
6151,-5.819212944543366e-09
6152,5.9479588151639724e-09
6153,1.5258759175984163e-09
6154,1.7706685052917742e-09
6155,1.1118622345924428e-08
6156,-2.3774618644984332e-08
6157,6.8884840487600065e-09
6158,-1.7443638787749425e-09
6159,-2.2734064635226924e-09
6160,-1.7933308009252457e-09
6161,-8.475701674825489e-10
6162,1.034319143878037e-08
6163,6.06605934931854e-11
6164,1.2936668324794248e-08
6165,-1.3073612215819453e-09
6166,1.3960295599098954e-08
6167,-2.4614335679675223e-09
6168,6.290965844439851e-10
6169,-7.537546337806616e-10
6170,-3.978824557582923e-09
6171,-6.981488940299102e-09
6172,-1.0186958420236373e-09
6173,-1.0526563364936089e-09
6174,-7.893264065854833e-09
6175,1.3989476041605807e-08
6176,5.555289904245569e-09
6177,-9.165966093237e-09
6178,-2.6693351516112477e-09
6179,-1.1487489019599203e-09
6180,5.890880119406638e-09
6181,-9.323620046671305e-09
6182,1.6193355721111824e-08
6183,5.5747788789501106e-09
6184,-8.031060695957044e-09
6185,-1.014122323570106e-09
6186,-1.6531702239697057e-09
6187,5.391624678460912e-09
6188,-1.834184093790786e-09
6189,-8.535429588617146e-10
6190,-1.5865191580704048e-09
6191,3.760316853289883e-10
6192,3.568464838957425e-08
6193,-3.0032508166737528e-09
6194,-2.5477005584819588e-09
6195,-2.9574562224896635e-09
6196,1.2581920230897397e-09
6197,-4.1508565223792184e-09
6198,-6.775348767694487e-11
6199,-2.086201526622172e-08
6200,8.529218727244991e-10
6201,-1.699678251673371e-08
6202,-2.564017980940845e-10
6203,-5.2370301577299736e-09
6204,-4.042829075393865e-09
6205,4.149860563882152e-09
6206,-8.259191583132232e-10
6207,2.0228202731821163e-09
6208,-7.039805451009022e-09
6209,-2.594875857040042e-10
6210,-1.5069106148540788e-08
6211,3.33372873920637e-09
6212,3.2738383724227746e-08
6213,-7.823326712314631e-09
6214,-1.6726014445074577e-09
6215,7.3726406632174426e-09
6216,-4.793211065483691e-09
6217,-3.691199796147683e-10
6218,1.1656137350978613e-08
6219,1.4487620327287683e-08
6220,7.123055070657318e-09
6221,-3.880796333061039e-09
6222,1.9275206190026276e-09
6223,1.0080949780796512e-09
6224,-2.640843151134005e-09
6225,3.915966488979393e-09
6226,-1.6360286365710294e-09
6227,-7.342979515064178e-10
6228,-2.7056026255871004e-09
6229,-1.0211462825081672e-09
6230,1.5675571321277913e-08
6231,-4.776434972216508e-10
6232,-2.167196935560675e-09
6233,7.941846219232819e-10
6234,-3.239722142000419e-09
6235,1.962246971661362e-08
6236,-2.7176461186777775e-09
6237,-3.792350177735633e-10
6238,1.6950408640025553e-08
6239,-1.3602354774412368e-08
6240,-6.101470281805969e-09
6241,1.536035717786538e-08
6242,1.6485510703792667e-08
6243,-5.3280512308635856e-09
6244,-4.078519742098858e-09
6245,-2.1471002107747337e-09
6246,8.647169822553148e-10
6247,-8.633230289668545e-09
6248,-2.5260504811339617e-09
6249,2.3151197653061204e-08
6250,-1.4796213110957874e-08
6251,-6.91088986661296e-09
6252,6.224836439688522e-09
6253,-1.597062104786151e-10
6254,-1.3355795816918547e-09
6255,-1.752557329852798e-08
6256,2.6555813808300526e-10
6257,2.3983502382009164e-09
6258,-1.185276859613315e-09
6259,-6.5124212735304215e-09
6260,2.7845880252767643e-09
6261,-7.401147874795793e-11
6262,2.696094300576487e-10
6263,1.6401068902988305e-08
6264,1.7082050584886386e-09
6265,5.720451837191429e-10
6266,-6.352838216053715e-09
6267,-2.9219369962082498e-09
6268,-1.7198436186509885e-09
6269,3.888643926357329e-08
6270,-6.7046677111025136e-09
6271,-7.2709963878827874e-09
6272,6.573156158681533e-10
6273,-7.884723379921736e-09
6274,-5.389984833829036e-09
6275,-6.250238739597807e-09
6276,4.080740565923638e-09
6277,-6.878745540143768e-10
6278,4.323684416077094e-10
6279,5.250922839835321e-09
6280,-4.192098182140171e-09
6281,-4.929224060625337e-09
6282,7.702665806142626e-09
6283,1.755585161338248e-10
6284,-4.96033932991595e-10
6285,2.400369821553942e-09
6286,-5.995976053480084e-11
6287,-1.0467702615859685e-08
6288,-5.743735614636109e-09
6289,1.445541679797173e-08
6290,-7.95647051896945e-09
6291,-2.6219411687045816e-10
6292,-4.325145869113815e-09
6293,-9.424458390724502e-09
6294,-3.719744195881027e-10
6295,3.56186512790206e-09
6296,2.431529912440501e-10
6297,-1.0628828529665286e-09
6298,-1.3867692466691692e-09
6299,-9.39014405612219e-09
6300,-9.341319437575899e-10
6301,-3.3527784217450406e-09
6302,-1.980672706015455e-09
6303,-1.58919749947807e-08
6304,-3.9501861235833465e-09
6305,-6.754355893757788e-09
6306,1.0679704851754033e-08
6307,7.125718605259853e-09
6308,2.2102297616127184e-09
6309,-1.238770770681312e-08
6310,2.256988540983205e-09
6311,2.2637219322478416e-08
6312,-3.3896969853170977e-09
6313,-2.628756309824711e-09
6314,-3.453420672664335e-09
6315,4.452972631770502e-09
6316,-6.828532893480824e-10
6317,1.9284925876480077e-08
6318,-3.4826701574138862e-09
6319,2.841465790366263e-09
6320,-1.9838990560765378e-08
6321,-1.902694744779205e-09
6322,-5.903882598674645e-09
6323,-3.282607771158285e-09
6324,7.284280575319542e-09
6325,1.3399141707132186e-09
6326,-2.059245423989927e-09
6327,-4.650912986883644e-09
6328,4.205140311034783e-09
6329,8.384333489332602e-09
6330,-8.348905731702698e-10
6331,-1.550585304449756e-08
6332,-7.846632710260376e-09
6333,8.208360098672462e-10
6334,-1.1348610725669497e-08
6335,6.499447541218178e-09
6336,-6.111028893135207e-09
6337,-4.259017896424998e-09
6338,9.349145592254046e-09
6339,5.2608753169110474e-09
6340,1.2868170667927906e-08
6341,-4.828017714568084e-09
6342,3.156019578230017e-08
6343,-1.5882780650249475e-09
6344,6.097691775906432e-09
6345,5.698104399978531e-10
6346,-5.239511893736149e-09
6347,-4.987445031637228e-10
6348,-2.535104822302473e-09
6349,1.6852817032915447e-09
6350,-2.9267022641254843e-09
6351,5.28991261861554e-09
6352,-8.39090811981941e-09
6353,2.006174212801699e-10
6354,-8.129393282675674e-10
6355,-6.765633070057337e-09
6356,3.710198738141443e-09
6357,1.6025473265474444e-09
6358,-6.888617315106098e-09
6359,-5.7919951898498826e-09
6360,-4.3059776913902965e-09
6361,2.729170963682647e-09
6362,-5.207373548518876e-09
6363,4.156753353426798e-09
6364,-4.75415082102703e-09
6365,4.548599878824358e-09
6366,-4.601714241161078e-09
6367,-3.6862047510502487e-09
6368,6.200001904796556e-09
6369,9.233401134758537e-09
6370,-3.1821081396919057e-09
6371,9.928962600472665e-09
6372,-9.791243408990576e-10
6373,-1.390520401897497e-10
6374,-1.666503710813349e-08
6375,-3.175928587763458e-09
6376,-3.2973990280353545e-09
6377,-2.7127449235964807e-10
6378,3.3379603613768234e-09
6379,3.893145078952747e-09
6380,-2.7487733477115714e-09
6381,-2.916040411378588e-09
6382,-7.353376573519661e-10
6383,-5.053755291119279e-09
6384,2.7730014564689464e-09
6385,2.3243694987375773e-08
6386,5.968880386746541e-09
6387,-1.6839311653186702e-09
6388,3.5674668075759674e-09
6389,-2.2417439213922685e-09
6390,-8.956036644118847e-09
6391,-2.9637114342484545e-09
6392,-1.1790562788263004e-09
6393,1.9821893607581653e-08
6394,2.3095695651675706e-09
6395,-2.0364710091636487e-09
6396,-2.1521131831417144e-08
6397,2.779706917435624e-09
6398,-4.895198602554649e-09
6399,-8.170824449088057e-09
6400,3.1427847519684686e-08
6401,-3.811686995940825e-09
6402,1.0493902695613996e-08
6403,3.3256630623676675e-09
6404,-6.354352399326931e-10
6405,-1.913580086167498e-08
6406,1.0789175227635733e-08
6407,-4.904480681615865e-10
6408,3.3254653761426907e-09
6409,-2.764270231517867e-09
6410,3.752903701800277e-09
6411,-3.5549084074780523e-09
6412,-3.943094028911631e-09
6413,-1.2778927992102188e-09
6414,-9.08751640694505e-10
6415,-1.8247875251755851e-09
6416,-3.912761253955312e-10
6417,4.449103643285351e-09
6418,-2.379861754267971e-09
6419,1.95939355930068e-09
6420,6.784419801126341e-09
6421,4.861617624689632e-10
6422,-5.732424502457476e-09
6423,1.1145121118635988e-10
6424,-3.4071456246038723e-09
6425,-1.229652889123499e-08
6426,-1.2412132245872513e-08
6427,4.034197380619653e-09
6428,-1.0700293304277314e-09
6429,-6.053744487595156e-09
6430,-3.4805836829357714e-09
6431,-2.3853911967356768e-08
6432,-3.3491876458044624e-09
6433,1.0185617678192298e-09
6434,-3.149047376643802e-09
6435,-1.2440325380284206e-09
6436,-2.0193823139450434e-08
6437,-1.9963292904646813e-09
6438,5.4436767774439446e-09
6439,-1.823230909405163e-09
6440,4.649636038082178e-09
6441,1.9347206202538282e-09
6442,1.069621989271063e-08
6443,-1.3507489782502224e-09
6444,8.307023989599911e-10
6445,-1.2039846211534264e-08
6446,-1.56404659845184e-08
6447,-7.183669102103069e-10
6448,-4.490824181859598e-09
6449,-4.279862643510278e-09
6450,-4.167113912717982e-09
6451,-6.5168590185920434e-09
6452,-4.327176219938465e-09
6453,2.2717980983335096e-09
6454,6.510413457192223e-09
6455,4.232295885384594e-10
6456,9.067404148155645e-09
6457,3.284591482032397e-10
6458,4.471560654391897e-09
6459,-4.8738677419933586e-09
6460,-6.012160794198084e-09
6461,-3.5702991234296846e-09
6462,1.4777878436557895e-08
6463,-2.2938346505276433e-08
6464,-2.381063560436036e-09
6465,-3.722267282457695e-10
6466,2.57788414168569e-10
6467,2.732949849663598e-09
6468,3.3521969900517775e-09
6469,3.535275589425523e-08
6470,-1.5001284616936263e-10
6471,-5.454427449870053e-10
6472,-9.87934814032972e-10
6473,3.46951166728847e-09
6474,4.819318577004059e-10
6475,-5.769826784549089e-09
6476,5.0686629026901525e-09
6477,-1.0665386597162639e-08
6478,2.3069223206069423e-10
6479,-4.387851614560637e-09
6480,-1.3193421787721208e-08
6481,-3.8356578591417186e-09
6482,4.620360266311888e-09
6483,-7.144966851059824e-09
6484,-2.918540249643041e-09
6485,-2.2128960781112356e-09
6486,-1.838388243251742e-08
6487,4.910738211739762e-10
6488,-4.100911182810276e-09
6489,5.542753159701747e-09
6490,-1.020173087853198e-08
6491,2.802515989617534e-09
6492,-5.368708153560212e-09
6493,1.5892230377423932e-09
6494,1.2610083599756353e-08
6495,-2.0475790199454147e-08
6496,-6.304695423989001e-09
6497,-5.545678459997659e-09
6498,-1.627592211264134e-10
6499,-7.451475045901304e-10
6500,-1.9257453774019707e-08
6501,-5.725603250598826e-09
6502,-3.874598306857312e-09
6503,2.0006732716626063e-09
6504,-1.8991084586209235e-09
6505,-1.0696934454407191e-09
6506,4.760962551308604e-09
6507,-1.7319888205956756e-09
6508,-4.18220222796286e-10
6509,-2.7561565103590014e-09
6510,-5.295048407288511e-09
6511,1.3784758918801764e-08
6512,3.1847169320883303e-09
6513,-1.5561244207165553e-08
6514,1.25585857904928e-08
6515,7.443808627456769e-09
6516,1.314626134420626e-09
6517,-2.6647466601387596e-08
6518,-1.8582377835796307e-09
6519,-2.309838215387616e-09
6520,-2.6038582937389955e-09
6521,-2.094256283608155e-09
6522,-3.6451192857926797e-09
6523,-2.0490708540356844e-09
6524,-2.0005930800780967e-09
6525,-2.4377921805809814e-09
6526,-4.834791210407718e-10
6527,-6.327605952549277e-09
6528,-5.6091406501261386e-09
6529,1.0964175114152892e-09
6530,-3.858668673386121e-09
6531,-3.4035859926103255e-09
6532,3.2242255810532614e-08
6533,-1.2525510416560988e-08
6534,-5.196932408441779e-09
6535,5.280497717404851e-09
6536,6.313123102123582e-09
6537,1.496050337474486e-08
6538,-1.2911895754003993e-08
6539,-3.359074070283595e-09
6540,-2.137299576739979e-09
6541,5.085808534980856e-10
6542,-1.705617231811647e-08
6543,4.431639908541863e-10
6544,-4.953605858317528e-09
6545,-2.321762084751764e-09
6546,-6.182016106358804e-09
6547,-5.6120774053201485e-09
6548,4.830089374762343e-10
6549,1.0630258504901419e-08
6550,-4.504807039605959e-10
6551,2.1177594633229843e-08
6552,-8.83611379056585e-09
6553,-2.3184706590356214e-09
6554,-1.9513837574054017e-09
6555,6.027321285558386e-09
6556,1.5809527410886386e-09
6557,2.680674405259397e-10
6558,-8.99141434939965e-09
6559,1.3244597993076333e-08
6560,1.1244704983178473e-08
6561,-8.753078325557452e-09
6562,-3.1863380022879797e-09
6563,2.46087909341998e-08
6564,-1.4658072570952757e-08
6565,-6.644218588540007e-09
6566,-7.577324292404144e-09
6567,2.261218370220466e-08
6568,-6.898471036924598e-10
6569,2.2505136357518034e-09
6570,-2.0767404816435285e-09
6571,-8.02626426805516e-09
6572,-3.3928781149253345e-09
6573,-2.8500481737363662e-08
6574,-1.3994268844339184e-08
6575,2.173656627225871e-08
6576,1.2558886307325828e-09
6577,2.8078393098287914e-08
6578,4.2872670142865545e-09
6579,-6.8952178315849055e-09
6580,-5.775167722266689e-09
6581,-5.670157886910752e-09
6582,-8.15633988812475e-09
6583,9.441374761352339e-11
6584,-4.97849597375396e-09
6585,-2.460066296734691e-09
6586,-1.0686262729121922e-08
6587,3.202223208811447e-09
6588,2.7939591567248157e-09
6589,-7.060648427551319e-09
6590,-1.2704284403855964e-08
6591,-5.403658907323014e-09
6592,2.1488862648713145e-09
6593,7.650015982323886e-09
6594,-5.724440338657526e-10
6595,-2.5947014026535468e-09
6596,1.35590173016071e-09
6597,-1.1261652074623715e-08
6598,-1.9860632216229692e-09
6599,1.6084757240862488e-09
6600,-2.303953639945881e-09
6601,-6.118738284834579e-09
6602,1.6321213558602158e-08
6603,1.0027322083632807e-08
6604,-6.487489806546904e-09
6605,-5.093657599367772e-09
6606,-2.0462100956791695e-08
6607,1.3605254681471358e-08
6608,-2.993892606879464e-09
6609,-2.6858048674877755e-09
6610,1.0434685002434916e-09
6611,-1.2213746452521418e-09
6612,-2.8946532749588696e-09
6613,1.4652586539045232e-09
6614,-2.6536918938882085e-09
6615,7.825179541858485e-10
6616,3.2124476273177717e-09
6617,-6.82607399864593e-09
6618,-4.704060121963403e-10
6619,6.263777079020618e-09
6620,-3.812400628757291e-09
6621,-1.5131914669288185e-10
6622,-1.5397070879927481e-09
6623,-1.6842409504610803e-08
6624,-1.1550549225766797e-09
6625,-3.3391553935949164e-09
6626,1.9548768210645028e-08
6627,6.382612567329387e-09
6628,1.205111397731148e-09
6629,-4.277992363416415e-09
6630,-6.731522143619034e-09
6631,-4.099900440598213e-09
6632,1.2268820226687164e-09
6633,-1.0044661309616576e-08
6634,-4.933906481528211e-09
6635,-2.8722945827271458e-09
6636,1.0987862863885999e-08
6637,-2.3847393603650396e-09
6638,-1.2270442469589528e-10
6639,-4.263505588296145e-09
6640,3.006742003738846e-09
6641,-1.6809337746669091e-09
6642,3.668052222214347e-09
6643,-5.080476873700435e-09
6644,-1.0783494649814871e-08
6645,1.2013049869232406e-09
6646,1.1617809367219938e-09
6647,3.616478334467722e-09
6648,-6.016514464659198e-09
6649,7.398242540429834e-09
6650,-1.1661040972403704e-08
6651,7.223274183410363e-09
6652,-1.2848256990757732e-08
6653,-5.194309230056227e-09
6654,1.8126376803563739e-09
6655,-6.498682786151284e-09
6656,-1.0897054935390854e-08
6657,-2.6096324409948074e-09
6658,-9.570021681856863e-10
6659,5.112357067865955e-10
6660,-3.256685714376159e-09
6661,1.0521402117105767e-08
6662,7.517838897153754e-09
6663,6.1785749778985335e-09
6664,-6.413083773901512e-10
6665,-5.334711657135846e-10
6666,-5.3131292500765655e-09
6667,4.292401468558631e-09
6668,-4.757052961418811e-10
6669,-1.4039563728837247e-08
6670,-3.985423551651074e-09
6671,-3.178623654652884e-09
6672,-1.5443816304033107e-09
6673,-4.6120152314966894e-09
6674,-2.345868998398406e-09
6675,5.277717009665449e-09
6676,7.462923262347406e-10
6677,-2.4521627984327616e-09
6678,8.006031574637712e-09
6679,3.5411435042740885e-10
6680,-1.0601785345445065e-08
6681,-6.435214542781292e-09
6682,-8.758746426276187e-09
6683,4.103750322834651e-09
6684,7.577788483679019e-09
6685,1.1490236105045117e-08
6686,-1.1474869185452227e-08
6687,2.4457909151620944e-09
6688,1.1750682064140397e-08
6689,-1.4202083392230322e-09
6690,-4.0681782515088024e-09
6691,2.1158299480350268e-09
6692,-1.1214610499308558e-08
6693,6.184884641078172e-09
6694,7.324689806501165e-10
6695,-3.5569830686313504e-09
6696,6.904734793661792e-09
6697,9.59022922284046e-09
6698,-5.173545503274943e-09
6699,-2.1789821081266948e-09
6700,-6.557297385445323e-09
6701,-4.893222028824825e-09
6702,-8.930979543561956e-09
6703,2.8275640053390358e-08
6704,-1.213574237554597e-10
6705,5.658256863601941e-10
6706,-1.0356546528315551e-09
6707,1.6955483080343213e-08
6708,-2.7724770791125786e-08
6709,2.2568573156200576e-09
6710,-2.370081110080654e-10
6711,-4.302048163279886e-09
6712,4.0548571668739374e-09
6713,5.1617281733370534e-09
6714,4.28111183170414e-10
6715,5.466144970352231e-09
6716,-3.432263642626361e-09
6717,-1.4421147169907414e-09
6718,-1.3515241539617807e-08
6719,-2.205976006306363e-09
6720,2.9427559841556385e-10
6721,-5.353047538512378e-09
6722,-1.5803051797352062e-09
6723,-1.7671203175775544e-08
6724,-5.504294339166668e-09
6725,5.288921337340678e-09
6726,-3.252197153088776e-09
6727,-9.457136545176385e-09
6728,-1.2765421887894678e-09
6729,7.355899799340349e-09
6730,-3.3464350844649996e-09
6731,-2.8963823722305532e-09
6732,1.8218653544415833e-09
6733,9.361198219444145e-10
6734,5.9774813919378965e-09
6735,-1.1797414741953872e-08
6736,1.1995089139852102e-08
6737,-8.898634744904416e-09
6738,-1.6807183674996637e-09
6739,-2.3397120161080766e-09
6740,7.208898925496993e-09
6741,-5.3716034598922896e-09
6742,1.8032833742087979e-10
6743,-4.334196373221416e-09
6744,6.580034807079284e-09
6745,-3.118288136567703e-09
6746,3.8984522273169197e-10
6747,6.0645209685649476e-09
6748,2.81171593582117e-08
6749,-5.059412777565363e-09
6750,-8.421407192056072e-09
6751,-8.518212368075999e-09
6752,1.2602433751044705e-09
6753,-1.4208459826650689e-08
6754,3.942635969164187e-09
6755,-2.457718441523278e-09
6756,-3.690123926386758e-10
6757,3.4782480712693078e-09
6758,-8.699088259195608e-09
6759,4.572400074581139e-09
6760,-1.7275700570398224e-09
6761,-6.0359414866336826e-09
6762,-2.113439120565824e-09
6763,-3.358993324301454e-09
6764,1.3027466130441781e-08
6765,8.412960549249925e-09
6766,2.2638688505912067e-09
6767,5.1398080895447415e-09
6768,-1.868965470630051e-08
6769,-1.7411608989581913e-09
6770,-4.853495702037446e-10
6771,5.839156273315204e-09
6772,6.191919835098406e-10
6773,-1.5690580737514303e-08
6774,-8.485980742364883e-10
6775,-7.154875138311706e-09
6776,-5.695550894182803e-09
6777,-1.0801689673302e-08
6778,-2.6481859915954964e-09
6779,1.672839682132594e-09
6780,-3.7418179962908034e-09
6781,3.043492891523885e-09
6782,5.153256725264252e-09
6783,-1.0121444275076864e-08
6784,4.323788422494221e-10
6785,3.265453788231515e-08
6786,-1.41129085923133e-10
6787,3.1408533077102475e-10
6788,1.6955958672767999e-09
6789,-7.187752870943504e-10
6790,-1.155646698591702e-08
6791,-7.3177436342745735e-09
6792,1.2189155450296648e-10
6793,-2.660737916208718e-09
6794,-4.944306448236306e-10
6795,-6.958072769607531e-10
6796,-8.60539959350543e-09
6797,-6.823100585499623e-09
6798,-9.171248057681079e-09
6799,1.560372870038232e-08
6800,-5.838824428113232e-09
6801,2.657704070432606e-09
6802,-3.834681299236928e-09
6803,3.737217612150441e-09
6804,9.284883387593258e-09
6805,-1.129859070450278e-08
6806,-1.4132641363750474e-08
6807,1.3292503720441083e-08
6808,-1.0226968402856337e-08
6809,1.045783197411429e-08
6810,-4.101388817097702e-09
6811,3.549633971527362e-10
6812,2.552262105969631e-09
6813,-8.030669003902646e-09
6814,-2.423927981061705e-09
6815,-1.238463751481989e-09
6816,-9.384424034061236e-09
6817,-4.558459583495231e-09
6818,-2.593467661092998e-09
6819,-1.0246978907911905e-08
6820,-2.1213507376601475e-09
6821,-3.4727213669597027e-09
6822,6.126460487639024e-09
6823,1.061141401217591e-08
6824,-3.2813987248647802e-09
6825,8.563293993516506e-10
6826,-2.0093368754878834e-10
6827,3.148440868543011e-08
6828,-4.3101557368479865e-09
6829,4.806426623327272e-09
6830,-3.5599557416098922e-09
6831,2.8435999242281253e-10
6832,-5.096787419922623e-09
6833,8.982551284466696e-10
6834,-1.5389372748746458e-09
6835,1.376999006793512e-09
6836,-7.81014642354869e-09
6837,-1.3590438796670156e-09
6838,9.227180066383664e-10
6839,-9.217174525407467e-10
6840,-2.0816594090199258e-08
6841,-3.319074477211344e-09
6842,1.4497963963114283e-09
6843,-8.901884344338221e-09
6844,1.6616033191478156e-08
6845,-1.037602836072217e-09
6846,2.3104574194636987e-09
6847,5.6719803313576475e-11
6848,-1.191403301916708e-08
6849,-1.9322749955971074e-09
6850,2.905799550936468e-09
6851,-3.651338301133465e-09
6852,2.739911869508228e-08
6853,-1.7356705973447898e-09
6854,-1.5788308382598096e-08
6855,-3.34025157394248e-09
6856,-5.019575276424497e-09
6857,-8.827598111691345e-10
6858,1.7926422523396236e-08
6859,5.812166505480509e-10
6860,9.217397509575044e-09
6861,5.024139274783781e-09
6862,6.061495010388186e-09
6863,9.588505108370363e-09
6864,-3.3918130647128587e-09
6865,3.330677150666092e-08
6866,-8.224508516901306e-10
6867,9.05438655859866e-09
6868,1.873965466302291e-09
6869,5.577035167440092e-09
6870,-8.774707972187331e-10
6871,-1.63164018374832e-09
6872,-3.6965796226074466e-09
6873,-3.513653497427964e-09
6874,6.995441707300386e-10
6875,2.1081136218832e-09
6876,2.856386190932135e-10
6877,-6.15876572496904e-09
6878,-1.395517453798705e-10
6879,-2.038733900554582e-09
6880,4.271547235178441e-10
6881,-2.761902260452702e-10
6882,-3.431206937395192e-09
6883,6.333315198543594e-09
6884,-1.1748498376383448e-09
6885,7.053833493530268e-09
6886,2.5816164838129288e-08
6887,-3.7586547997558774e-09
6888,-5.448656251718054e-09
6889,-1.7498376221322214e-09
6890,-1.6253370089817308e-08
6891,-1.2969106181252478e-08
6892,2.7547745466193197e-09
6893,2.734681141451496e-09
6894,-2.529254050985334e-09
6895,5.1531932516771785e-09
6896,8.65970106884513e-09
6897,1.3773859813243912e-08
6898,7.152391997636371e-10
6899,-4.9167595252769965e-09
6900,-2.1279045527059306e-09
6901,-1.3957480721410247e-08
6902,-3.3275355369784245e-09
6903,-5.005638156560846e-09
6904,1.1538295104438326e-08
6905,-1.3305927339680266e-08
6906,-1.0411137680542789e-09
6907,1.0586015490040623e-09
6908,-4.247619268377334e-10
6909,5.039333829600622e-10
6910,-2.2037074524979924e-09
6911,-4.917788489254822e-09
6912,-8.9112358723544e-09
6913,1.15019798181599e-08
6914,1.1246354089271344e-08
6915,-3.916889944262989e-09
6916,-4.5697166690836564e-10
6917,-1.1092628045840178e-08
6918,-2.773203904610991e-09
6919,-2.0821073775968475e-09
6920,1.9848223128267974e-09
6921,-9.864554184528451e-09
6922,-3.752839636781106e-09
6923,-7.598419224262725e-10
6924,4.0500121703463464e-10
6925,-3.91203312836197e-09
6926,-1.6736062743213626e-08
6927,-6.8467464488347385e-09
6928,-5.9926440787958985e-09
6929,3.407642862899716e-09
6930,1.3768411182397597e-09
6931,5.439754852232434e-10
6932,-3.6702671457124184e-09
6933,-7.028411766783615e-09
6934,-4.0042072903906285e-09
6935,-3.5076231808431064e-09
6936,-1.7451594830839132e-08
6937,3.8493358351182455e-09
6938,1.576939158818965e-08
6939,-1.2276119043127525e-09
6940,-8.353882947107005e-10
6941,-1.2854878203833568e-08
6942,2.500244104688554e-10
6943,-1.7994443391392892e-09
6944,-2.063395958792352e-09
6945,-1.0221505567050456e-08
6946,9.49338321095452e-09
6947,-4.6755821647554975e-09
6948,1.9570589611606934e-08
6949,1.7999022022852616e-08
6950,-5.643930468890263e-10
6951,2.8326246087506505e-08
6952,-2.6907270976654033e-10
6953,6.436243873961072e-11
6954,1.7440468018537231e-09
6955,6.1721758184571e-10
6956,2.5766087410135957e-09
6957,-1.627802602165236e-09
6958,-1.4381390052293402e-08
6959,-1.0811882613473472e-08
6960,-4.424767201233395e-09
6961,1.7776352304871834e-08
6962,1.1282711374535374e-08
6963,-3.621670516738162e-10
6964,-9.193237734214967e-09
6965,-2.9988279747420407e-09
6966,-1.1306494992556683e-08
6967,1.1372934597729298e-09
6968,-1.4286809578471258e-10
6969,-6.264970368628997e-09
6970,4.694489197709537e-10
6971,1.627745491095834e-08
6972,-2.805791610269451e-09
6973,-7.810180769089951e-09
6974,9.771547105946204e-09
6975,-7.981414987331944e-09
6976,4.26435300128243e-09
6977,-3.6756451136290946e-10
6978,-2.1486744195692875e-09
6979,-1.1004863999248355e-08
6980,-1.0307182355691957e-08
6981,1.2044999324983653e-08
6982,-1.9943541849738493e-09
6983,-5.858277927322602e-09
6984,-3.1458486841530987e-10
6985,-2.9435921604138425e-08
6986,-1.1920792884642513e-08
6987,1.660212065734108e-09
6988,2.0390407551664138e-08
6989,-1.5205937152544632e-08
6990,-2.6779159098719925e-09
6991,4.371939910438288e-09
6992,-1.7125241316168403e-09
6993,3.488099177196403e-09
6994,-8.50316575827338e-09
6995,-3.954461433159128e-10
6996,-2.1073829933189945e-09
6997,6.52364364137204e-09
6998,-1.6450790688451457e-08
6999,9.10250116080915e-10
7000,3.3609082246952422e-09
7001,-4.413950912063952e-09
7002,5.214252713285858e-09
7003,8.877430381912669e-09
7004,1.164757704223344e-09
7005,-9.343430296607116e-09
7006,-3.76531139073797e-09
7007,6.441136990144752e-09
7008,8.31725018804202e-09
7009,2.1425595164136595e-08
7010,-9.69535559300728e-09
7011,-4.438894920859783e-10
7012,8.469408628580656e-09
7013,8.80194418962388e-10
7014,-2.064492051338546e-09
7015,-1.3815610270993314e-10
7016,-5.421904089900801e-09
7017,4.714770725670795e-09
7018,-6.6105299256260466e-09
7019,5.00014548625338e-09
7020,4.433214761965535e-09
7021,-4.008462383865348e-09
7022,9.644703954526159e-09
7023,-1.0796115615187701e-08
7024,2.7031395142473093e-09
7025,-4.979217426153057e-09
7026,4.633478471486654e-09
7027,-1.1600741859846825e-08
7028,-1.69582222839424e-08
7029,-1.6584974421988837e-09
7030,-1.6950418698035548e-09
7031,-3.839192217602363e-09
7032,2.3273166374534887e-08
7033,-1.2326717179014917e-08
7034,3.034715058671847e-10
7035,-6.652025863054078e-10
7036,1.2484109577427986e-08
7037,1.459217043762328e-09
7038,-2.0228766121096616e-09
7039,-5.987904561096682e-09
7040,-1.1961327437441833e-09
7041,-1.481556635222194e-09
7042,2.9300131419212823e-09
7043,7.111314076416971e-09
7044,-5.107290740507665e-09
7045,-2.5572944074849768e-09
7046,5.1780922147795434e-09
7047,-1.9023644577842258e-08
7048,-1.6379941676338435e-09
7049,-4.898613803214916e-09
7050,-9.60551423797176e-09
7051,-2.6462380239746293e-09
7052,-1.0865208637937972e-08
7053,3.773349217279019e-09
7054,-4.291587723729482e-10
7055,-1.369015536508262e-09
7056,-4.2708318306932494e-10
7057,-9.400494768678455e-10
7058,-4.667215149323578e-09
7059,-9.939000697260913e-10
7060,-2.4759482483538198e-09
7061,-7.086065951667286e-09
7062,2.98883619146022e-09
7063,3.292144395809946e-09
7064,-3.7226348219019814e-09
7065,-8.638174973443635e-09
7066,-1.2271424670988359e-09
7067,-5.232339211667625e-09
7068,-3.771610654144472e-10
7069,1.3902877470061203e-08
7070,1.0437286462985544e-09
7071,-2.0888170929958266e-08
7072,1.6874522971379161e-09
7073,-1.6788933516334133e-09
7074,1.2040367036289368e-08
7075,1.4860743339748931e-08
7076,4.523667150847718e-09
7077,-9.166127759247576e-09
7078,1.0050569064693412e-08
7079,-2.1560654547726925e-09
7080,9.812823517200693e-09
7081,-1.197965963336301e-08
7082,4.064084004122664e-09
7083,-1.2040088995452514e-09
7084,-1.0872838492823129e-08
7085,-5.799636738061723e-09
7086,-7.117607047037928e-09
7087,-5.140996485047989e-09
7088,-7.14893192649678e-09
7089,-8.618067907374805e-09
7090,2.4848646697107996e-08
7091,-5.856906013441124e-09
7092,-9.659585199626738e-09
7093,-2.0929498319880095e-08
7094,-1.1237654444851192e-08
7095,-1.6151136309440538e-09
7096,3.7109637880533366e-09
7097,1.1173204681481424e-08
7098,1.9507024482938406e-10
7099,-6.5705114316928084e-09
7100,1.2382675287450993e-08
7101,1.5841155315747594e-08
7102,1.0197875979454706e-08
7103,-2.8996611921575154e-09
7104,2.00294719136629e-08
7105,6.761837894048889e-09
7106,-1.485503263272838e-09
7107,-2.3977455478204177e-09
7108,-8.909536555544953e-09
7109,-1.006137689399533e-09
7110,-5.095763808340856e-09
7111,1.1314189495757882e-08
7112,1.3664651121272216e-09
7113,-1.210791283765006e-09
7114,-1.6600996045083394e-09
7115,-2.409579418423759e-08
7116,-7.580550898862958e-10
7117,8.237555695581952e-09
7118,-6.7170884449875915e-09
7119,-6.398907742545508e-09
7120,3.6404866449711094e-09
7121,-4.015063063686589e-10
7122,-1.3022510210945042e-08
7123,1.849307860153078e-09
7124,8.855123955048983e-09
7125,-6.12982008777005e-09
7126,1.2511991679204638e-09
7127,-4.036599002101824e-09
7128,-1.2738065991501273e-09
7129,1.2852130186065805e-09
7130,-2.4818247911543165e-09
7131,-7.186949259063624e-09
7132,-2.238556799824336e-09
7133,-1.038535579211562e-08
7134,9.632960759128164e-09
7135,-1.684039958826704e-09
7136,2.7678237476070174e-08
7137,-5.257096342581753e-09
7138,-7.997680674228568e-09
7139,-7.17604684926546e-09
7140,9.846363540913547e-09
7141,-4.578668380258741e-09
7142,-2.6130920745331924e-10
7143,-1.7217854239728124e-08
7144,-2.2169768494618406e-09
7145,5.67934165265908e-09
7146,2.0249802273517728e-09
7147,-4.882483926622785e-09
7148,3.4561914985073215e-09
7149,-3.16423534546437e-09
7150,-1.9568176922853707e-09
7151,-8.531183232133992e-09
7152,1.7445632896095104e-09
7153,1.0726621195141081e-09
7154,1.0433975831614267e-08
7155,-5.162497417514502e-10
7156,-1.3305256947120205e-09
7157,-4.907050678816748e-09
7158,-1.307763913455855e-09
7159,-1.3880780970759155e-09
7160,2.3992897349142255e-08
7161,5.58662047514232e-09
7162,-1.7235529307983074e-10
7163,-2.7265952281880225e-09
7164,-2.305006988196487e-09
7165,1.9957377582360273e-09
7166,4.224324893747441e-09
7167,-5.181545920247958e-10
7168,-1.2099224856402523e-08
7169,-7.84912633777414e-09
7170,-1.0729864568753703e-09
7171,4.715865968891505e-11
7172,-1.4118459853994858e-08
7173,3.7109556214185723e-09
7174,-2.3420056337110933e-10
7175,-1.0437805345701141e-09
7176,-8.304387083153883e-09
7177,2.7500421276508124e-09
7178,3.5487966324588424e-09
7179,-1.3900057087847157e-09
7180,-1.3535798611647957e-08
7181,8.16828870388448e-11
7182,1.9599488350493524e-09
7183,7.332392437586469e-09
7184,-9.35046192800241e-09
7185,6.194463642238335e-10
7186,-2.0231501367442305e-09
7187,-6.3513582955659465e-09
7188,2.117020339363451e-08
7189,2.0842895981988493e-10
7190,1.0387995995342924e-08
7191,-8.113707005952137e-09
7192,-8.34610124026406e-09
7193,1.23562682508526e-09
7194,1.9894555979513646e-08
7195,1.3241052611173827e-08
7196,-1.8887610812302647e-09
7197,-9.157763279949272e-09
7198,-5.937121607308984e-09
7199,-8.405996713730386e-09
7200,4.449576081157662e-09
7201,2.1524052290164085e-08
7202,-3.5030663167149284e-10
7203,1.1868688370118767e-08
7204,-9.34800293417416e-10
7205,-4.147710742536665e-09
7206,-3.863367937601751e-09
7207,-1.4234227169668083e-09
7208,-1.7961919847259065e-09
7209,1.9526332084576272e-10
7210,6.096332146737209e-09
7211,-1.9602362454634256e-08
7212,-1.267724133245552e-09
7213,5.967643936082609e-09
7214,-3.945664977925961e-09
7215,5.290768920133806e-09
7216,-8.100982609036814e-09
7217,-8.993303346408789e-09
7218,-1.668199221821562e-08
7219,1.6148694306115063e-08
7220,-6.829768966390199e-10
7221,1.1095001807746508e-09
7222,-1.260431023080567e-08
7223,4.9958469129987385e-09
7224,3.5527113449552796e-09
7225,-1.345019501769127e-08
7226,1.3209668578663183e-08
7227,-1.0996121344222972e-08
7228,-3.3199781325028733e-09
7229,2.0997371417554614e-08
7230,-4.4078118313896556e-09
7231,-8.918258816008907e-10
7232,3.195263083797306e-09
7233,-4.144402977958608e-09
7234,-1.3427682693201878e-08
7235,-8.56763996158662e-10
7236,-3.602884048572718e-09
7237,-1.202475669955696e-09
7238,-5.997953180815152e-10
7239,2.005467244089512e-10
7240,7.591185113498594e-10
7241,-6.449511565754029e-10
7242,4.663304729625138e-09
7243,-1.0073992512367573e-08
7244,8.278746556178568e-09
7245,-5.210497399771317e-09
7246,-2.812919621283076e-10
7247,-3.785349708635484e-09
7248,7.487058545790616e-09
7249,-7.046685720701537e-09
7250,7.172994010327061e-09
7251,6.150278189051163e-09
7252,-8.004878577377092e-09
7253,-1.375152190178847e-09
7254,3.2859786856525393e-09
7255,-7.919743951625365e-09
7256,6.543961815908297e-09
7257,5.666282373360523e-10
7258,4.395341135414017e-10
7259,-1.3657844626329757e-09
7260,-8.310904789698205e-09
7261,2.846405129073736e-09
7262,-7.661897687232603e-09
7263,3.184095741403157e-09
7264,5.520810069881933e-09
7265,-8.212604497453248e-09
7266,6.485125425525014e-09
7267,4.087651562230142e-09
7268,3.1360828967773745e-09
7269,-6.561377728871333e-09
7270,-6.345204689844129e-09
7271,1.32848380333984e-09
7272,-1.131291827357897e-08
7273,4.0935143774827905e-09
7274,-7.530992051985787e-10
7275,-1.1010569048384492e-08
7276,7.49220856563253e-09
7277,6.514245352771477e-09
7278,-1.8947121168902747e-08
7279,3.8001166785562195e-11
7280,4.034435765956007e-09
7281,-3.1401681532384007e-09
7282,1.1963686222211898e-09
7283,-1.980309819024038e-09
7284,-2.37494289907753e-09
7285,-5.866023149225088e-10
7286,-5.402256219231023e-09
7287,-1.49835555329337e-08
7288,-1.3546374870511135e-09
7289,-4.8077320750163246e-09
7290,1.1231551285322002e-09
7291,3.744722383574254e-09
7292,-1.9787221745490172e-09
7293,-1.8904420314019575e-09
7294,-1.1074385503908785e-08
7295,-3.79637282706425e-08
7296,-4.766105483093813e-09
7297,-1.1134016510370326e-08
7298,-5.975405837239556e-10
7299,1.8106674312449546e-09
7300,-2.4074122498275895e-09
7301,-4.6433305363847735e-09
7302,3.927593427664753e-09
7303,-7.107798486701313e-09
7304,-1.7085720796178702e-08
7305,3.4353781696885046e-09
7306,2.275394696883969e-09
7307,-1.4960730681751132e-09
7308,-1.441763271570242e-09
7309,-1.3749411513612437e-08
7310,-3.9451713001490976e-09
7311,8.665852620979976e-10
7312,2.619250554445946e-09
7313,-3.5906095415429726e-09
7314,2.739047878006685e-10
7315,-6.677890106150684e-10
7316,-9.846983680830237e-09
7317,1.2366296236961032e-08
7318,-1.1219344237999956e-08
7319,-2.3256502867519645e-08
7320,-2.5499237169064105e-08
7321,4.885535325591543e-09
7322,-6.727472345099081e-09
7323,-6.4937117147441e-09
7324,3.1333842031403576e-09
7325,5.7446715092007025e-09
7326,2.1254545923213586e-09
7327,1.162755201633014e-08
7328,5.419091492961298e-09
7329,-6.8884391098640655e-09
7330,-8.4527674726563e-10
7331,2.464703071732871e-10
7332,-1.6481642697314103e-09
7333,-1.2266834493849601e-08
7334,4.840155025919207e-09
7335,-7.582771539162645e-09
7336,-2.583723434249191e-10
7337,1.7528663979877951e-09
7338,1.3150814979725287e-08
7339,2.0398725815576722e-08
7340,-1.6692018877541578e-09
7341,9.325480765131856e-09
7342,-9.191876209223382e-09
7343,-3.1391319134338308e-09
7344,-4.113216267155741e-09
7345,1.2070333408781163e-08
7346,-3.484592924461086e-09
7347,1.4843301080304344e-09
7348,-6.761119007418617e-11
7349,2.942039817229811e-08
7350,-6.370133910770009e-09
7351,-4.292965996952312e-09
7352,-1.2913548626058516e-08
7353,2.8529918428578706e-09
7354,-4.3302357046125944e-09
7355,-1.0594955418005185e-08
7356,9.308935008681378e-11
7357,1.876576640301844e-09
7358,-2.0978450685240187e-08
7359,2.4356408284594806e-09
7360,-1.9803535225484456e-08
7361,-2.5964937687648883e-10
7362,-5.151943399830441e-10
7363,3.276800235814168e-09
7364,1.2914011674888727e-08
7365,-2.034747425136972e-09
7366,-3.155988631367057e-09
7367,-5.259742395527394e-09
7368,8.112706159223217e-09
7369,-6.241764582684163e-10
7370,-1.988324650895268e-08
7371,-7.122796499966074e-09
7372,1.2941237659581893e-09
7373,1.1175907393083993e-09
7374,-1.1783413048806051e-08
7375,-4.761148897550666e-09
7376,-2.311781593294133e-09
7377,-3.2989519859378372e-09
7378,-1.0763400724197363e-09
7379,-6.376502016902349e-09
7380,-4.7777653669866505e-09
7381,-2.0602131511955535e-10
7382,-4.2407269876372145e-09
7383,3.2969390790500877e-09
7384,-3.979221433964828e-10
7385,-4.377561654626935e-09
7386,-2.9454173797542635e-09
7387,2.773183357400283e-08
7388,-5.602331113597404e-09
7389,-3.1313081853817026e-09
7390,-7.002343771835555e-09
7391,1.0424170286738289e-10
7392,3.104383816404472e-09
7393,2.2221601632495553e-08
7394,-3.849127290601095e-09
7395,7.302084914793117e-09
7396,-1.1053240688724236e-09
7397,-4.2773608008332927e-10
7398,9.334878232396794e-10
7399,-3.938898985368219e-09
7400,-3.4095691536272006e-09
7401,-9.332773984610287e-09
7402,8.875996293251824e-09
7403,-5.039757838953738e-11
7404,1.6355028876997235e-09
7405,-1.061663358662144e-08
7406,-3.8255802003403625e-09
7407,9.832402622586216e-10
7408,1.1472257894423327e-09
7409,-2.7884865870822065e-09
7410,-1.239461984694851e-08
7411,-1.9222859283996796e-09
7412,-2.4520959415251585e-09
7413,-4.859818516063082e-10
7414,-2.0971203633624634e-09
7415,-7.1998731250489745e-09
7416,-9.178117900923859e-09
7417,-1.0732735958011157e-08
7418,7.704776778061737e-10
7419,1.3203570670454431e-08
7420,-4.970708015335579e-09
7421,4.58873193435776e-09
7422,-3.8549228575098634e-09
7423,1.1125318589403227e-08
7424,2.7449481760279853e-09
7425,-1.5673942334950808e-09
7426,-1.7838060121654282e-09
7427,-1.6029485807205329e-09
7428,3.685484527373898e-09
7429,3.138606057661958e-09
7430,-3.2025196147339157e-09
7431,-1.0301111955016919e-08
7432,-1.23902692634859e-09
7433,-4.682594256121441e-09
7434,-8.010816799367247e-10
7435,3.92033747770129e-09
7436,-1.1924045044680122e-08
7437,-6.358495295095922e-09
7438,-3.922964914761086e-09
7439,-2.8376395536995897e-09
7440,5.265054450686687e-09
7441,-1.1188027794755397e-08
7442,1.534515937670646e-09
7443,2.940726478288758e-09
7444,-1.879024672370789e-08
7445,-8.93619285188741e-09
7446,-1.114395581946974e-08
7447,6.763514535453807e-09
7448,-7.514648997996319e-09
7449,-4.18868804202724e-09
7450,-6.2611521977432175e-09
7451,9.168826088350964e-09
7452,-2.292921813356755e-09
7453,-3.5647628213412057e-09
7454,-1.5906866448706196e-08
7455,-3.4681345148933723e-09
7456,1.073970753348587e-08
7457,2.312259284286835e-09
7458,-6.439261901529387e-09
7459,-2.8862036320058498e-09
7460,3.3695892017878e-10
7461,-1.0446957061933504e-09
7462,-1.7900154824629875e-09
7463,-1.4394005137734836e-08
7464,7.728867640575937e-10
7465,-4.035814114744148e-09
7466,-6.963939869532037e-09
7467,-4.3077712392837506e-10
7468,1.1085186095901023e-08
7469,1.9331042510975788e-08
7470,-5.1185279309813114e-09
7471,2.13840929779142e-09
7472,8.272553296855303e-09
7473,1.4733321242757758e-10
7474,7.1485279195690056e-09
7475,-6.555770433456145e-09
7476,-7.568868527073652e-10
7477,3.5946980106014302e-09
7478,2.223746284639041e-08
7479,-1.571006866752934e-10
7480,-9.361086590588976e-09
7481,5.1542309821715324e-09
7482,-1.1398206173263435e-08
7483,-7.778365851711386e-10
7484,-1.404659274989539e-08
7485,-4.3260587476783713e-10
7486,-4.2421514612070056e-09
7487,2.595535828942594e-09
7488,1.4383769719678983e-08
7489,8.584335609826886e-09
7490,-1.3365979131130466e-09
7491,-4.919723036444904e-09
7492,-3.4021612800769428e-09
7493,-1.174453986712737e-08
7494,1.9016011344094482e-08
7495,9.210803288020278e-09
7496,-6.0387947077058635e-09
7497,-1.6710328754583934e-08
7498,-3.062377462366293e-09
7499,-1.1725016121540012e-10
7500,3.413336171164981e-09
7501,1.3247929876792637e-08
7502,-1.2125171350266013e-09
7503,-1.6570690653660372e-09
7504,6.083690364309424e-09
7505,-2.8045928023082814e-10
7506,7.309422863592632e-10
7507,5.944921480327313e-09
7508,-1.3056488627389459e-08
7509,-8.807720116415709e-09
7510,6.769143347944906e-09
7511,-3.391771558567597e-09
7512,3.61202279656323e-09
7513,-9.390372311548376e-10
7514,3.265520622984942e-09
7515,2.9550763666127407e-09
7516,1.2294542512603644e-09
7517,-1.5118637702904678e-08
7518,-3.596900678686792e-09
7519,2.4343119499465097e-08
7520,-9.496288961546847e-09
7521,-7.262114302631302e-09
7522,-6.2614925515110295e-09
7523,-3.2649914983291245e-09
7524,4.290594362718179e-09
7525,-1.289406633543703e-08
7526,-1.8888346105067966e-09
7527,1.4289431881195622e-08
7528,-1.0344045309509342e-08
7529,6.154907138297736e-09
7530,-5.479789333486733e-09
7531,-6.532180230327333e-09
7532,-1.2665287260577788e-08
7533,4.75910619194435e-10
7534,-6.707550113145718e-09
7535,-1.2877437666105997e-09
7536,9.068363383973177e-10
7537,4.124019324904108e-09
7538,-2.1749791552860154e-10
7539,-8.444933883565901e-10
7540,1.0391966238835295e-08
7541,-8.304165277909688e-09
7542,-1.0769566185219775e-08
7543,-2.451179870696946e-09
7544,-8.750637818766148e-09
7545,7.441724585372776e-10
7546,1.4556264009112069e-08
7547,-1.504825060808035e-09
7548,-1.5908199341238953e-09
7549,2.3557044422004096e-09
7550,1.1796581634058732e-08
7551,-3.05539720545397e-09
7552,4.502709293200998e-09
7553,5.535094050613149e-09
7554,-2.9218673195968643e-08
7555,-2.5654858059114002e-09
7556,-6.451483614794482e-10
7557,-8.985695260348997e-11
7558,-9.577610242539751e-09
7559,-3.3625424593087736e-10
7560,-1.9669196679518605e-08
7561,5.2982896219251536e-09
7562,3.49536798326817e-09
7563,-6.82398845290485e-09
7564,6.366351223026856e-09
7565,2.5728578256310747e-08
7566,-6.837689310988906e-10
7567,-2.6604967717866385e-09
7568,-1.884297752172902e-09
7569,3.242495917296302e-09
7570,-4.478058352328181e-09
7571,1.559437723586762e-08
7572,-3.798518666223907e-09
7573,-6.829778909148525e-09
7574,-1.0705426718706955e-08
7575,-2.43384028002673e-09
7576,1.6393415608201357e-09
7577,-4.9132878384195035e-09
7578,-4.2730133750526006e-09
7579,-2.551200097309735e-09
7580,-1.7455732326249594e-08
7581,-7.454490981570452e-09
7582,-1.8197109084724173e-09
7583,-7.0680773146949015e-09
7584,3.520519790279084e-09
7585,-1.2379781275530279e-08
7586,-1.82107969591498e-09
7587,3.866895262252346e-09
7588,-3.383692661193583e-09
7589,-6.233628556276123e-10
7590,8.921161680507366e-10
7591,-1.0149432421929656e-09
7592,-3.775576198181956e-09
7593,-2.3697380148962977e-09
7594,1.7628115694207796e-08
7595,7.48260991913533e-09
7596,-9.133586409361415e-09
7597,1.0054842872810956e-08
7598,7.468983124360137e-09
7599,8.914492156021329e-09
7600,2.0273494013579347e-09
7601,-5.202174155991704e-09
7602,1.7952184860965786e-09
7603,2.1775055105740353e-08
7604,1.8903088586048327e-08
7605,1.0894479315575775e-08
7606,-6.331342089965222e-09
7607,-1.3114968417489395e-09
7608,-4.112944652384684e-09
7609,-2.9553011516220647e-09
7610,-3.894209613575598e-09
7611,-7.032423000625498e-09
7612,-1.5333627855641072e-08
7613,-4.685884123549461e-09
7614,-5.920761557276408e-10
7615,3.6009057086140753e-09
7616,6.857933574261426e-09
7617,-6.492734888262119e-10
7618,-1.5367529541184125e-09
7619,-5.7557236610066745e-09
7620,-2.753479471516682e-09
7621,-1.6743035575408992e-09
7622,-1.4666716894653557e-08
7623,-1.63768784463557e-09
7624,-3.653340149702347e-09
7625,-3.879205630881813e-09
7626,-4.010919369981582e-10
7627,-2.081374501055291e-08
7628,6.010118169940298e-10
7629,5.615426556791287e-09
7630,-2.395550786943238e-09
7631,-6.481619646600026e-09
7632,1.9770829040601483e-09
7633,1.7313920426437662e-09
7634,-8.351828453968558e-09
7635,-6.706226446844388e-09
7636,4.149121372284088e-09
7637,6.938244580429265e-10
7638,-9.423722912018588e-09
7639,3.1927261209218226e-11
7640,2.503285091266686e-08
7641,7.327237310791583e-09
7642,-7.4882571839939e-09
7643,-5.827802594345076e-10
7644,-8.554562838578751e-10
7645,2.6151104353522574e-09
7646,6.907748149933274e-09
7647,-1.541466109391835e-08
7648,1.1024044688603734e-08
7649,6.290665177369681e-09
7650,-6.308548189103012e-09
7651,1.3122315023342522e-09
7652,-5.056983938156367e-09
7653,-4.751982850094829e-10
7654,-4.58760774281226e-09
7655,2.966863365795187e-09
7656,2.230451607583333e-09
7657,-1.7433797821255902e-08
7658,-5.812132673833386e-09
7659,4.739148014211457e-09
7660,2.737709900907577e-10
7661,6.841857611793816e-09
7662,-7.037513421433541e-10
7663,3.935862782211523e-10
7664,-6.281717863564275e-09
7665,1.122881537745836e-08
7666,-8.000921171589231e-11
7667,-1.0644336094387353e-08
7668,2.7785627890180078e-09
7669,-3.3837163977320197e-09
7670,8.414458584944579e-09
7671,-1.536782996432075e-08
7672,1.0613364848939272e-08
7673,-8.450715635310326e-09
7674,-4.217587829094043e-09
7675,9.083650695951058e-10
7676,-4.638443719265773e-09
7677,-7.394370151168455e-09
7678,-6.98835892728663e-10
7679,-7.455893119642762e-11
7680,-4.622613215409735e-10
7681,1.5327434594687938e-09
7682,7.124217572244449e-09
7683,-3.769124358503856e-09
7684,-6.39392739030899e-10
7685,-5.697362109487782e-10
7686,-9.93008521018554e-10
7687,9.844940707472611e-09
7688,-4.027028160366938e-09
7689,8.094779980178484e-09
7690,9.157421950888531e-09
7691,9.636844156989224e-09
7692,2.5315605254099293e-10
7693,4.51315228922381e-09
7694,-9.544396303518126e-11
7695,7.337362237643893e-10
7696,3.46385791342577e-09
7697,-7.422303659734537e-09
7698,-5.8816357663357234e-09
7699,1.1008965971906771e-08
7700,-2.561395967621764e-09
7701,1.2278794142960961e-08
7702,-6.617994119215654e-09
7703,1.650081159882076e-08
7704,-1.2998939287407169e-09
7705,-7.740639058506591e-09
7706,-4.781868489897763e-09
7707,4.582457506490369e-09
7708,-7.506618689684695e-09
7709,-3.813891968576263e-09
7710,3.80063933145144e-09
7711,2.779206061002536e-09
7712,-5.811818954409447e-09
7713,2.565734034549857e-10
7714,1.9476655380618502e-09
7715,-6.544772781143202e-09
7716,-1.1326061590573363e-08
7717,1.1882218444090378e-08
7718,8.408824384350312e-09
7719,1.5759851651549627e-10
7720,5.196957554017388e-09
7721,3.6180278535537006e-10
7722,-7.835111980011688e-09
7723,-5.648491525641924e-10
7724,9.594404579166101e-10
7725,-1.617854525158061e-08
7726,-7.048275823742814e-09
7727,3.380676602949961e-09
7728,1.5292510486571233e-09
7729,7.585292091769512e-09
7730,6.175742898306119e-09
7731,-3.676827017692523e-09
7732,-8.541437203388318e-09
7733,-3.587075676640025e-09
7734,-8.040335342381996e-12
7735,1.4692531601296378e-08
7736,-1.332925450556633e-09
7737,-3.4518169547117676e-09
7738,4.706177999437007e-09
7739,-1.011520761950254e-10
7740,-1.3920978428851649e-08
7741,6.355518191713938e-09
7742,-1.3655156535408632e-09
7743,-5.048410545397484e-09
7744,4.456246843198152e-10
7745,-1.2658328265685051e-08
7746,1.0905882585757172e-08
7747,1.3503461298248713e-09
7748,-9.535207394803157e-09
7749,4.962734589415969e-09
7750,-1.2216691543847986e-08
7751,-1.4471745463569024e-08
7752,-2.4783287669495198e-09
7753,-3.4685658055766753e-10
7754,1.2109410712825523e-08
7755,5.836105287420094e-09
7756,1.014574196936194e-08
7757,1.103343075000209e-09
7758,2.3982220956529796e-09
7759,-1.2585567090726109e-09
7760,-6.951007370608292e-09
7761,2.3706859547914224e-09
7762,-2.2819055100116176e-08
7763,3.056233237353124e-09
7764,5.029114622730265e-09
7765,6.5143482450025145e-09
7766,-1.0047699374192413e-08
7767,2.559161829380569e-09
7768,7.948072882941873e-09
7769,1.3759094303000066e-08
7770,2.282642119041909e-08
7771,2.4933885393875187e-08
7772,1.23392737429251e-11
7773,-5.997726579599466e-09
7774,-3.1122572267255456e-09
7775,-1.4254641043253454e-08
7776,-1.7146434882503821e-09
7777,-6.045313485871042e-10
7778,-1.1030623925159265e-08
7779,2.0282464623809317e-10
7780,-1.0242376387383573e-09
7781,-3.4906614878473814e-09
7782,2.1370375337136814e-09
7783,7.98255453510439e-10
7784,2.0638975105751988e-10
7785,1.8827400092719345e-09
7786,-6.027741558038565e-09
7787,1.4665680374971946e-09
7788,1.960594356818482e-09
7789,-8.529736292121593e-10
7790,-5.141004772752745e-09
7791,-1.012188680226093e-08
7792,-5.193175645830276e-09
7793,2.354271870824006e-09
7794,-3.5040815222034995e-09
7795,-1.3541552503061057e-08
7796,4.790208715147695e-10
7797,1.3356123926576766e-08
7798,8.343619611602128e-09
7799,7.708346782721643e-09
7800,1.4930765658438426e-08
7801,-6.906440808239294e-09
7802,1.8094307631609565e-09
7803,-1.8599746838104616e-09
7804,-6.6659560177673176e-09
7805,-6.774365966369785e-09
7806,-6.564889466879611e-10
7807,-5.303690497665041e-10
7808,1.8545192896218437e-09
7809,-7.596328485154422e-09
7810,1.1505291197800177e-09
7811,-4.261797715775838e-09
7812,-6.96551961106631e-09
7813,-4.543243789163384e-09
7814,-1.0539354172934503e-08
7815,8.808267550582936e-09
7816,7.1685050002025084e-09
7817,-4.69788138684154e-10
7818,-4.3214968037910984e-09
7819,-5.796019158531477e-09
7820,-3.2412024222936804e-09
7821,-2.8713227624759342e-08
7822,2.8614164205925323e-08
7823,-1.447463108100459e-08
7824,9.124134547405088e-10
7825,4.733769015779419e-10
7826,1.009045525061294e-10
7827,2.702856273537042e-09
7828,1.3817533394502416e-08
7829,1.0613806441979758e-09
7830,-1.1539948533332177e-09
7831,8.338817668940723e-10
7832,3.426144879444024e-09
7833,-6.549676257161681e-09
7834,-8.87877068315521e-09
7835,3.4636759943465036e-09
7836,-1.3513975998308134e-08
7837,-3.503097037066875e-09
7838,-4.158393078537334e-09
7839,-2.022820408290545e-09
7840,2.834785477007351e-09
7841,-2.4052480036933614e-10
7842,3.3605608888726056e-09
7843,-4.3533621824067566e-09
7844,8.956667290350189e-10
7845,-8.268386406581791e-10
7846,-1.987005107390334e-09
7847,-2.630344761537627e-09
7848,3.964986034134872e-09
7849,-2.5290029627040177e-09
7850,-5.156648224933579e-09
7851,1.1065191767719205e-10
7852,-1.8079407284953167e-09
7853,-2.0033097774632865e-09
7854,-2.3718755981187867e-09
7855,-1.1140347288035295e-08
7856,-2.9883711341355225e-09
7857,-1.174996896876115e-08
7858,9.872624340775674e-10
7859,8.180282777008672e-09
7860,-1.0846697366880921e-08
7861,-9.832668242097567e-09
7862,-4.984645885424228e-09
7863,2.3922644104023614e-08
7864,-4.775245938894841e-09
7865,1.0979884799882485e-08
7866,3.496543783991673e-10
7867,-2.0118950890407582e-09
7868,-6.551284731802785e-09
7869,7.65686739294391e-09
7870,-3.6643058948971527e-10
7871,-2.4993368994230668e-09
7872,2.961540434512871e-09
7873,6.381088666175739e-10
7874,1.3038587106836625e-08
7875,-9.98482426484831e-09
7876,-3.291095674940972e-09
7877,1.3390092768860997e-09
7878,-7.725431268171183e-09
7879,-3.2153128013684485e-09
7880,1.738016228304964e-08
7881,-6.654820752636571e-09
7882,-1.227219283685355e-09
7883,1.9001734105761157e-08
7884,8.169712508218217e-09
7885,-6.639658101586843e-09
7886,-1.2993643724197054e-08
7887,3.0836630149575205e-09
7888,-2.496837222977802e-09
7889,-7.405245970774736e-10
7890,1.4072227147608565e-09
7891,-4.852341573893719e-09
7892,-2.3566380705846898e-08
7893,-6.035029803344265e-10
7894,-9.48927389158308e-09
7895,8.320881547038045e-09
7896,2.0555274434725038e-10
7897,-1.7803702093674978e-08
7898,1.1831104001877131e-09
7899,6.095173253426139e-09
7900,1.6805086941805545e-09
7901,-8.375114935326317e-10
7902,1.7618953223749552e-09
7903,-2.522447549076764e-09
7904,-3.971208280970687e-09
7905,2.451305407782855e-08
7906,-1.3043465684047543e-08
7907,2.0661174944984965e-09
7908,5.410462491579992e-10
7909,-1.2768614110028709e-08
7910,-4.0201900660882385e-09
7911,1.0401027685847183e-08
7912,-5.278229500764399e-09
7913,-1.0719405370666599e-08
7914,-2.811107761602021e-09
7915,5.225684700786481e-09
7916,-1.5274355582962184e-09
7917,-1.512555664176609e-08
7918,7.66331845683688e-09
7919,-3.0693421249862997e-09
7920,2.0929845488277355e-09
7921,9.748326904232019e-09
7922,9.125038761939106e-10
7923,-6.495048369757006e-11
7924,-5.761611641795732e-09
7925,-2.2195960836487893e-08
7926,-3.84446650385479e-10
7927,-9.88755377455068e-10
7928,-7.345540682420973e-09
7929,-7.132126122820968e-09
7930,-1.427664747587466e-10
7931,-2.1737389768852564e-09
7932,-1.5097972425464016e-08
7933,-8.746831575821502e-09
7934,2.5658814934875474e-09
7935,-3.098304015011155e-09
7936,1.4270842702271332e-09
7937,1.687157562162442e-09
7938,-3.019422869463617e-09
7939,-1.4796597188094334e-09
7940,-3.783119028655601e-09
7941,-4.3880717483769226e-10
7942,-3.0117300447832423e-09
7943,-3.43925629420066e-09
7944,-2.8654350055403888e-09
7945,-1.1639962563542079e-08
7946,-5.989133072749608e-10
7947,-2.9559003655579726e-09
7948,-9.623736573517705e-10
7949,-9.534395048690645e-12
7950,-2.153893895910333e-09
7951,4.972119337863511e-09
7952,8.475194889008319e-09
7953,-6.037471503175713e-09
7954,-1.823125570036238e-09
7955,4.658031840072397e-09
7956,-2.428895255626912e-08
7957,1.2981877904566263e-08
7958,-9.946024475040088e-10
7959,-1.2430884289309357e-08
7960,1.89451766589871e-08
7961,2.7881890098089324e-10
7962,-2.11242186372983e-09
7963,-1.043858723592444e-09
7964,-6.884625363836392e-10
7965,-5.4411141634238515e-09
7966,1.3935847992513692e-10
7967,-4.762692166301537e-09
7968,-2.8667992365964975e-09
7969,7.66487702657258e-10
7970,1.686370707164087e-08
7971,-1.9195262330077857e-09
7972,-1.1500855134893197e-09
7973,-2.082364343783158e-09
7974,-3.4176119837517065e-09
7975,-1.7031123408309597e-08
7976,1.0295779373384439e-08
7977,-2.4630636871814276e-09
7978,1.940996666772977e-08
7979,-8.072488084627967e-10
7980,-6.233174280020549e-09
7981,-2.8100001938628617e-09
7982,-8.913373886582188e-09
7983,8.923130323311272e-09
7984,-1.2005979166871076e-08
7985,1.508841237682376e-09
7986,2.1878432357042204e-09
7987,-2.3328432540590717e-10
7988,-2.065241482601996e-10
7989,-1.3002778396264545e-08
7990,-3.322833454536179e-09
7991,-2.845110874518074e-09
7992,-2.558115493629587e-09
7993,-7.307164672531941e-10
7994,1.6144236876467472e-09
7995,2.18166957027654e-09
7996,2.052830957484774e-08
7997,2.0491823304124628e-08
7998,4.460067644492975e-09
7999,7.605508562374834e-09
8000,4.035892425496958e-09
8001,1.4627281821985192e-08
8002,2.4789202021907517e-08
8003,1.596400289075613e-08
8004,-2.3419578091285513e-08
8005,-4.98242002365217e-09
8006,1.6785383584262026e-08
8007,-1.4278366728073014e-09
8008,1.4789565932144176e-09
8009,-7.120701320266248e-10
8010,8.504654533217026e-10
8011,7.150085467773953e-10
8012,-5.584803802352801e-09
8013,-3.5753069135927025e-09
8014,-6.684270384258253e-09
8015,-1.2117442740064648e-08
8016,-3.0982468272836727e-09
8017,2.08106077539951e-08
8018,-2.6477039735170137e-10
8019,1.3325163281991085e-09
8020,-7.680504272329371e-09
8021,-6.928933741151352e-09
8022,-1.556019008450727e-09
8023,-7.873240121756533e-11
8024,-3.940057448324407e-09
8025,-6.864918388742187e-09
8026,2.3612862359593253e-08
8027,1.158157318153502e-08
8028,-1.4569616067815648e-09
8029,9.092436752444232e-09
8030,-9.15646570874149e-10
8031,4.094820943887057e-09
8032,-1.0353142351315022e-08
8033,-6.505024513937759e-10
8034,-7.638184873147555e-09
8035,-9.244969613885442e-10
8036,1.44453984456673e-09
8037,-6.018537573972923e-09
8038,-1.4353291786389555e-09
8039,2.7076282918959047e-09
8040,-6.426990538960821e-09
8041,1.556714834029551e-08
8042,6.1553581943480796e-09
8043,1.3472006345029284e-08
8044,-4.692526473401096e-10
8045,-5.879244318186569e-09
8046,-5.263923184358497e-09
8047,-3.5929634797056996e-09
8048,4.262797758434376e-09
8049,-3.928677590645985e-09
8050,-5.250601295093317e-09
8051,1.7595101447684807e-08
8052,-8.732057937548369e-09
8053,2.41146013396896e-09
8054,-1.3623410151787514e-09
8055,1.659483735004085e-08
8056,-2.5240675081746355e-09
8057,6.548175803444383e-09
8058,-5.656070439936264e-09
8059,-9.370401255845732e-09
8060,5.61924094792541e-09
8061,9.457536536203062e-09
8062,2.271399669115489e-09
8063,-9.276692701405071e-09
8064,5.534580406983153e-09
8065,-5.934945045014585e-10
8066,2.6949139929360486e-09
8067,-3.382024050876485e-09
8068,-5.348436868089049e-09
8069,8.173026613003142e-11
8070,-5.894632921237031e-09
8071,6.39875679803925e-10
8072,1.9594567209093987e-09
8073,-5.063429078548424e-10
8074,6.119819314031536e-09
8075,-8.020989168174057e-09
8076,-6.829844852964984e-09
8077,-9.442662650165985e-09
8078,-8.791553367493177e-09
8079,1.6381473397991294e-09
8080,3.7763545170958586e-09
8081,6.453519144064347e-09
8082,-1.4120552804700344e-08
8083,-1.0018623407001797e-08
8084,-4.277559091563029e-09
8085,-2.501574707808594e-09
8086,2.3382811744326375e-09
8087,5.1940374180661444e-09
8088,9.620912986476662e-09
8089,-1.3630262091100568e-08
8090,2.866052262404535e-08
8091,1.904131378128986e-09
8092,1.3005638820929107e-09
8093,-1.292597724739583e-09
8094,1.3152985525293204e-09
8095,-4.340038010535712e-09
8096,-1.5439122247756183e-09
8097,-5.8363192586891784e-09
8098,-2.7240122970308445e-08
8099,-1.0118389164696666e-09
8100,-2.7433613341366623e-09
8101,-8.627027418954343e-09
8102,4.5129070096715675e-09
8103,2.6560161496518125e-09
8104,-5.8315325305230295e-09
8105,-5.512427354864427e-09
8106,-2.7653887723706622e-08
8107,-4.160403893250034e-09
8108,2.060912443944821e-09
8109,-1.4281774604156908e-08
8110,4.140480402652945e-09
8111,-8.662406599995473e-09
8112,-7.702588958876763e-09
8113,-1.33278598988369e-08
8114,-9.607983428508936e-09
8115,1.4315214945056876e-09
8116,1.2928627757682358e-09
8117,-1.4241173992405506e-09
8118,8.857260122115027e-10
8119,-4.976059303241288e-09
8120,-4.031925243319735e-09
8121,-1.07425559610912e-09
8122,1.2539806687802065e-09
8123,-3.731353808873035e-09
8124,-3.480095770256861e-10
8125,1.8144887273947094e-09
8126,-1.3287650513963208e-09
8127,-1.0196930914787776e-08
8128,-9.655008132467184e-10
8129,1.725643968431024e-08
8130,3.735584663859964e-09
8131,6.937908791791504e-09
8132,1.9450403965122557e-09
8133,-6.17838931647525e-10
8134,-7.526293083303184e-09
8135,-9.861787881256198e-09
8136,-2.6448254212818695e-09
8137,4.02323407686998e-08
8138,2.8490722458953175e-09
8139,-6.316798876277937e-09
8140,1.3483543338962842e-09
8141,-1.959512914835721e-09
8142,-9.494536230659278e-09
8143,-1.1076442033410872e-08
8144,-8.263777977166719e-09
8145,-3.6450673920266184e-09
8146,-7.841256386372972e-09
8147,-1.9931116771487866e-09
8148,-8.614450950400767e-09
8149,2.9236480526339555e-08
8150,1.2387111159521166e-09
8151,1.8932393154101336e-08
8152,-1.667301453667908e-08
8153,-1.6361575411734078e-08
8154,-3.910681082925371e-09
8155,5.124877333469465e-09
8156,2.6483975688714346e-08
8157,-1.2888064370655076e-08
8158,1.0969664520965773e-10
8159,2.5775713946706232e-09
8160,8.805862307093716e-09
8161,-1.1303046904643768e-09
8162,-5.818792166107857e-09
8163,-1.2640756356515177e-08
8164,-5.638956861706603e-09
8165,-7.465599808644987e-09
8166,-2.0200772837833945e-09
8167,-4.56968281852896e-09
8168,-1.1586768464645327e-09
8169,2.1042544369161797e-09
8170,1.263764544272016e-08
8171,-3.166106591403466e-09
8172,-1.9284519318266468e-08
8173,-4.557795364592404e-09
8174,-1.8801161590286424e-08
8175,2.1123007082688953e-09
8176,5.875598364918749e-09
8177,-1.5196207731425492e-08
8178,4.415086297285141e-09
8179,-1.057667872310619e-08
8180,1.2353599230027994e-08
8181,-1.8421192445391323e-09
8182,-3.4615364467925544e-11
8183,-4.872270840014531e-10
8184,3.4634349284285894e-09
8185,-3.325043873083478e-09
8186,8.785545836941892e-09
8187,-9.810044657883777e-09
8188,-9.455103534284772e-10
8189,-1.680232631932538e-09
8190,7.934619774093774e-10
8191,-1.2227262466137368e-08
8192,-2.619814008724684e-09
8193,-2.5333832059153766e-09
8194,-1.323658715816078e-08
8195,5.8776065213786716e-12
8196,-5.535995364319124e-10
8197,2.878725898930366e-08
8198,-6.8110933142873255e-09
8199,7.698500613771801e-10
8200,-1.0401998538823382e-08
8201,-4.713634097110406e-10
8202,-1.2592100121012692e-09
8203,9.71957549413869e-10
8204,-4.930099548053498e-09
8205,-3.1255093756860484e-08
8206,-6.364413889572572e-09
8207,1.638449047629247e-08
8208,-7.048718851979188e-09
8209,3.6033675800457523e-09
8210,-9.24718821785026e-10
8211,-1.8234154782466245e-09
8212,-6.58499985549594e-09
8213,-3.918958147379164e-09
8214,2.6363261688994208e-08
8215,3.58243741469878e-09
8216,9.48195134036353e-09
8217,-4.806599270500589e-09
8218,-4.472729558882943e-09
8219,-5.851224863588242e-09
8220,-6.939271893643133e-09
8221,-3.762110390458734e-09
8222,-1.513409550327632e-09
8223,4.0161681438218716e-10
8224,2.118439669405244e-09
8225,1.146098866670001e-09
8226,2.3884754077501833e-09
8227,1.3258953914560158e-09
8228,-3.729774610454119e-09
8229,-1.14411306378536e-08
8230,-5.975178131611279e-09
8231,-2.1207397296684387e-08
8232,-1.0126574604336283e-08
8233,-6.813669090152755e-09
8234,4.19493634828297e-10
8235,2.9409011725702666e-09
8236,-7.641215088195979e-10
8237,1.950691874878073e-09
8238,4.357582025336071e-09
8239,3.4977702851648057e-09
8240,-9.631673470488366e-09
8241,1.0961408327488093e-08
8242,8.339572226925222e-09
8243,2.9450613231668497e-09
8244,-5.3757761601819335e-09
8245,3.1867762689842823e-09
8246,-5.989223575944651e-09
8247,3.379383407792803e-08
8248,1.3344338841568976e-09
8249,-3.4424934432234763e-09
8250,1.8252867035609482e-09
8251,-1.865251120948915e-09
8252,4.0634849785497083e-10
8253,-9.585141730526794e-10
8254,-9.013440211486907e-09
8255,-3.2270410899839983e-09
8256,-3.738425488988361e-09
8257,3.229771507878339e-10
8258,1.7697191387168256e-09
8259,5.207672837499369e-09
8260,1.8575018232602445e-08
8261,-1.1722685637076456e-08
8262,2.2609544623266214e-09
8263,5.428466648940535e-09
8264,-4.709924847583616e-09
8265,-1.3292067815366648e-08
8266,7.41360524292391e-09
8267,1.7899572920662904e-09
8268,2.6895109255909705e-09
8269,-3.820016066771196e-09
8270,-6.76966003124449e-09
8271,-4.4379717903985026e-09
8272,6.870072101783623e-10
8273,-5.22636048996108e-09
8274,-4.534702880984302e-09
8275,-8.76639902337889e-09
8276,-1.9808574227325474e-10
8277,-5.162652281362835e-09
8278,1.4228965274696305e-08
8279,9.130495247142582e-09
8280,1.540389355981235e-08
8281,3.649550550071641e-09
8282,1.8308876216223393e-08
8283,-3.3366056581059676e-09
8284,9.262049124133604e-09
8285,-2.570794967540313e-09
8286,1.748179880294807e-09
8287,-5.3319337713244885e-09
8288,-6.3835548397298776e-09
8289,1.1404086249758403e-09
8290,-9.36468050381661e-09
8291,3.5904991593997948e-09
8292,-1.3317211666536455e-09
8293,1.6198211168645768e-09
8294,-4.318536938322444e-09
8295,1.2577036476029412e-08
8296,-5.486644501207326e-10
8297,2.4554139735083e-10
8298,-1.5628874617370572e-09
8299,-2.661592680314767e-10
8300,-1.3061467669819277e-09
8301,1.534056441616054e-09
8302,-4.33653480750336e-09
8303,-3.1494845838238726e-09
8304,-2.2283527012614356e-08
8305,-4.832833189897666e-09
8306,-3.8249727620491735e-09
8307,1.4370306232304474e-09
8308,-5.841290603089442e-09
8309,1.1666904758647114e-09
8310,-3.1528002038567914e-09
8311,-2.2999870842924423e-09
8312,-1.5404975786786753e-08
8313,-9.519513273322253e-09
8314,-4.401380944825494e-09
8315,-2.6345459416466118e-08
8316,-7.759585582729064e-09
8317,8.358674261085567e-09
8318,-2.2496083992894448e-09
8319,-1.486169670082585e-09
8320,-2.451036707364539e-08
8321,-1.1725373213956036e-09
8322,1.780416791588223e-08
8323,-3.6767515990498803e-10
8324,-1.3737691776023721e-08
8325,-3.565668059141619e-09
8326,5.268130330280645e-09
8327,-4.128116203770003e-09
8328,-3.2443585084427166e-09
8329,-4.72274032796724e-09
8330,1.6154571084437985e-09
8331,4.541894969173284e-09
8332,-6.416342049711252e-10
8333,-2.0341424486012857e-09
8334,2.4945718763342822e-09
8335,7.349128755796823e-09
8336,-4.023238359857342e-09
8337,5.181943339723266e-09
8338,1.3421106756325228e-08
8339,6.194281934611973e-09
8340,-5.298852704480719e-09
8341,-3.369463401623318e-09
8342,9.673682190740468e-09
8343,-3.122433728618498e-10
8344,5.284826435056287e-10
8345,-8.727128272803815e-10
8346,-3.2466305804253992e-09
8347,-3.177235967211962e-10
8348,-1.6397393289561125e-08
8349,1.0286444979006427e-08
8350,-2.066179612972698e-09
8351,1.2426037673398826e-09
8352,-3.0324986851914417e-09
8353,-5.027245876002863e-10
8354,2.0024003343157583e-08
8355,-9.39922920442332e-10
8356,-1.0403767118464288e-08
8357,-4.1529845793651285e-09
8358,1.2275130322268363e-09
8359,-8.87582676853237e-09
8360,-3.954786169531526e-09
8361,-3.6638891811325835e-09
8362,-1.0529680968041275e-09
8363,1.1698306667897711e-08
8364,1.4000254645813657e-09
8365,2.1037324548240587e-09
8366,-7.50923738823222e-09
8367,4.442991298322611e-09
8368,-2.6527805890782875e-09
8369,1.3226380047292353e-08
8370,-2.675530499274041e-09
8371,-7.570380865998613e-09
8372,2.3566036844029076e-09
8373,7.09612981201716e-09
8374,-4.640661936588602e-09
8375,3.4158660424168595e-09
8376,-8.194610234961192e-09
8377,-2.6451660141924563e-09
8378,5.997227578027096e-09
8379,7.343217596214115e-09
8380,2.534393224517945e-08
8381,1.6755638572471832e-09
8382,-2.9312552569560445e-09
8383,-7.516556183323916e-09
8384,8.596836221410136e-10
8385,1.1138004326786618e-08
8386,8.712842815808012e-09
8387,3.569815561294404e-10
8388,-6.023171526191292e-10
8389,-6.637226488762248e-09
8390,-6.921916293331627e-09
8391,-2.6917735117321946e-09
8392,-2.271716875099163e-09
8393,-4.515266877781193e-09
8394,1.0839874619114082e-09
8395,-3.058896897683085e-09
8396,2.8326400117011855e-09
8397,-1.3738073861133115e-08
8398,-2.6531850986138704e-09
8399,-1.2927045587225924e-10
8400,-2.1191808359027086e-09
8401,1.8527988272060883e-09
8402,-2.0681273547760103e-08
8403,7.904474841884299e-09
8404,-8.88642139544181e-09
8405,6.8685742785397975e-09
8406,3.893625895747633e-09
8407,4.4318062563822624e-09
8408,-1.4024619539281872e-08
8409,-2.152316733988508e-09
8410,-3.0525472083320196e-09
8411,1.3375111233657804e-09
8412,1.3584012812974606e-09
8413,-1.0940232890171033e-09
8414,-3.2834226088991376e-09
8415,2.9497792977025645e-09
8416,-9.933669408704096e-09
8417,4.223263603406987e-09
8418,5.458683200882756e-09
8419,3.4459907566346708e-09
8420,-1.4289683372266837e-08
8421,4.990528662366988e-09
8422,9.073047412242225e-09
8423,-6.564650912811891e-09
8424,2.2417956012074605e-08
8425,2.286712066529766e-09
8426,-4.0509021630778456e-10
8427,3.134255327382436e-08
8428,-5.895485144653465e-10
8429,4.405147364471573e-09
8430,3.9627854908271625e-09
8431,1.0978877947034872e-09
8432,-1.8931338700015478e-09
8433,-7.1650560740149e-10
8434,-9.100413486973654e-11
8435,-1.4198558517627952e-08
8436,-1.924698594121401e-09
8437,-1.0506781811942525e-08
8438,-7.290111963996063e-09
8439,1.8486336513481933e-08
8440,-5.995185610805332e-10
8441,5.379312578121743e-10
8442,2.034749695229015e-09
8443,1.3619488389299512e-08
8444,-8.83311142939273e-10
8445,2.460019276198722e-09
8446,-6.487728147908875e-09
8447,-5.883803528098604e-09
8448,4.355625217423246e-09
8449,-3.7030405636557207e-09
8450,1.5973696214909438e-09
8451,-3.837674579451609e-09
8452,3.2825973993519464e-09
8453,8.748176929765683e-09
8454,7.2119271515461605e-09
8455,1.1583150553413607e-08
8456,8.784980245042538e-09
8457,3.7289757107711575e-09
8458,2.137161949016785e-09
8459,9.838338712993539e-11
8460,-1.2074854408399163e-08
8461,-2.218617762463444e-08
8462,2.3711654273388417e-08
8463,-5.996270565156761e-09
8464,-2.6523118122308477e-10
8465,-4.0962146444006934e-10
8466,1.667957216152857e-08
8467,-4.586613460355604e-09
8468,1.911391978637166e-09
8469,-6.192136241946415e-10
8470,1.2570168518357949e-08
8471,-2.7058215954022495e-09
8472,-8.166475653270226e-10
8473,5.074309702095244e-09
8474,6.6443335705957346e-09
8475,2.3890612935389766e-09
8476,-2.687883486957631e-09
8477,8.275459153739832e-09
8478,-1.2240812849293886e-09
8479,-4.876483882366925e-09
8480,-4.858418923627508e-09
8481,-2.1249990498848032e-09
8482,-1.3639675449512415e-08
8483,-6.040468196428446e-10
8484,-3.7365804966659204e-09
8485,-3.887855342797396e-09
8486,-2.383285489354447e-09
8487,2.0071647308292474e-09
8488,-1.897753423390005e-09
8489,1.566658696402716e-08
8490,-2.672180951572149e-09
8491,2.7791676952626656e-09
8492,4.198113082688255e-09
8493,-1.1552296804824514e-09
8494,3.850788916716683e-09
8495,6.713678405857082e-09
8496,-2.5830287686278344e-09
8497,9.7942224361884e-09
8498,-7.167937663982265e-09
8499,7.822207079733495e-09
8500,-4.181142931027432e-09
8501,7.754101216802036e-10
8502,6.613013995175852e-09
8503,-1.0483329207091666e-09
8504,6.712834880744363e-11
8505,-8.638391844084006e-10
8506,-8.501692820373631e-09
8507,5.470371862907418e-09
8508,-5.8490393329863756e-09
8509,-2.741426541645651e-09
8510,-2.8647513838621187e-09
8511,7.145284115919922e-09
8512,9.223591482303291e-10
8513,-2.5107416355577496e-09
8514,2.3207743259687528e-09
8515,-3.4597674170995747e-09
8516,1.186986935338986e-08
8517,1.963626634670192e-08
8518,4.963473362885323e-09
8519,8.794731103178795e-09
8520,-2.6449529288438365e-09
8521,4.773598477522273e-10
8522,3.97698634084601e-09
8523,-1.8114828974658056e-09
8524,-5.976673981992828e-09
8525,-2.7704989356489296e-10
8526,-1.4636071904472063e-09
8527,-5.961991539469297e-10
8528,-2.599326842447447e-09
8529,-1.5418471479997306e-08
8530,-3.6485037382863718e-09
8531,-2.9185503008164696e-09
8532,-2.0308318540172716e-09
8533,-7.049918231429994e-09
8534,-9.190321627594611e-09
8535,-3.4884647591567157e-10
8536,-2.9211216385912058e-09
8537,1.3499515357251204e-09
8538,-2.541877067116164e-09
8539,-2.9381986451362454e-09
8540,-1.8893172034161085e-09
8541,2.3564928775760117e-09
8542,1.178836581413083e-08
8543,-9.882152804606679e-09
8544,-1.1777082936117622e-08
8545,2.5134908672641495e-09
8546,3.2549725686798413e-09
8547,1.0121171323877291e-08
8548,5.283709498399266e-09
8549,-1.2774069109221899e-12
8550,7.690735627112295e-10
8551,-9.264566040443448e-10
8552,-1.3918458341613476e-08
8553,-1.0021741145959793e-08
8554,-3.765093970133227e-09
8555,2.0088592206468965e-09
8556,3.348876582575999e-09
8557,-5.335922473328121e-10
8558,-2.8736396264532148e-09
8559,-1.799369968190639e-09
8560,-7.387793290644668e-09
8561,-6.105257630896888e-10
8562,1.8198764830681431e-10
8563,2.322108260878664e-09
8564,-1.3978748650082804e-09
8565,-1.3813453176522776e-10
8566,2.4927005971250793e-09
8567,-1.3864661660613148e-09
8568,-1.096585964229609e-09
8569,-5.456152987569917e-09
8570,-1.9302686739658424e-09
8571,2.7478868252135432e-09
8572,-1.5106562996126957e-09
8573,-1.346606950658188e-09
8574,-7.373628859491367e-09
8575,7.9266132866199e-10
8576,-5.533415258667141e-09
8577,-1.5026586659017474e-08
8578,1.2225043130274164e-09
8579,-2.769383275757302e-09
8580,9.019323245894899e-09
8581,-1.256182784464975e-09
8582,2.091418790891626e-08
8583,-1.4742936601479096e-08
8584,1.2037050959115654e-10
8585,-4.293260389923591e-09
8586,-3.1622285261832472e-09
8587,-4.227304614403618e-09
8588,-7.992398849612367e-09
8589,1.3768843253403745e-09
8590,-6.187145727269547e-09
8591,-4.8597781684789946e-11
8592,-3.829791621849422e-09
8593,-3.0618559805828797e-09
8594,-9.700603530403652e-10
8595,-3.0669741680727577e-09
8596,4.033833218000927e-08
8597,3.34084745118536e-09
8598,-2.5469340842703993e-10
8599,1.7214245705747898e-08
8600,4.596302675769214e-10
8601,-1.7305265028147904e-08
8602,-2.389283037843079e-09
8603,-3.111971740545237e-10
8604,-8.259838191737481e-10
8605,1.613687313254485e-08
8606,1.3602733323344683e-09
8607,-7.043596620905538e-10
8608,-1.7867344686150647e-08
8609,1.1838610154253371e-08
8610,3.8085703567494934e-09
8611,-1.1215221525514018e-08
8612,6.116617634596189e-09
8613,-2.6400012872265783e-08
8614,1.05353923126111e-08
8615,-1.0309825697583074e-08
8616,-1.5093569271061388e-09
8617,2.660896885475744e-09
8618,-9.280574810772849e-10
8619,-1.3837358130702883e-08
8620,2.1579704453228947e-08
8621,-8.21684748195521e-09
8622,-1.579041570846287e-09
8623,-3.392055547928755e-09
8624,1.6062909835875436e-10
8625,-2.4202332030033673e-10
8626,-4.292948609008911e-10
8627,-1.0513137458793199e-08
8628,4.959799300035612e-09
8629,3.947865598072044e-09
8630,-1.733518831230642e-09
8631,-4.642326644465709e-09
8632,-1.4515133384096393e-08
8633,1.7441661699536608e-09
8634,-9.485277444460191e-09
8635,-5.441502311312274e-09
8636,8.877478790165381e-10
8637,1.9033013112550213e-10
8638,8.272659155042449e-09
8639,-6.076467742519219e-09
8640,-6.500310571433781e-09
8641,2.194421598358822e-08
8642,1.2763545770512993e-08
8643,4.965904553209952e-09
8644,2.452785862118719e-09
8645,-3.55478494714001e-09
8646,-4.8451603630718496e-09
8647,2.2691887878559746e-09
8648,-1.7043717560307887e-09
8649,-8.7646667738521e-09
8650,-9.402472553070913e-09
8651,-2.829655963926442e-09
8652,-9.965564557008591e-10
8653,-1.7268766211180496e-08
8654,7.0610127554896464e-09
8655,6.12110672291489e-09
8656,2.1184214943870045e-09
8657,3.7620541273651066e-09
8658,-3.4090397508775265e-09
8659,3.3550017838689944e-09
8660,-3.728007853563157e-09
8661,1.3411053895254497e-08
8662,2.927661203636771e-09
8663,-9.7454565669752e-09
8664,-4.231660686859072e-09
8665,1.0428853016502349e-10
8666,3.001619849218367e-09
8667,-1.9342056947822154e-09
8668,-4.211506194192661e-09
8669,-4.0959596515021065e-09
8670,-1.6767364649462386e-09
8671,3.4466744579591044e-09
8672,-1.3754613812832277e-09
8673,-1.383639095415604e-09
8674,-2.6581713522664994e-09
8675,-1.4304923587167416e-09
8676,-4.187576337834164e-09
8677,1.5057031785134807e-09
8678,-8.540333923638616e-09
8679,3.5708924362334653e-09
8680,-3.4881983023647446e-09
8681,3.981853103796918e-09
8682,-7.545606298453638e-09
8683,7.46308492890919e-09
8684,1.641266966045073e-08
8685,-2.883974352329275e-09
8686,1.8987812694390533e-09
8687,2.3059493658978183e-08
8688,6.0455370461746285e-09
8689,1.668185073477189e-09
8690,-3.3578766260500604e-09
8691,-3.933832673160251e-09
8692,3.210759770540951e-09
8693,-1.8278280320197823e-10
8694,-2.0405198690421004e-09
8695,-1.5448182464616728e-08
8696,-1.1919044846104757e-09
8697,-1.12096545297821e-09
8698,8.034793224526068e-09
8699,-1.1160928178432774e-08
8700,-9.05419879178742e-09
8701,-6.508550797740003e-09
8702,-1.3987604607526213e-09
8703,-1.676970035799426e-08
8704,4.9264385733492835e-09
8705,-8.403109763744913e-09
8706,3.574695900402709e-11
8707,-1.1269624416660225e-09
8708,8.325784258329616e-09
8709,-1.1958048827525323e-08
8710,2.528485632644342e-08
8711,3.4154485336823265e-09
8712,-6.1239679258859725e-09
8713,9.029122085664162e-10
8714,-7.333378790923323e-09
8715,-2.063451904411061e-09
8716,-7.350870623157708e-09
8717,-9.091193699082886e-09
8718,-6.900277517263075e-10
8719,6.276949229221014e-09
8720,-3.630845408366859e-09
8721,-2.5520913010667268e-09
8722,5.743594878095329e-09
8723,-3.7739342768055365e-09
8724,-1.0684238302586289e-08
8725,-2.386523676185888e-08
8726,-7.202042189266462e-09
8727,1.8758343554517026e-08
8728,-5.9286785992709576e-09
8729,-6.590764161221976e-09
8730,1.0243311023406937e-09
8731,3.756224902663663e-09
8732,2.398052378674557e-09
8733,-5.32185873844403e-10
8734,-4.374470171440745e-12
8735,-1.7162473129789152e-09
8736,3.3523774981313965e-09
8737,2.9276923182008295e-09
8738,-6.774703713678367e-09
8739,-2.2804797548099352e-09
8740,-1.293530385194071e-08
8741,-2.278405716257308e-08
8742,2.9041563826415815e-09
8743,-2.9597461199130355e-09
8744,-1.2012202104952024e-09
8745,4.5924975495560076e-10
8746,-1.2421347096012926e-09
8747,-5.642371077583234e-09
8748,-1.7918946276249732e-09
8749,-1.59738171211314e-09
8750,9.416410602757344e-09
8751,-7.176792374078259e-09
8752,3.692702299766937e-09
8753,-1.6813018847478274e-08
8754,-5.826236343374451e-09
8755,-1.9197364859896304e-09
8756,1.1503877085880793e-09
8757,-1.0152851718525338e-09
8758,-1.6859188134823888e-09
8759,-1.8648457425789373e-09
8760,3.1855352576695794e-08
8761,6.718508571836755e-09
8762,-1.0269516932697239e-08
8763,-2.84603749359476e-09
8764,-5.443113887807308e-10
8765,-4.6030915800198e-10
8766,-8.354976899799862e-10
8767,2.1203957819694564e-08
8768,-8.690442432544094e-09
8769,-2.910811580720352e-09
8770,2.779971520409334e-09
8771,4.32372311456713e-10
8772,1.7431975408506648e-08
8773,5.766362435342625e-10
8774,-6.3096477674052624e-09
8775,4.7520930392230766e-09
8776,1.995211033336012e-08
8777,-1.0805347262320702e-08
8778,1.371323863353953e-09
8779,1.784698828555226e-09
8780,1.9604541736985697e-09
8781,-4.907558858898301e-09
8782,3.91086065870097e-09
8783,-1.282197125552625e-09
8784,-1.0177291790296493e-10
8785,-3.308751608903344e-09
8786,-4.334275053188201e-09
8787,-1.2407031636979565e-09
8788,6.330788196503662e-09
8789,-1.2991733902476239e-08
8790,-1.3433525294662376e-08
8791,-1.5684152673995464e-08
8792,4.273677727232367e-09
8793,-3.009975236087912e-09
8794,1.1202519246843053e-08
8795,1.3007266757535314e-10
8796,4.9561321648478934e-09
8797,2.879797784452805e-09
8798,-3.5978121961066857e-09
8799,-6.457657138976428e-09
8800,5.268469095608124e-10
8801,-1.2035712375453328e-09
8802,2.1212623510649283e-10
8803,2.3202789856804153e-09
8804,-2.6524484438931172e-09
8805,-5.453076311012345e-09
8806,-1.0688272803261782e-10
8807,-1.1243596615196583e-10
8808,-2.2091135483574467e-09
8809,-1.9502115739313442e-10
8810,3.120104146493948e-09
8811,-2.5026794994058425e-09
8812,-1.9026853827552103e-09
8813,-1.6496756183526065e-10
8814,1.3460538968458143e-08
8815,-3.630349777472797e-10
8816,-1.485848391413832e-09
8817,2.3559624292052346e-09
8818,1.0175893257151269e-08
8819,-7.916072927537719e-09
8820,-5.352137590467808e-09
8821,-5.84618849998143e-09
8822,1.460358194097189e-09
8823,-7.450098317239887e-09
8824,2.001152456684406e-09
8825,-1.2567181239883875e-09
8826,-4.212196408900891e-09
8827,-1.9907102904270943e-09
8828,-2.6550579166023477e-09
8829,6.0644042622847814e-09
8830,-7.802244706576803e-10
8831,1.6281168482532991e-09
8832,-1.9783894199053285e-09
8833,-6.764629667319153e-09
8834,-2.378724913118927e-09
8835,-1.383682407168544e-09
8836,-3.795480607244752e-09
8837,3.8811961677422853e-10
8838,1.946378217512849e-08
8839,-7.281422923553538e-09
8840,-4.999289532039599e-09
8841,2.574439367494851e-09
8842,2.682064337203204e-08
8843,-1.8934103870032854e-09
8844,-2.682266479708947e-09
8845,-3.301861985078035e-11
8846,3.6051219658204213e-09
8847,-1.9413898547326287e-09
8848,4.983948182968386e-09
8849,-1.628724079454035e-08
8850,-3.742232167566249e-09
8851,-1.0647934880764836e-08
8852,-1.3054608778340015e-08
8853,-6.011361960573304e-09
8854,-5.426079413685135e-09
8855,9.051101862273646e-09
8856,-9.494187247475286e-10
8857,-2.7855955544050505e-09
8858,2.9404166596919336e-09
8859,4.646859472627654e-10
8860,-7.701209001940827e-09
8861,9.97109291017342e-10
8862,8.112919967091091e-09
8863,-2.44437024862303e-08
8864,-1.0017944443115565e-08
8865,9.665136065365539e-09
8866,-9.64568595805742e-09
8867,-3.030079467597553e-09
8868,-1.2331263606844456e-08
8869,-5.623521862922496e-10
8870,1.0502232582398537e-09
8871,3.250500141316542e-08
8872,-1.694996164256209e-09
8873,-9.67376914434665e-10
8874,-2.7940304701617282e-09
8875,-1.1704450637599452e-08
8876,9.94221069493951e-10
8877,1.89581649711152e-09
8878,4.328644119757395e-09
8879,-5.419871951217915e-09
8880,-3.85033960147861e-09
8881,5.7827003153263854e-11
8882,-3.5027408458511343e-09
8883,-3.8679392192028713e-10
8884,-2.1341486552296837e-09
8885,-1.1327286028056912e-09
8886,-3.3887222734764753e-09
8887,-1.0564803583184159e-08
8888,5.540540790783952e-11
8889,9.149493754768341e-09
8890,-3.002354359095462e-09
8891,1.0092918110504876e-08
8892,1.8576280069810428e-08
8893,-2.616078570880877e-08
8894,-7.512703401531992e-09
8895,-8.495808169391745e-09
8896,-1.3322046510248184e-08
8897,-1.1833830585487456e-09
8898,-6.346698214148587e-09
8899,-9.189428300519297e-09
8900,-1.3168188511251712e-09
8901,1.412446968471991e-10
8902,4.0899740178184925e-09
8903,2.6101037179961127e-09
8904,4.015533808749294e-09
8905,-1.8313250447044815e-09
8906,-5.004171123109815e-09
8907,1.1548976013842612e-09
8908,-9.194559136863186e-09
8909,-2.5441523130048253e-09
8910,-3.918165346127995e-09
8911,-5.902996328119282e-09
8912,-3.613893948901314e-09
8913,-2.2004899623258064e-10
8914,-5.494935702994138e-09
8915,-3.935620896968318e-09
8916,4.216067899102649e-09
8917,-2.7424358645795627e-09
8918,-5.449664190333263e-09
8919,8.836942382529788e-10
8920,-1.2055053134491636e-09
8921,-6.853092444536494e-09
8922,-1.391868594246085e-08
8923,-6.9368389191323065e-09
8924,-4.418693379419535e-09
8925,-1.0097337637457385e-08
8926,8.859233456815043e-09
8927,6.38706750518466e-10
8928,-4.176375157625558e-09
8929,1.177621000329929e-08
8930,-2.366333757605604e-09
8931,-3.874977475743894e-09
8932,-7.323925458811378e-09
8933,-1.356941674196611e-09
8934,1.6861474935339222e-08
8935,3.1172197383153704e-09
8936,-9.903741071418014e-09
8937,-1.3096504266916874e-09
8938,-1.0851182876503334e-09
8939,-8.722942718671077e-09
8940,-5.628241495107367e-09
8941,-3.867110320138494e-10
8942,-4.83199985373447e-09
8943,-1.3949764167710606e-09
8944,2.6416963081042646e-09
8945,-1.4042780655892992e-09
8946,-7.988579671206542e-09
8947,-9.56701427238597e-09
8948,-5.643085849200092e-09
8949,-5.89234718243753e-09
8950,-4.46843424959216e-09
8951,-4.040479903368007e-09
8952,-6.033753026336834e-09
8953,-3.0572664929059426e-09
8954,-3.4418338472335245e-09
8955,-3.521178406872388e-09
8956,2.3457171005528995e-08
8957,3.987508780652087e-09
8958,5.564748068033067e-11
8959,-1.0207297644037872e-09
8960,-3.415815802594259e-09
8961,-2.6342982751565395e-09
8962,-5.461849047837952e-09
8963,-1.16822253498167e-08
8964,-8.382251753123684e-09
8965,-1.8108412887403029e-09
8966,1.6139797089842987e-08
8967,4.328334215708219e-09
8968,8.013632545503388e-09
8969,2.179799683114816e-09
8970,5.050649574607181e-09
8971,-8.872118059444378e-10
8972,-3.081521455288372e-10
8973,8.817540306800956e-09
8974,-4.4511747098680187e-10
8975,-5.5589594078406505e-09
8976,-2.0305833614108226e-09
8977,2.500307230502395e-09
8978,-1.8391476385737082e-09
8979,-4.9058091697714585e-09
8980,-3.677941111337167e-11
8981,-5.40398172844835e-09
8982,-1.255319504626249e-09
8983,-3.267249500219758e-10
8984,-3.537179783487821e-09
8985,-1.3582568516456718e-08
8986,-4.111968113059634e-09
8987,-2.59590087674614e-09
8988,8.680505667857717e-11
8989,-6.47729374224526e-09
8990,9.877167264876758e-10
8991,-1.3776184203993556e-08
8992,-1.3218250891887052e-08
8993,9.933186932956296e-10
8994,-1.2387182245254964e-09
8995,-1.1922410442807585e-08
8996,-1.9511771263268533e-09
8997,3.694444997007097e-09
8998,2.04599229017892e-09
8999,-8.204674461777701e-09
9000,8.583046867893477e-10
9001,-4.396824019347136e-09
9002,7.64149753341048e-09
9003,5.167213664099848e-10
9004,5.1324820157074045e-09
9005,8.782527156229759e-11
9006,-9.697771254183116e-09
9007,-3.3833990339264532e-09
9008,-6.601196433295914e-09
9009,-4.012848400932835e-09
9010,-7.659186993531806e-09
9011,-1.4018354905899712e-09
9012,-2.934180791526381e-10
9013,1.820223699242414e-10
9014,3.867855402902412e-08
9015,3.0845424836134434e-09
9016,1.8161545009337736e-10
9017,3.129258244462824e-09
9018,2.105818486980024e-10
9019,1.0065660777776744e-08
9020,1.3881053230920161e-09
9021,3.6700202495205535e-09
9022,-1.938266298282133e-09
9023,5.318569359420073e-10
9024,-4.130264671326272e-09
9025,2.2419438915619982e-08
9026,-1.444634650771513e-09
9027,-1.7792520157453125e-09
9028,7.71352873363947e-09
9029,-1.0201703790043585e-09
9030,-1.6822596415560074e-09
9031,-9.302670507670959e-09
9032,-5.763237081778217e-09
9033,-1.0506831025347114e-09
9034,-2.5447872889239695e-09
9035,-1.2508996199353664e-09
9036,1.4429477383588875e-08
9037,-5.899250956879637e-10
9038,3.0426330690599983e-09
9039,1.83454321589586e-08
9040,3.534275851350252e-09
9041,-1.733514289732066e-08
9042,-6.594294691337538e-09
9043,-4.193397598598777e-09
9044,-1.2235572568497625e-09
9045,-2.4442732051167503e-08
9046,1.6438906570770318e-08
9047,-2.004861791211213e-09
9048,-3.6712663222616115e-09
9049,-4.151465874586031e-09
9050,9.213047523697062e-10
9051,-4.138670057408539e-09
9052,-4.168124619685561e-09
9053,-6.268704266948393e-10
9054,6.019154310066576e-09
9055,-3.957452936649624e-09
9056,-1.6374262191410196e-09
9057,3.4919356851377685e-09
9058,2.6746238696159637e-10
9059,-3.316302303311802e-09
9060,3.268477641792549e-09
9061,7.3620305920219256e-09
9062,1.4835143858218504e-10
9063,-9.713007014221597e-09
9064,-3.867544317502871e-10
9065,8.825876428948355e-09
9066,-1.2018547132287895e-08
9067,-6.802653615008897e-09
9068,1.8887455487958706e-08
9069,5.025442689657941e-09
9070,1.3578397460298414e-10
9071,-3.1461612047177355e-10
9072,-2.2164624870948293e-09
9073,-1.2933935369828656e-11
9074,1.7741465476852635e-08
9075,-4.893858979053016e-10
9076,-4.0325908507014325e-09
9077,-3.1820665774303022e-09
9078,7.746299039998759e-10
9079,-2.4101717907366937e-09
9080,7.011200830341792e-10
9081,-1.4207401391843187e-08
9082,-4.584490831768108e-09
9083,4.527132399313469e-09
9084,2.95030657193007e-09
9085,-1.3187308215075048e-09
9086,3.940927674575135e-09
9087,-5.341091919323678e-09
9088,3.027584908474568e-08
9089,-1.729631698508452e-09
9090,-5.609290340996801e-10
9091,-2.8603893003701555e-09
9092,-1.1938025033333928e-09
9093,7.578089193778616e-09
9094,9.936070275859483e-09
9095,-6.810488357865143e-09
9096,9.65264505786842e-09
9097,1.0426843168218283e-08
9098,-1.254132945157201e-09
9099,-2.0540200683587926e-09
9100,6.722119344086308e-09
9101,-1.0006747255480906e-09
9102,-1.6469045770382426e-08
9103,-7.182766999931166e-09
9104,5.99551158667677e-10
9105,-6.761133263927588e-09
9106,-4.869159356114263e-09
9107,-1.518742329888721e-08
9108,-2.1852401624972756e-10
9109,-9.785547544615322e-11
9110,2.515053567117384e-10
9111,1.1330761852600201e-08
9112,6.153816761817162e-09
9113,2.9747828825465656e-09
9114,-7.494768492397958e-09
9115,-1.1959424531903631e-08
9116,6.107483572385104e-10
9117,1.99605034858221e-09
9118,3.796509513848075e-09
9119,-2.9731086678102597e-09
9120,1.8996688546044003e-08
9121,2.810564548895936e-10
9122,-1.6031823046158642e-09
9123,4.216644153792976e-09
9124,2.424188058793026e-09
9125,2.223444296573921e-09
9126,-1.2685398072675869e-08
9127,4.3744943520669635e-09
9128,3.0368147867002537e-09
9129,-4.225309632774179e-09
9130,-6.3940051428641065e-09
9131,2.7561532980721047e-10
9132,6.5414123537323055e-09
9133,2.776509557113782e-09
9134,-3.518541519737342e-09
9135,-7.3436377947134835e-09
9136,2.8227694887587106e-09
9137,6.789181455399894e-09
9138,3.806848562325213e-08
9139,-4.162219050926647e-09
9140,-2.3126014936036383e-09
9141,1.937797791968125e-09
9142,-4.326634486127405e-09
9143,4.056844901955798e-09
9144,-7.639400171608443e-09
9145,2.7690058916275654e-08
9146,-6.236573064772224e-09
9147,1.7053684902865397e-09
9148,-5.020417002889451e-09
9149,7.609873420586616e-10
9150,-5.707349742685024e-10
9151,2.577693123021649e-09
9152,4.4141335344445404e-09
9153,-6.653368952087147e-09
9154,8.952463548735367e-10
9155,-6.2832418670986505e-09
9156,-3.807882321913235e-09
9157,1.3674458963689515e-09
9158,-3.781716763025969e-09
9159,-4.02568676417319e-09
9160,-7.897357087234698e-09
9161,-1.3669867605169217e-08
9162,-7.135999516873044e-10
9163,1.993334093430343e-09
9164,6.1551937898882515e-09
9165,7.219489725685254e-09
9166,-6.031034721066891e-09
9167,7.939587176716554e-10
9168,-5.204841091202329e-09
9169,8.682915003692175e-09
9170,-4.35157904913965e-11
9171,3.9133975698558934e-09
9172,1.1532264570152049e-09
9173,-2.694383987553139e-09
9174,-1.8937199429599716e-09
9175,-3.038018820396233e-09
9176,-2.641686376642089e-10
9177,2.965261129677401e-09
9178,-2.7995849488844298e-09
9179,1.514325084282975e-09
9180,4.622244191128701e-09
9181,2.9971471063484814e-09
9182,-4.127927922913503e-09
9183,-1.5073499267403635e-08
9184,-4.337212683700011e-09
9185,-1.0998922887643928e-08
9186,2.7174722324077334e-08
9187,5.10511038487568e-09
9188,-1.9737426779355352e-09
9189,-1.002402803220746e-08
9190,-5.8280973690302244e-09
9191,-1.5916374766835753e-09
9192,-1.68276065332761e-08
9193,-1.0627338863270825e-08
9194,-4.495872481098724e-09
9195,-8.524366451201395e-09
9196,3.6064980038797485e-09
9197,1.2758194569478902e-08
9198,6.464918447317966e-10
9199,-4.148698932642416e-10
9200,-1.0060016121831534e-09
9201,2.0036847933083716e-08
9202,3.5583412695438806e-09
9203,-4.238712473302544e-09
9204,-1.9755566859634513e-09
9205,-2.9555362070278312e-08
9206,5.208261305869823e-10
9207,3.806588709127675e-09
9208,-1.3869126643979576e-10
9209,5.308259767250184e-09
9210,6.177421562140648e-09
9211,-1.6376042585121037e-09
9212,1.3358171245034012e-08
9213,1.3916798147720137e-09
9214,-1.3683741120864314e-09
9215,-1.075169064046881e-09
9216,-5.979110754277247e-09
9217,-1.7904908792520032e-09
9218,1.9580207831042868e-08
9219,-8.194445483260224e-09
9220,-4.003110311387214e-09
9221,-1.862479788505051e-09
9222,1.168134295819159e-08
9223,1.9736295815983767e-08
9224,-2.6432592017033162e-09
9225,-5.62072548422907e-09
9226,-2.2612221739164782e-09
9227,-5.236651639436447e-09
9228,9.132579323483015e-09
9229,-3.8299975119734785e-09
9230,1.6869530205581736e-08
9231,-3.456634458198069e-09
9232,1.6625665368429373e-08
9233,-2.657757753057689e-09
9234,-6.6943353121928015e-09
9235,-2.335296837863344e-10
9236,-4.2605265514323845e-09
9237,6.456852033822954e-10
9238,1.4973179969878958e-08
9239,-8.872266701038925e-09
9240,1.6548129140994578e-08
9241,6.732964702799367e-09
9242,2.335624761432907e-09
9243,-6.727462038975623e-10
9244,-8.905141957454526e-09
9245,-1.0950822357127741e-09
9246,7.593281989966525e-09
9247,-1.5848796091799813e-09
9248,2.3503830292658557e-09
9249,-1.3907555323203066e-09
9250,-2.9998785108693134e-09
9251,-6.5476345817010115e-09
9252,4.50503124037185e-09
9253,-8.932584114647446e-09
9254,-1.4100215461822928e-08
9255,-2.790865388383365e-10
9256,-4.337847852496761e-09
9257,-2.151885426107242e-09
9258,-3.97900673274002e-10
9259,1.7547561730470197e-08
9260,6.396501585944197e-09
9261,-6.9585571968616924e-09
9262,-1.3348962049745283e-08
9263,6.922668260198728e-09
9264,-1.2229179057074862e-09
9265,-1.0010406976153222e-08
9266,7.340602733308772e-09
9267,1.5926317394266846e-09
9268,-1.3693346786688547e-09
9269,-3.820777978537273e-09
9270,-9.43573521050593e-09
9271,-3.4582169526074953e-09
9272,-6.960852486977384e-09
9273,9.791813248551782e-10
9274,-4.78321330762383e-09
9275,-4.190955350345475e-10
9276,1.480268021506375e-09
9277,1.3377863997459734e-08
9278,-5.197413038687896e-09
9279,-1.0131459445012796e-08
9280,2.8707395946437164e-08
9281,1.691397033870906e-08
9282,1.2126702122872768e-10
9283,2.0719505627165267e-08
9284,-7.821836002905776e-09
9285,1.6872197369853454e-09
9286,-2.6617675940498327e-09
9287,-1.1057398738393344e-09
9288,1.2921602398830233e-09
9289,1.4318111514675311e-08
9290,1.2970407789214694e-08
9291,1.3428715843671412e-08
9292,-4.9525075062122835e-09
9293,-8.47209825029485e-10
9294,4.34444504534619e-09
9295,2.6724816482834774e-09
9296,-1.1295504786973903e-09
9297,-3.1258692725365733e-09
9298,-7.599858051260419e-09
9299,-2.328615939732356e-09
9300,-1.7137492745925217e-09
9301,-2.0757370233116458e-09
9302,-3.0899896521341283e-09
9303,5.165677234691283e-10
9304,5.261318461320982e-09
9305,8.618351338097554e-09
9306,1.1516846781932829e-10
9307,1.4867049506407084e-08
9308,4.793711587353051e-10
9309,-1.6073915585696704e-09
9310,-1.1089298336427846e-08
9311,-1.3087125226330602e-08
9312,-3.5893998418435343e-09
9313,1.6310877042916236e-09
9314,-3.6809549383654922e-09
9315,2.8072191643476854e-10
9316,-3.3741346156911646e-09
9317,-1.062365266598504e-08
9318,-2.256646052811476e-08
9319,1.7696095008856334e-08
9320,5.90484671963221e-09
9321,-5.693399226061521e-09
9322,-1.9435308616645644e-09
9323,4.67414988371844e-09
9324,5.85710865999774e-09
9325,-1.933979078861853e-10
9326,-1.583234346219454e-09
9327,1.304741351151758e-08
9328,5.846734821520582e-10
9329,5.7920992982097116e-09
9330,1.6767809019217734e-09
9331,-1.9439148585354996e-08
9332,2.127231566413489e-08
9333,-1.9498666971140514e-09
9334,-1.904840167398662e-10
9335,-1.4284345914341277e-09
9336,1.6879417500940823e-08
9337,4.1483755635544954e-10
9338,2.4409855606110263e-09
9339,-7.917687602005008e-09
9340,7.860745340418726e-09
9341,-1.400926932794881e-08
9342,-6.221474948261301e-09
9343,1.1401436564940172e-08
9344,3.3513947291827974e-09
9345,-8.338745853261707e-11
9346,1.0182756229704973e-08
9347,1.6147628786235762e-08
9348,9.414152217986526e-09
9349,2.218443961442147e-08
9350,-1.054949529988223e-08
9351,-1.5141696001208633e-08
9352,-8.7244013999214e-09
9353,-1.6370441204941518e-09
9354,4.301563610741571e-09
9355,3.879965440233978e-08
9356,5.162394158403757e-09
9357,-8.91172624551689e-09
9358,1.2400661355818679e-09
9359,1.2828647244571613e-08
9360,8.912919062537805e-09
9361,1.847132145157666e-09
9362,1.3888591060297835e-08
9363,-8.41526185648031e-10
9364,-1.2261356221544754e-10
9365,3.716514040516511e-10
9366,5.787117553077037e-09
9367,7.896657710194678e-09
9368,2.851057915381209e-09
9369,4.48470713109445e-10
9370,-2.008456946045165e-09
9371,-1.6366260636501154e-08
9372,7.683740836312785e-10
9373,-2.3913934424173927e-09
9374,2.231534915418389e-08
9375,1.1803023177034568e-09
9376,-1.175705132036749e-08
9377,3.773874682057896e-10
9378,-2.0427496355751514e-09
9379,-1.0677508098359701e-08
9380,-2.392892683773891e-09
9381,1.385915364234523e-09
9382,-3.094798587277039e-09
9383,-7.749590932365387e-09
9384,-7.122063669653613e-09
9385,-1.4533474383951045e-09
9386,-1.599441707514461e-08
9387,1.3740944649926189e-08
9388,2.507753118722454e-09
9389,-6.3273976899609006e-09
9390,-6.830711775889815e-09
9391,6.791455701991524e-10
9392,3.0519790242947476e-08
9393,1.320805946191653e-08
9394,-4.4720887919144034e-09
9395,-1.483213989078805e-09
9396,-8.428462868033855e-09
9397,1.986491804311215e-09
9398,2.150503667941859e-09
9399,4.519696656405189e-09
9400,1.3339227342874924e-08
9401,1.58032848671877e-08
9402,6.339533244231722e-09
9403,1.8437632909499504e-08
9404,7.256362869576908e-09
9405,2.5534337216582692e-09
9406,-2.714393286077723e-09
9407,1.5371312196441561e-09
9408,8.172302349900788e-09
9409,1.2962396058602059e-09
9410,-5.365940803904186e-10
9411,1.278919052724887e-08
9412,6.000619559823949e-10
9413,-9.482144032009753e-10
9414,4.90444451528821e-09
9415,-3.4509260147272106e-09
9416,1.700708467982988e-09
9417,4.249184142387058e-09
9418,4.141778027328804e-09
9419,2.4911104360708197e-09
9420,1.4476803189146685e-08
9421,-2.6549222121191627e-08
9422,-1.6534746196894574e-09
9423,6.619744338863715e-09
9424,-6.3626245527036406e-09
9425,5.181684668139172e-09
9426,3.1988401941242856e-09
9427,-1.1319235773938696e-08
9428,1.6375728765119954e-11
9429,1.730440688616936e-09
9430,1.225972801919482e-09
9431,-6.423861055200681e-10
9432,2.4782043061558935e-09
9433,6.514663842249273e-09
9434,-1.792753647122844e-10
9435,-1.1936598207808056e-08
9436,4.730308741174312e-11
9437,-5.344959519672649e-09
9438,5.1022303563290035e-09
9439,7.680706589936796e-11
9440,-1.3050457731092084e-08
9441,5.6588959863245815e-09
9442,2.525595638472095e-09
9443,1.230246797011061e-09
9444,-1.3745396473159328e-08
9445,3.750186049014523e-09
9446,-1.718230512497446e-08
9447,3.593334971615381e-10
9448,2.6892424895401006e-09
9449,-7.3228569859037384e-09
9450,-1.4335875114026399e-08
9451,-2.9339331699943444e-10
9452,-2.842907140177105e-09
9453,-1.8757112926613793e-08
9454,-1.787042362098412e-09
9455,-1.268796071635837e-09
9456,-7.904436316004414e-09
9457,1.4010912702273128e-08
9458,-7.606279217189662e-09
9459,-5.7075799082881725e-09
9460,1.3099632941997927e-08
9461,-1.57706538729923e-09
9462,1.0751594907891757e-08
9463,-4.143995303038159e-09
9464,1.2846135443442111e-08
9465,1.8194028052558053e-10
9466,-3.0754464972536817e-10
9467,-7.704873150585561e-11
9468,-5.052075962357374e-10
9469,8.766686844490638e-09
9470,1.628001339318358e-10
9471,2.029298050970115e-08
9472,-6.652701525799969e-09
9473,6.322679237784776e-09
9474,-7.935914670303733e-09
9475,1.1315355698094427e-09
9476,1.7207977644337407e-08
9477,3.313397592483217e-09
9478,-2.5371303310682454e-09
9479,2.33428455266938e-09
9480,-1.5308891555791564e-08
9481,1.5916709894968068e-10
9482,-2.2703103987732923e-09
9483,1.2480807980244046e-08
9484,-9.958181503969936e-10
9485,-1.8406868507161653e-09
9486,-5.0212853825216215e-09
9487,-2.441705111007227e-10
9488,2.5609483300808107e-09
9489,-6.124225101708491e-09
9490,2.633841356762184e-10
9491,-3.494702486103879e-09
9492,1.2237676804938171e-09
9493,4.65079703920287e-10
9494,-8.556388761430825e-09
9495,-8.524235604342026e-10
9496,-2.125571308207818e-09
9497,3.220438091090808e-09
9498,2.6429064044206876e-08
9499,-4.874130264654155e-09
9500,-2.8691795144930374e-09
9501,-3.6401633447431446e-09
9502,-9.152933304613722e-10
9503,-3.2405544520598296e-09
9504,-4.761616913608931e-09
9505,1.3871028972852114e-09
9506,8.94088908629678e-09
9507,1.649339104294329e-09
9508,8.612517422744933e-09
9509,-3.2204339351707545e-09
9510,-2.3827306162054094e-09
9511,5.164670792143112e-09
9512,-6.136451556181026e-09
9513,6.2798559970432365e-09
9514,-5.476753930320803e-09
9515,-9.353935284672035e-09
9516,-3.732211645726617e-09
9517,-1.3254974742952118e-09
9518,1.1929412479936184e-09
9519,-5.825996690219103e-09
9520,2.4328223090681292e-08
9521,1.0170417424636232e-09
9522,-8.31581606770598e-09
9523,-6.034926626646537e-10
9524,-5.802491665378765e-09
9525,-8.023973745100146e-09
9526,-5.298403375616558e-10
9527,4.0239288844598896e-10
9528,-1.3364916968951394e-09
9529,-2.073093122136148e-09
9530,1.1348644979118994e-08
9531,1.2195029256770782e-09
9532,4.913379560009292e-09
9533,2.005417865896127e-08
9534,-3.902930351141858e-09
9535,-1.3088774329091167e-09
9536,-2.3059485774306726e-09
9537,1.103940217373671e-09
9538,-7.125843614394101e-09
9539,-6.219121462231107e-09
9540,3.878178146437915e-09
9541,5.041775491004792e-09
9542,-8.740531480097131e-09
9543,7.943675598629462e-09
9544,-1.1966851693968405e-08
9545,9.515837718501497e-11
9546,3.070692481857797e-09
9547,-9.8789775730083e-09
9548,5.937244663179685e-09
9549,-9.393588974141768e-09
9550,-6.9565761519438335e-09
9551,-1.442652285352184e-09
9552,-4.935417424597249e-09
9553,4.20897707402085e-09
9554,2.733030321121473e-09
9555,2.5204220814036027e-10
9556,-6.160770319183128e-09
9557,6.1327309322136776e-09
9558,-1.602788621527334e-08
9559,-9.2391023080018e-09
9560,-6.917573894537062e-10
9561,-1.5930334723068264e-09
9562,1.0530605539355486e-09
9563,-7.492069230494206e-09
9564,8.935928320352807e-09
9565,-1.1347042142406034e-08
9566,-6.889848257781627e-09
9567,3.210109388790214e-09
9568,-1.962345224805478e-09
9569,3.173205569087199e-09
9570,1.2144990064804485e-09
9571,2.0550110830455335e-08
9572,-1.2727572888363309e-08
9573,-4.768972742299959e-09
9574,-6.0238001753501285e-09
9575,3.0760355619565885e-08
9576,1.4268062512669478e-08
9577,3.7695240370911985e-09
9578,-8.945036880549298e-09
9579,-1.489931012846502e-08
9580,-2.0376115523323991e-10
9581,-8.249857987075072e-09
9582,-1.7095738329886172e-09
9583,-2.1099971051307172e-08
9584,2.413004631213723e-09
9585,-1.0307844551010098e-08
9586,-1.2419095891906219e-08
9587,-3.358321479857478e-09
9588,-2.8014575107128575e-11
9589,-5.4850324124169665e-09
9590,1.3687222545522732e-10
9591,2.2562403496614236e-09
9592,2.7488853629162155e-08
9593,8.907435082807798e-10
9594,-7.51592175198218e-09
9595,-1.34723796702804e-10
9596,-1.5771247783806168e-08
9597,-1.5737498585707742e-10
9598,2.581582438848152e-09
9599,-3.0141116280939435e-09
9600,-2.2310121957508956e-09
9601,4.52650648598896e-09
9602,9.56903129207609e-09
9603,1.2004355248342225e-09
9604,-2.770929378773056e-09
9605,-1.872938234390148e-09
9606,5.589423391525264e-09
9607,-5.940146858344004e-10
9608,9.271471714377372e-09
9609,6.281547805304105e-10
9610,4.870878217796138e-10
9611,1.3738310258470076e-09
9612,-3.963823322028944e-09
9613,9.705246501724141e-09
9614,-9.505475160881797e-09
9615,1.8135739725612075e-08
9616,1.4683330077959876e-09
9617,-9.321063509748668e-10
9618,2.7004241399640093e-09
9619,-1.968699409253609e-09
9620,2.579242966241318e-09
9621,6.471894640899575e-10
9622,-1.53433123976761e-08
9623,3.3460325286109733e-09
9624,-1.7309683288092527e-09
9625,-6.340689375620174e-09
9626,-1.6338440083495837e-09
9627,-2.5102959937711975e-10
9628,-1.2734770395908693e-08
9629,-4.44907781162258e-09
9630,-1.3973845462001368e-09
9631,-3.95626064027769e-09
9632,1.1149919784255502e-08
9633,3.371570519793936e-09
9634,7.480070742072786e-09
9635,-1.3000008842356096e-08
9636,-1.7313936683159817e-08
9637,1.406280995364168e-08
9638,-1.844885810757421e-08
9639,-1.6962089544836336e-11
9640,-1.5555391481028025e-09
9641,3.453551554167781e-09
9642,2.6837097365812804e-09
9643,-6.430605367283096e-09
9644,-2.5748105984540068e-09
9645,-1.1783881182533385e-08
9646,-4.663011101266025e-09
9647,-2.6455668752025855e-09
9648,-3.6151867765145826e-09
9649,3.209843399579683e-09
9650,-1.3534150203470596e-09
9651,-2.3275113636755793e-09
9652,-4.191063639014053e-09
9653,8.94000307640163e-09
9654,4.3013076334972467e-10
9655,-1.4161993813876543e-08
9656,9.116575305723226e-09
9657,-9.958489803612433e-09
9658,-1.015077585521577e-08
9659,-4.04289659353436e-10
9660,2.645549953230674e-09
9661,-3.848569588229564e-09
9662,-6.568774954720188e-09
9663,-6.530170266888005e-09
9664,6.76977321494909e-09
9665,-5.707580244358206e-10
9666,-5.340383283677375e-09
9667,1.1607221117555779e-08
9668,-5.814953028148274e-09
9669,1.3078515965915393e-08
9670,-5.79246667572859e-10
9671,-1.2468945691175339e-09
9672,1.3402295256826449e-08
9673,-9.408760434580854e-09
9674,1.4214881453056298e-08
9675,4.708946423118683e-09
9676,-1.509336453305681e-08
9677,1.5263616640447726e-09
9678,-4.5136740558613566e-09
9679,-5.620808614131821e-09
9680,-8.849359884903674e-10
9681,2.1967004294142304e-08
9682,8.789771464077976e-09
9683,-3.203758280303841e-09
9684,-1.0299143775062848e-09
9685,-7.59612972939688e-09
9686,-1.1044672795151728e-10
9687,-1.2481823448339564e-08
9688,-2.9776689811002165e-09
9689,-2.0999109592459986e-09
9690,6.586304266711704e-09
9691,-6.555894541805267e-09
9692,-4.176929327308169e-09
9693,4.0567713813039326e-09
9694,-2.2541990894050725e-09
9695,1.2753990519312259e-09
9696,1.3406238275102159e-09
9697,8.316237252278851e-09
9698,-2.5135103968454513e-09
9699,-1.6554098808801682e-09
9700,-8.128405801960489e-10
9701,1.9855549386382044e-09
9702,7.550180798158954e-09
9703,-3.82443785515785e-09
9704,-3.728800319788505e-09
9705,4.7470390890857856e-09
9706,3.810685969784241e-09
9707,-6.1617961251793096e-09
9708,-1.3835116951107315e-08
9709,1.770427642493291e-08
9710,-1.1046872573055866e-08
9711,5.470056205816265e-09
9712,-9.372270676194011e-09
9713,-2.680923268503728e-09
9714,1.6740216440474122e-08
9715,-4.58531736513486e-09
9716,4.7281933903184166e-09
9717,1.0311240422261137e-09
9718,9.069325588435308e-09
9719,-6.473890412110785e-09
9720,-1.7210602629375503e-08
9721,-3.083622538618502e-09
9722,-1.6220537007748434e-09
9723,-3.357713169399263e-09
9724,1.5989406557210088e-08
9725,1.1360131834614385e-08
9726,1.2290172590449043e-08
9727,1.2946059653265354e-10
9728,-1.0361944423149357e-08
9729,-3.273785188592604e-09
9730,4.612227419660536e-09
9731,-8.788009259612172e-10
9732,-4.224411249109426e-09
9733,1.6647153449151733e-08
9734,2.0578778840753137e-09
9735,-6.307855717128462e-10
9736,6.9161526194978576e-09
9737,-4.19773705697441e-10
9738,-6.472255928376903e-09
9739,-4.6088432360514963e-10
9740,5.807814928143699e-10
9741,-8.54737208567944e-09
9742,-1.3629078862840303e-08
9743,6.153398172866562e-10
9744,-1.6604118883936686e-08
9745,-4.3065784405890294e-09
9746,3.381175587562879e-08
9747,7.928187742535029e-09
9748,-1.044964687255767e-08
9749,7.81215592322237e-09
9750,-2.121264028090751e-08
9751,-9.719462432105257e-10
9752,-7.027821245561809e-09
9753,1.1964639115373971e-09
9754,-1.4547770652230251e-09
9755,-1.5577286354995257e-09
9756,4.913181190270209e-09
9757,1.0492212432130255e-09
9758,-2.9177233084168307e-09
9759,-2.2169687701635353e-08
9760,-3.5513552167714055e-09
9761,7.1554623875375864e-09
9762,9.13120161066343e-09
9763,1.5284280865648756e-08
9764,1.2810448029287677e-08
9765,6.42257943119088e-09
9766,1.278277533597271e-09
9767,-1.3425586968400406e-09
9768,1.0195069811031542e-08
9769,-1.0628265008192466e-09
9770,-6.648563578470601e-09
9771,1.5363514867023762e-09
9772,9.235091948658664e-09
9773,-4.363788767370683e-09
9774,-2.472215680147071e-08
9775,1.1551520192715479e-10
9776,-2.598674979605337e-09
9777,-2.827801606214469e-09
9778,-2.7859899087267545e-08
9779,2.5193159821211386e-09
9780,-1.0915876696168521e-08
9781,-5.757464892535318e-09
9782,8.827792185233699e-09
9783,-3.599362601522273e-09
9784,3.5155959408645835e-10
9785,4.47582036695112e-09
9786,5.015124319487436e-09
9787,-3.565719965885115e-10
9788,-6.927706976890951e-09
9789,1.66472766459926e-09
9790,-1.8633032760678477e-08
9791,1.1063408984476036e-08
9792,1.2593503689893864e-08
9793,5.228892562411539e-09
9794,-6.206110812777135e-09
9795,9.817433729261538e-10
9796,-4.510557599533588e-09
9797,3.1844053189742465e-08
9798,-1.8412047723157947e-08
9799,-1.5114978040708248e-09
9800,6.096735257303084e-09
9801,-1.5936830275601167e-09
9802,-5.115497070736697e-09
9803,-1.1089266847289092e-09
9804,1.8775719739463737e-09
9805,-7.495562007853206e-09
9806,1.3171613299836497e-08
9807,6.588960907842435e-09
9808,-1.5411248141703885e-10
9809,8.90105403402074e-10
9810,-2.5037192333355258e-09
9811,-6.427139063056149e-09
9812,-3.708491385734308e-10
9813,1.67929197558702e-09
9814,-1.5160395061781118e-09
9815,-7.078838423209058e-09
9816,2.568349719585702e-10
9817,-1.474056077901567e-09
9818,7.256082152175088e-09
9819,-4.854614453620685e-09
9820,-7.64980184958881e-09
9821,6.064577800074455e-09
9822,-2.888204843315486e-09
9823,-2.6475599599187156e-09
9824,1.0173407480083708e-08
9825,5.00525557492382e-09
9826,4.091182666764823e-09
9827,-6.85497576132764e-09
9828,2.1075444507553914e-10
9829,7.346497828112635e-09
9830,2.300206578960224e-09
9831,-9.570969385368052e-09
9832,4.6351211616991855e-10
9833,2.332148908233827e-09
9834,-6.480596202367855e-09
9835,4.51306577625229e-09
9836,-1.6276944269801716e-10
9837,-1.069346714993193e-08
9838,2.3491611203486022e-08
9839,-6.528883456816173e-09
9840,-2.3223533054702496e-08
9841,6.154229496435865e-09
9842,-2.5455748050406635e-09
9843,2.395588756310115e-09
9844,-1.6904278409961412e-09
9845,-8.401851523122245e-10
9846,-5.347865209461869e-10
9847,-9.695391941100855e-09
9848,-5.7530510829717425e-11
9849,-5.340567529181488e-10
9850,1.167152982243825e-08
9851,9.208956342499353e-09
9852,5.815212579846563e-09
9853,-7.219065534640684e-10
9854,2.041814056740976e-09
9855,-5.308325631837674e-09
9856,2.0153419204463637e-09
9857,3.852270695241109e-11
9858,-3.475057428322751e-09
9859,-1.7640628947796522e-08
9860,6.7992522476360174e-09
9861,2.117420361656559e-09
9862,-6.116964265791103e-09
9863,-2.77862216532842e-09
9864,-3.7543274800418485e-09
9865,-1.867165360674395e-09
9866,4.901826506778091e-09
9867,2.9399591261672995e-09
9868,-1.0864659037830164e-08
9869,-1.1173802684451688e-09
9870,5.529229404625354e-09
9871,-3.3754165516377825e-09
9872,1.0305841190533291e-09
9873,1.0861307647180704e-08
9874,1.498119390870689e-08
9875,1.0302880839225253e-08
9876,-6.492811496186582e-09
9877,9.59423774017669e-09
9878,-5.193474040524451e-09
9879,-1.464547851544161e-09
9880,-3.4616234344986466e-09
9881,3.4560870948937067e-09
9882,1.3531480647068056e-08
9883,-2.959497047433054e-10
9884,-3.052211774624619e-09
9885,-2.199746775578998e-09
9886,-3.3073059703839366e-09
9887,7.153796869848775e-09
9888,-8.35270557568487e-10
9889,-2.0857229408068654e-08
9890,-3.486296122376323e-09
9891,-3.1530537378892718e-09
9892,-5.3288362851939865e-09
9893,3.31827270782563e-09
9894,1.0281762318874779e-08
9895,1.5202249643022745e-08
9896,1.2541396838913132e-08
9897,-6.240822899046831e-09
9898,1.0585791455372474e-08
9899,5.167133669002674e-09
9900,4.873260905316866e-09
9901,1.2328596302814207e-08
9902,1.6380541611397132e-08
9903,-1.3257483742806112e-09
9904,4.116950352734897e-09
9905,-4.295526371357223e-10
9906,1.450074403678272e-09
9907,-1.6522101769427398e-08
9908,-8.828150525405262e-09
9909,6.257966120539168e-09
9910,-8.522617845339465e-09
9911,-9.578338416415902e-09
9912,-1.2108341029803908e-08
9913,-1.1939681658427427e-08
9914,-6.951785546372942e-09
9915,-3.6019357391026663e-09
9916,9.099938657874419e-09
9917,-1.4167663044947549e-08
9918,-1.3814523596990907e-08
9919,1.6542832289581947e-08
9920,-6.1901014770697085e-09
9921,1.6966899775067877e-10
9922,-1.7213433335484365e-08
9923,2.474954921173098e-09
9924,8.550156826295141e-10
9925,1.7034114692519787e-09
9926,2.884531296770329e-09
9927,-5.144643734182872e-10
9928,-4.725502509652368e-09
9929,6.08172540730164e-10
9930,-2.886712400490283e-09
9931,-4.673650793465828e-09
9932,-7.1429038442223e-09
9933,1.2677728729710899e-08
9934,1.0254796567413601e-08
9935,3.16130296172779e-09
9936,3.927186486592502e-09
9937,-1.114114434976607e-08
9938,-8.69832104579703e-09
9939,1.0889718464244638e-09
9940,1.0047323134617839e-08
9941,-7.663226774581392e-09
9942,-2.335105067608366e-09
9943,4.0227200320608745e-09
9944,-6.677840843617898e-09
9945,-5.448415536526418e-10
9946,-4.682163111218205e-09
9947,-6.467678004584378e-10
9948,-9.506707753723295e-10
9949,1.5475915613966738e-08
9950,-5.494948930317851e-09
9951,1.4896690063139223e-09
9952,1.2763181133529564e-10
9953,1.639849568389136e-08
9954,-4.363154619724141e-09
9955,-5.827187225982673e-09
9956,-5.772848498553296e-09
9957,5.805009064418533e-09
9958,4.28415832075595e-10
9959,-1.7644374503148776e-09
9960,-9.846381744673813e-09
9961,9.744539911774305e-09
9962,-7.677260133917971e-10
9963,2.7628478329753028e-09
9964,2.2979645679795486e-09
9965,-2.9587664705533916e-10
9966,-7.3447018965205655e-09
9967,1.4762820395545232e-08
9968,-1.0884626357460863e-09
9969,-5.7100949909541696e-09
9970,-1.01777018393482e-08
9971,-4.695647463113587e-09
9972,1.0934539418247807e-10
9973,1.698808487516119e-09
9974,1.9072694422730875e-09
9975,4.1455663277142516e-10
9976,-1.7336765641842503e-09
9977,-3.859974428267202e-09
9978,-2.6523040283004635e-09
9979,-1.4070405653372615e-09
9980,2.0854424431807853e-08
9981,-8.279223993405807e-10
9982,4.3936960509979605e-09
9983,1.6089068829575946e-09
9984,-2.5693655380328274e-09
9985,1.6528436818271097e-11
9986,4.5468510292606226e-08
9987,-6.361910486626466e-09
9988,5.228386920724737e-09
9989,-3.3407982444748737e-09
9990,1.4260428958355611e-11
9991,-1.6227628762629613e-08
9992,5.839889984787604e-09
9993,3.025234157812589e-08
9994,1.5132002844094698e-09
9995,-2.6263066873668947e-08
9996,-1.2684455536317472e-09
9997,-3.3163375337937027e-09
9998,-8.005186780758778e-10
9999,2.3151620740718396e-09
10000,8.493129192664041e-09
10001,1.1337276246722636e-09
10002,-5.948637985811255e-10
10003,-9.33978038575929e-09
10004,2.4718258556173977e-09
10005,-4.3063215801387265e-12
10006,-3.01910918013011e-08
10007,1.0040096837195991e-09
10008,-1.2800999712824888e-08
10009,-1.4387549100940092e-08
10010,2.1561845802765976e-09
10011,-9.062548514084985e-09
10012,1.2885557283158242e-08
10013,-4.813932206786812e-09
10014,1.7580971002763155e-08
10015,-6.594429692736837e-09
10016,-1.6995497428183358e-08
10017,2.4822602193600705e-08
10018,-2.413497411445485e-09
10019,-6.206804679417132e-09
10020,2.4748101922498183e-08
10021,-6.371066689856047e-09
10022,2.332396252788889e-08
10023,-5.211178526560557e-10
10024,8.746125423114366e-09
10025,-1.0380110471216953e-09
10026,6.7343680517733445e-09
10027,6.319251166110519e-09
10028,-6.084180339679676e-09
10029,1.682632566499029e-08
10030,8.2611843566428e-10
10031,-1.3434266146577694e-09
10032,-1.5226202082377709e-09
10033,-1.41570836715755e-09
10034,2.4155790360470605e-09
10035,-1.60601544151738e-09
10036,2.925147938701298e-09
10037,3.2611489697392706e-08
10038,-4.827859092890121e-10
10039,1.6020330912023585e-09
10040,2.9028969331863425e-09
10041,-1.2607868722536912e-08
10042,-4.297314671486459e-09
10043,5.734272934027356e-09
10044,2.6325412117894947e-09
10045,-1.763132283462343e-08
10046,4.341969235874324e-09
10047,1.381599033701473e-09
10048,-2.878040379530576e-11
10049,-6.052369392474038e-09
10050,-4.5008852857122867e-10
10051,1.3519043898809995e-09
10052,-1.2038005662542168e-08
10053,1.0283578091693794e-08
10054,5.517444673730377e-09
10055,-3.498152991707268e-09
10056,-6.263813027690779e-09
10057,1.0407715588174642e-08
10058,-7.791832992998142e-09
10059,3.483508939788877e-09
10060,1.119133049370132e-08
10061,-7.807005342504206e-09
10062,1.499032645736e-10
10063,-1.1640343680002405e-08
10064,-7.022244447877942e-10
10065,-9.69681606293946e-09
10066,9.460803713402339e-09
10067,3.208977745233713e-09
10068,-6.026695598591999e-10
10069,-8.589856577248702e-10
10070,-8.904583572706796e-09
10071,-3.427166550866029e-09
10072,4.610886521332175e-09
10073,-1.3311434950291984e-09
10074,2.9813414897579365e-09
10075,-5.908329310872343e-09
10076,6.667205447290311e-09
10077,-7.370951152454252e-09
10078,-3.134090974239205e-09
10079,-2.288645986007098e-09
10080,-6.674434083938428e-09
10081,7.815652932187211e-09
10082,-4.787548432827756e-09
10083,2.6585670771802783e-09
10084,3.289496219743951e-10
10085,-3.75907740978879e-12
10086,1.228766513997412e-08
10087,2.362035519259534e-08
10088,-4.564758854284726e-09
10089,4.531854229237013e-09
10090,-2.366721677128697e-09
10091,5.559531121712941e-09
10092,-7.42852810084776e-09
10093,1.0749243718551261e-08
10094,-2.700470586223218e-09
10095,1.0096077122439629e-09
10096,6.373667875739444e-10
10097,2.8480471660980392e-09
10098,-7.008086087719767e-09
10099,-1.2508941380727033e-09
10100,5.492303755285958e-09
10101,1.8002351212629619e-09
10102,-1.3070416343074178e-09
10103,-2.5357788152777845e-09
10104,1.0395771149431646e-08
10105,1.3486737020856379e-09
10106,-1.2200972836610623e-09
10107,-3.5848039941031493e-09
10108,-5.252887903490239e-09
10109,1.7750983519499977e-09
10110,-2.2654734436332619e-10
10111,8.05716725499029e-09
10112,5.676825458686276e-10
10113,-2.7123364752888547e-09
10114,-1.3106010255866412e-09
10115,7.944267484076984e-09
10116,3.468595251805413e-10
10117,-4.6245130302732275e-09
10118,7.625161477359665e-09
10119,-1.0700173833225095e-08
10120,-2.089495574289112e-09
10121,1.1325491048149136e-08
10122,-3.711385687345258e-09
10123,-5.791070016709096e-09
10124,6.20359292531182e-10
10125,8.514208993899424e-10
10126,-1.2671710869368014e-08
10127,3.9481256164044295e-09
10128,1.7306709855754423e-08
10129,-1.894430711295068e-09
10130,-1.835516473636348e-09
10131,-6.685499267080069e-09
10132,7.500094884602228e-09
10133,6.988011096246084e-09
10134,5.728257881654072e-09
10135,-4.8335166826159626e-09
10136,-5.256674345721662e-09
10137,7.917662428559817e-09
10138,4.088565083160559e-09
10139,2.4164023700737246e-10
10140,1.117963458913615e-08
10141,1.8906024672234414e-09
10142,-3.5480646443113756e-10
10143,-2.3836635574007422e-09
10144,-2.0552836438009868e-09
10145,1.301653437887624e-08
10146,-1.2254730167913167e-08
10147,-1.6183448645468122e-09
10148,2.0328015752109475e-08
10149,-7.110519415708356e-09
10150,4.807027309766256e-10
10151,-3.1593858305726956e-09
10152,-3.829208069751364e-08
10153,-3.4525950368575074e-09
10154,4.386456942434787e-09
10155,-1.2710503005407676e-09
10156,-1.2805730622324883e-09
10157,-4.8352990693908855e-09
10158,8.381720651794136e-09
10159,-1.3176234263327897e-09
10160,7.722003823971273e-09
10161,-5.242741325056805e-10
10162,-1.343154329390817e-09
10163,-1.5159548670592334e-10
10164,5.6104066444983324e-09
10165,2.9909616647346554e-09
10166,-1.1052740321973502e-08
10167,-9.602857344680258e-10
10168,-5.869034132286084e-09
10169,3.484936570623781e-09
10170,1.4656160847497916e-08
10171,-8.63617791073975e-09
10172,4.268613793587816e-09
10173,-3.0230547648484645e-09
10174,1.5408555396553168e-08
10175,1.157841733922363e-09
10176,3.8016815361548644e-09
10177,1.0650688349014884e-09
10178,-1.0345349318044275e-09
10179,1.5408235374715114e-08
10180,3.424694275667102e-09
10181,7.501713929908993e-09
10182,7.915502312399601e-09
10183,-3.7013387259819076e-10
10184,4.2592151358358425e-09
10185,-1.651505727337267e-08
10186,-8.500138006299881e-09
10187,7.721945704735674e-10
10188,8.831947830015565e-11
10189,1.5273306683609576e-10
10190,-1.5231332211270448e-08
10191,-4.26286025258083e-10
10192,-4.655764007933706e-09
10193,8.858297088762526e-09
10194,5.368813108988488e-10
10195,-8.91359979863367e-09
10196,2.0661124088885416e-09
10197,5.982520477677339e-09
10198,-8.149071703777261e-09
10199,-1.3950881230256392e-09
10200,1.0718816551422578e-09
10201,-1.5223332537839142e-09
10202,-3.4832831320171295e-08
10203,-2.1834733534856563e-09
10204,-1.1865683440318426e-08
10205,3.138027150352222e-09
10206,-2.8445151197555505e-09
10207,4.144730726759262e-09
10208,-6.629337358343503e-10
10209,9.877685769965792e-09
10210,1.308047608935535e-08
10211,-2.158303616833894e-10
10212,-6.547890256194642e-09
10213,2.779423544592656e-08
10214,-3.038263409776633e-09
10215,1.862720951602923e-08
10216,-1.7172973397400167e-09
10217,-7.6819612557357e-09
10218,1.1517876652012986e-09
10219,-4.590855800840375e-09
10220,1.3412562096294401e-08
10221,1.9383807689978485e-08
10222,-8.048002226362142e-10
10223,-2.8284297809637024e-10
10224,-1.748525217217171e-08
10225,6.885955094965396e-09
10226,-2.6754142103544536e-10
10227,-9.26442496682925e-09
10228,-1.046962391435468e-08
10229,3.343195796062809e-09
10230,-2.8407559988421825e-10
10231,-2.158017699515968e-09
10232,-3.5189789119826023e-09
10233,-3.5447087684512134e-09
10234,-8.131644561530904e-10
10235,1.3371153194143894e-08
10236,-4.933887813257188e-09
10237,3.074178756192213e-09
10238,1.0069440852912537e-09
10239,3.387879241839682e-09
10240,4.25209007242335e-09
10241,-1.9648503266332967e-09
10242,5.229933916706346e-09
10243,3.668440309276814e-09
10244,1.2016328067955247e-09
10245,-1.9132379351347265e-09
10246,-1.2884512407271986e-08
10247,-3.516758544506884e-08
10248,1.3887476497153157e-09
10249,2.355122844219421e-10
10250,-4.459196130700099e-11
10251,1.5464840923059387e-08
10252,-6.7654689077216585e-09
10253,1.3554528445138991e-09
10254,-2.0096813838545897e-09
10255,1.1325281572452789e-08
10256,1.7772785479363881e-09
10257,1.7771519846355395e-09
10258,-2.4401986211640135e-09
10259,-2.6087923780908497e-09
10260,-7.691224595304962e-09
10261,1.3793301247457347e-09
10262,-1.3256244667022891e-08
10263,6.360608354327354e-09
10264,1.647524304393908e-09
10265,1.1847370834035848e-08
10266,-2.0993711860468e-09
10267,2.884436213300555e-09
10268,-1.453025620274372e-09
10269,3.9459495682030746e-09
10270,-2.233983269813442e-08
10271,2.5290296443282355e-10
10272,-6.120331864688776e-09
10273,-7.690165543352109e-09
10274,1.4687482646989222e-08
10275,-3.5147767348665383e-09
10276,-1.337700835270448e-08
10277,-9.465209612047735e-09
10278,5.554762541750551e-09
10279,-1.6978179669681974e-09
10280,-1.0712210037099427e-08
10281,-3.572883286457193e-09
10282,-3.1272322687104806e-09
10283,9.778838224885035e-09
10284,1.2666339993840092e-08
10285,2.1008966834626564e-09
10286,-5.132681198789514e-09
10287,-3.3214172403904652e-09
10288,3.183943878836821e-09
10289,-2.2980314781029127e-09
10290,-1.767928229112616e-08
10291,-3.2094389334745006e-09
10292,5.934818583051453e-10
10293,1.7208797943556114e-08
10294,2.6992367410896705e-09
10295,2.0990630181207744e-08
10296,8.522156899961699e-09
10297,-6.849965826881864e-09
10298,-7.962874174713707e-09
10299,7.847958589810692e-10
10300,1.2776846691856399e-09
10301,1.612404896627074e-08
10302,-3.779930957021243e-09
10303,-4.462791164148878e-09
10304,-2.9374350827846466e-09
10305,2.1600170278322605e-08
10306,8.559521911649597e-09
10307,-1.0854691843369125e-09
10308,-2.33969293580572e-09
10309,7.210774009082681e-09
10310,1.799351591615438e-09
10311,-5.028342618370654e-09
10312,-9.072165893251128e-09
10313,1.8171534211376864e-09
10314,-2.0497545676978825e-09
10315,3.417218603773168e-09
10316,-6.69356105098498e-10
10317,-3.2691705059159746e-09
10318,1.1031134411208865e-09
10319,-2.369188756239562e-09
10320,-1.3745486023848425e-08
10321,-7.989000324337812e-09
10322,-9.349010488758724e-10
10323,-1.5836070702842148e-08
10324,-2.7834256116467626e-09
10325,-4.070740812427018e-09
10326,-7.065270064685796e-10
10327,1.6407454434484467e-08
10328,-6.559672830203524e-09
10329,4.13410556337887e-09
10330,-7.970650294640283e-10
10331,2.6009862721227827e-09
10332,-2.1777715174537495e-08
10333,-1.3708504655384842e-09
10334,-4.162849576116906e-09
10335,7.396828594232831e-09
10336,6.515473200597219e-09
10337,4.373091662765777e-09
10338,-1.1281064686498902e-09
10339,-2.2752549529453117e-09
10340,-7.365815082497043e-10
10341,-1.1564320554158358e-08
10342,7.3575603705568685e-09
10343,-3.203966488136021e-09
10344,3.4850811151847477e-09
10345,-6.0533525477447355e-09
10346,5.102741181264256e-09
10347,-2.9979807272996463e-09
10348,7.189476445578914e-10
10349,-7.063585222248807e-09
10350,-4.2546826595443377e-10
10351,4.588972017263274e-09
10352,1.3876048562977692e-08
10353,-1.1525965749633895e-09
10354,8.805200195483962e-09
10355,-6.6667648712575985e-09
10356,7.93402180201088e-10
10357,-2.2440170978228174e-09
10358,-1.1822185657538074e-08
10359,4.872543272990356e-09
10360,-7.21276326698053e-09
10361,-3.7431887470368835e-10
10362,-1.919689434205776e-09
10363,-1.9761473131621577e-08
10364,-1.3667308204191106e-08
10365,1.4187567850491742e-08
10366,-4.374089741950674e-09
10367,-1.7283984278723583e-09
10368,4.134073590131045e-09
10369,-7.104431937198093e-09
10370,-4.010752967630642e-10
10371,-3.1210270071262853e-09
10372,-3.811394694186265e-09
10373,7.704045100938937e-10
10374,-2.4232133108536674e-09
10375,4.0244351086576504e-08
10376,8.586629789499378e-10
10377,4.749825635968685e-09
10378,1.4871930052949462e-08
10379,-1.831431715365527e-09
10380,-2.409407477968066e-09
10381,-1.0277243422653443e-09
10382,-6.628458559952145e-09
10383,2.704513698962076e-10
10384,-2.5551660555774415e-08
10385,1.195942275783923e-08
10386,-4.919761360813387e-09
10387,-2.4149494079220873e-08
10388,1.6697639451806003e-08
10389,-7.408098284800854e-09
10390,-4.639490371005465e-09
10391,-1.2107022185623794e-08
10392,-2.3793842641488584e-09
10393,-1.2744671915247612e-09
10394,-2.1766701295636114e-10
10395,-8.879579705929595e-09
10396,1.5286889027726996e-09
10397,-2.873711009126618e-09
10398,7.948719552089041e-09
10399,4.553169268630108e-10
10400,-2.6706783334505475e-09
10401,-3.458619505187885e-09
10402,-1.5046115589015814e-09
10403,-3.190722086192106e-09
10404,3.746203078406069e-09
10405,-1.0913566214461607e-08
10406,-7.628939064628288e-10
10407,-1.3008370599667783e-09
10408,-1.4590234791728928e-09
10409,-1.3976371210563625e-09
10410,-1.509270195438039e-09
10411,-2.5319625607267136e-09
10412,-2.509870702847912e-09
10413,2.578307149358205e-09
10414,2.8697585763354668e-08
10415,6.512172100920976e-09
10416,7.506766693975391e-10
10417,-2.7598266134457333e-09
10418,2.1784482518628566e-09
10419,-1.0271128554511686e-08
10420,-9.469022874977964e-09
10421,-1.6381549936401955e-09
10422,-4.733139313167655e-09
10423,-1.545815030033635e-09
10424,5.2884317089933535e-09
10425,-1.0654833912418719e-08
10426,-2.0594549708560467e-09
10427,1.648306709640665e-09
10428,5.571713776997402e-10
10429,-7.18765222539125e-10
10430,8.099773614730103e-09
10431,6.530107542924871e-09
10432,2.9106089413469486e-09
10433,1.1623882772170519e-08
10434,2.2631411428565647e-09
10435,-4.329491226022389e-09
10436,6.333389397958284e-09
10437,4.309781971763886e-09
10438,6.888789294966727e-09
10439,4.778150220517426e-09
10440,-2.7177580305312295e-09
10441,-8.444373334764359e-10
10442,-3.6601729579096134e-09
10443,-6.4234584962610704e-09
10444,6.545107615833225e-10
10445,-2.0553568789774476e-09
10446,-1.055737881454404e-09
10447,-2.2476306360752356e-09
10448,-4.9722752835992715e-09
10449,5.594531716481141e-09
10450,7.777172238899455e-09
10451,-4.665592881006791e-09
10452,1.3100139913835947e-08
10453,-1.409678326382697e-08
10454,5.892015006241586e-09
10455,-9.494574110113044e-10
10456,-1.89367530519225e-09
10457,-7.031422080611352e-10
10458,-4.9366332195210525e-09
10459,-3.256550430886851e-09
10460,-5.174075735214845e-09
10461,2.1724521904377194e-08
10462,1.8775956957361455e-08
10463,-9.285538868324753e-10
10464,3.2623414084528004e-09
10465,-5.486204789239764e-09
10466,-5.179966966117638e-09
10467,1.3233422265381332e-09
10468,-1.1343785124781464e-09
10469,-2.885395102431023e-09
10470,-3.638712421545702e-10
10471,4.959371322602827e-10
10472,1.287697736463637e-09
10473,-2.1925265088867014e-09
10474,-2.7391689748636036e-08
10475,6.5852568632139645e-09
10476,1.9804154394714978e-09
10477,2.8542277756366777e-09
10478,1.080493947611235e-09
10479,-1.7004862093062542e-08
10480,6.872505330621741e-09
10481,-2.3177340829386828e-09
10482,-1.915933155870201e-08
10483,6.715477266810358e-09
10484,8.677189634523923e-09
10485,6.728148693054277e-09
10486,9.068915688591698e-09
10487,-6.353224817448696e-09
10488,-1.8510332706630794e-09
10489,2.7867905419101697e-09
10490,5.874304645139697e-09
10491,2.641231594096438e-09
10492,-7.501617184476591e-11
10493,-4.1568691025315235e-09
10494,-1.229152228407836e-08
10495,-1.4172058912545805e-08
10496,-2.4888323220900447e-09
10497,-2.2123907192906516e-12
10498,-2.0710520765205234e-09
10499,-1.1352490651288049e-08
10500,4.264763101867187e-10
10501,6.362078394386392e-09
10502,-8.497314014917176e-09
10503,-1.1295255117400422e-09
10504,3.361490714168298e-08
10505,2.4504248333524325e-10
10506,-2.4151276816426356e-09
10507,-8.998073055824342e-10
10508,-2.8418621253038576e-09
10509,5.739105664104123e-09
10510,1.3682172045959892e-08
10511,7.866156425477738e-09
10512,-3.5084561608906377e-09
10513,-9.012215127454848e-09
10514,-4.96060915769577e-09
10515,1.5084396833043455e-10
10516,5.347355626149023e-09
10517,-2.0891228353528598e-09
10518,2.0528418733166025e-08
10519,5.719388175381326e-09
10520,-2.8544793340992114e-09
10521,-1.5135607575151353e-09
10522,-6.44787176301856e-09
10523,7.166258858675529e-09
10524,-8.990091265399529e-09
10525,5.8973913879337796e-09
10526,-2.686889130003077e-09
10527,7.848257799683113e-09
10528,-1.1100792801120535e-08
10529,-1.9212098566183095e-09
10530,-4.719802202984784e-09
10531,2.26600644245013e-08
10532,6.906659635656629e-09
10533,-3.1681577132942826e-11
10534,1.172196829083902e-09
10535,2.2825056231787713e-09
10536,-2.4919256289415983e-09
10537,-1.961310329750697e-12
10538,-5.838186111655399e-09
10539,2.4425735763102335e-09
10540,-5.483809451698567e-10
10541,-3.653606661077865e-09
10542,-6.6258171826394415e-09
10543,4.0285512282030275e-09
10544,1.0426999444716398e-09
10545,2.4368409438431915e-08
10546,4.308139758784506e-09
10547,1.440693110226724e-08
10548,1.1578439362047743e-08
10549,-1.314819301751212e-09
10550,1.3266945657058684e-09
10551,7.125960584365311e-10
10552,-3.5795494319823146e-09
10553,1.3250077937381264e-09
10554,4.372981583028371e-09
10555,-8.720054692631335e-09
10556,-5.716043528804468e-09
10557,1.8858929783395757e-08
10558,-8.709093704064538e-09
10559,-2.8780424778426542e-09
10560,-1.2961364406545839e-09
10561,-2.5074532781480053e-09
10562,-1.7027652739702964e-08
10563,-3.5285595074139006e-09
10564,1.588261670499264e-08
10565,-2.4820545639721314e-09
10566,-2.9311541924985127e-09
10567,1.3357175343068047e-08
10568,-2.226559149387696e-09
10569,1.1972432416452388e-08
10570,-1.8781615602937496e-09
10571,8.66608690325827e-09
10572,-4.84284008942159e-10
10573,1.1381687028896756e-08
10574,-4.206993988837056e-09
10575,-6.333685435346056e-10
10576,-2.683149799371101e-09
10577,-3.9462061001136e-09
10578,-2.138091831899796e-09
10579,-1.3859629182729138e-08
10580,-9.020409139421767e-09
10581,-4.212031566951137e-09
10582,-1.9223255404413934e-09
10583,-1.9048341298115723e-09
10584,4.846895886927666e-09
10585,6.21948871995827e-09
10586,4.37303611629173e-09
10587,-3.1248666675566586e-09
10588,-1.7808132508410204e-08
10589,-1.412712681496273e-11
10590,1.2134183832751473e-09
10591,-6.3176245461185015e-09
10592,-1.3132909319967494e-09
10593,-4.8059587229156776e-09
10594,1.935616049321295e-09
10595,-2.0885943230701933e-09
10596,1.5068805152085595e-09
10597,6.191180224258264e-10
10598,3.168822369701186e-08
10599,-3.6712099957223893e-10
10600,2.4673737387727577e-09
10601,4.0206933285091586e-09
10602,-8.679564462773879e-09
10603,-7.350665025242485e-09
10604,2.9124348466335366e-09
10605,-6.579357466766628e-09
10606,8.518828329403505e-10
10607,1.470664040652443e-08
10608,1.0546924531212045e-09
10609,6.115122269226221e-09
10610,-1.276784039787478e-08
10611,-1.1526482457733602e-08
10612,1.360916953640001e-09
10613,1.7650778299720962e-10
10614,-1.1202633905304e-09
10615,1.2763358120256957e-08
10616,-1.2130099266437483e-08
10617,-5.318378195418502e-10
10618,-2.8079016709745825e-09
10619,8.800284113092627e-09
10620,1.844011343136364e-09
10621,-7.091313325703498e-09
10622,-1.2805891258451915e-08
10623,1.0528498154822643e-09
10624,1.0699972152203563e-09
10625,2.201596748490815e-09
10626,-3.784602896996919e-09
10627,5.907626465617361e-09
10628,-3.858598385500838e-09
10629,-3.4396980654500334e-09
10630,-7.228295363477673e-10
10631,5.25934474365094e-10
10632,-2.0040337631549222e-09
10633,-1.3563040876877003e-09
10634,-4.001584714301078e-09
10635,-1.0533375986229871e-10
10636,1.385615791812459e-08
10637,-9.907587184663377e-09
10638,1.74445713036605e-08
10639,-5.058617831699569e-10
10640,1.0251600582684238e-08
10641,6.663293307310267e-09
10642,8.977042382991782e-09
10643,-1.7943129437094435e-09
10644,1.1934794793356626e-08
10645,-9.5887726073981e-10
10646,1.4199743387726796e-08
10647,1.2697624076019691e-08
10648,-2.9844966472777025e-11
10649,-3.1544460787867377e-09
10650,6.0335445454847776e-09
10651,-4.135283968256537e-09
10652,-1.0462102891751715e-08
10653,1.5985151263688616e-09
10654,-1.4162345933914085e-08
10655,-7.733394329300126e-10
10656,-1.1833511615206242e-09
10657,7.416342030351157e-09
10658,-8.336125060596439e-09
10659,5.999962851259877e-09
10660,-3.6783438401842674e-09
10661,-4.925197222211829e-09
10662,-2.5209923388537246e-09
10663,5.668512802019999e-09
10664,3.774759463455801e-09
10665,1.155178968045134e-08
10666,2.6295155516246924e-09
10667,-1.8721329386797276e-08
10668,-2.702532766140587e-09
10669,-9.55162994727619e-09
10670,-8.646998905669748e-09
10671,-1.299669628734625e-08
10672,1.1843541931067702e-09
10673,-3.6850428443884837e-09
10674,-2.156684688240052e-09
10675,-6.331688241549976e-09
10676,-6.6369871990145245e-09
10677,-4.568738691023532e-09
10678,-4.681316436597742e-10
10679,4.886591254989781e-09
10680,2.3125481674474133e-08
10681,-3.543293046148943e-09
10682,2.658276801947367e-09
10683,5.6507795460632536e-09
10684,3.4298958804391e-09
10685,-6.754022151062955e-09
10686,2.562384076137863e-08
10687,3.26564135770593e-09
10688,4.1617935107144054e-10
10689,2.0457900848663707e-09
10690,-3.4346495028763615e-09
10691,-7.435731841819957e-10
10692,-2.997497042445797e-09
10693,-4.218377474162914e-09
10694,6.619324269098922e-10
10695,-8.760443401629029e-09
10696,1.881178272026049e-09
10697,-3.4270613558085685e-08
10698,1.7340033851816585e-09
10699,-4.4400383756502225e-09
10700,-2.8365135398571637e-08
10701,-8.984001228962998e-09
10702,-1.0265862845158511e-08
10703,-2.100119639723791e-09
10704,-1.085029864181806e-09
10705,-7.21476931736567e-09
10706,2.5728486636979933e-09
10707,1.307411439026595e-08
10708,6.059896247181884e-11
10709,1.2135704152027468e-09
10710,-4.7354546413433035e-09
10711,9.383923671209074e-10
10712,1.0431008864488686e-09
10713,5.563073170240128e-10
10714,7.488665994211964e-11
10715,3.3460313632337416e-09
10716,9.606584399095181e-09
10717,3.5857116475911836e-09
10718,-1.6531805685538803e-08
10719,-5.619662409057245e-09
10720,-5.682504418736537e-09
10721,-4.173354473222973e-09
10722,-1.861406173994444e-09
10723,-2.8560996870761586e-09
10724,1.015730006305471e-08
10725,-1.1449785934663215e-09
10726,3.307845039200161e-09
10727,-9.372908184522453e-09
10728,2.1920877567799294e-09
10729,-1.9035801337233703e-08
10730,-6.139007203794391e-09
10731,1.7379558425476027e-09
10732,-2.5716187669458485e-09
10733,-2.938060951793243e-09
10734,-2.8371399878674963e-09
10735,1.7527467065824335e-08
10736,3.6815158566054457e-09
10737,1.58036593075494e-08
10738,-2.547612926438946e-09
10739,-8.589389239907724e-09
10740,-7.29489836429351e-10
10741,-6.584019552806639e-09
10742,1.7331898828861438e-09
10743,-6.386592172385735e-10
10744,-5.154168893608407e-09
10745,1.6744103821434845e-09
10746,-2.6608658795893267e-09
10747,3.829343893884008e-13
10748,8.960802886458933e-09
10749,5.477819614172967e-09
10750,5.93086865484687e-10
10751,-1.4906614935448706e-08
10752,-1.8790115513503585e-09
10753,1.0847992265433209e-08
10754,-7.876211627262187e-09
10755,1.011144539999597e-09
10756,-1.269882589052826e-10
10757,1.914938703385371e-10
10758,5.339362021111421e-09
10759,1.6139808827824433e-09
10760,6.395036475436536e-09
10761,-2.9591052908305886e-10
10762,2.1886147669629976e-10
10763,-1.1610799492090642e-10
10764,-6.805538920912464e-10
10765,2.25109077036345e-09
10766,1.3275826340238263e-09
10767,5.684999888927307e-10
10768,-8.94369239709805e-09
10769,-2.7593939435633354e-09
10770,1.09023909792122e-08
10771,1.433551010861461e-08
10772,-4.943714449593419e-09
10773,-2.0311959720170764e-10
10774,-7.553216767296999e-09
10775,1.8250569619522525e-09
10776,3.576387518884154e-09
10777,-8.25912589796452e-09
10778,5.52673267391546e-09
10779,-1.6526448698187777e-08
10780,1.2799451238546344e-09
10781,-1.8234443547533444e-09
10782,-9.33070018434096e-09
10783,-7.746097219586694e-09
10784,-2.995051759260855e-09
10785,-1.1490832529543518e-08
10786,-1.6417254638591213e-09
10787,3.90182103944007e-10
10788,4.757712897772677e-09
10789,-2.622074482093885e-09
10790,-8.238075422011986e-09
10791,5.2610127838317e-10
10792,1.0476729202304295e-08
10793,-4.329899812636391e-09
10794,-3.429588698936574e-10
10795,5.4965292128502765e-09
10796,-1.1087877450695527e-09
10797,-1.4612355365010715e-08
10798,4.685904848246118e-09
10799,9.254313747686275e-10
10800,-6.718493869543792e-09
10801,2.8601687220507265e-09
10802,8.612779285228145e-10
10803,-5.897785517013218e-09
10804,1.0315440629547924e-09
10805,-1.3626221960574005e-08
10806,-1.875932469736012e-09
10807,-5.357576078182197e-09
10808,-6.822666575850333e-09
10809,-6.818625378653532e-10
10810,7.182693615847256e-09
10811,3.512982323154786e-09
10812,8.52837025672406e-10
10813,-2.800863951458907e-09
10814,5.214217003758218e-09
10815,-1.090889680360306e-09
10816,2.8808019533714104e-09
10817,1.4885807055452515e-08
10818,1.4112298559408686e-08
10819,7.486211249237806e-09
10820,1.3815133903867809e-09
10821,-2.485774607488791e-09
10822,-7.1907035709754875e-09
10823,2.5863021205381066e-08
10824,-9.645680097386572e-09
10825,-3.599704327466983e-09
10826,-1.0709895824332376e-08
10827,-5.974017159614086e-09
10828,2.548928024532416e-08
10829,1.5455962590417644e-09
10830,1.9785121442340353e-09
10831,-3.7848342994145715e-08
10832,2.4514878714336586e-08
10833,-2.890465433603977e-09
10834,-6.136420882003547e-09
10835,1.1912532911772541e-08
10836,-1.723503895589919e-09
10837,-1.7633443832532596e-08
10838,-5.519543305323224e-09
10839,-1.0251549797820963e-08
10840,4.493135046301591e-09
10841,1.0293122412545604e-08
10842,-9.496081373977948e-10
10843,2.6339321785377593e-08
10844,7.98870403664379e-09
10845,3.1320684532034875e-10
10846,4.4954799432724307e-10
10847,-3.2521973492436235e-09
10848,7.411548805318923e-10
10849,2.642201707690643e-08
10850,4.57607833290111e-09
10851,3.540333359371048e-08
10852,-1.2657593847740265e-09
10853,3.8298232517230145e-08
10854,-1.3249820668744501e-09
10855,6.597080679460085e-09
10856,-9.546018585078842e-09
10857,4.739407061058298e-09
10858,-9.314394830368695e-10
10859,-4.935897002612292e-09
10860,6.979058604317907e-09
10861,-1.2635525920221124e-08
10862,1.2340413212990657e-08
10863,-8.436132625765681e-10
10864,2.703411374324489e-09
10865,-1.0998136108359296e-09
10866,-3.048883222370312e-09
10867,1.2238313438765671e-09
10868,-2.905239891014383e-09
10869,-2.9943038738087283e-09
10870,-3.6408884081263085e-10
10871,1.0934217243163777e-09
10872,-1.8895337535586767e-09
10873,-9.145626714953923e-09
10874,-8.341536577601018e-09
10875,-1.9247741506299467e-09
10876,-9.339705516097795e-09
10877,2.905359561709796e-09
10878,1.1581451980997032e-08
10879,-1.8511455026868997e-09
10880,-2.486042315438595e-09
10881,-2.858464015792283e-09
10882,-2.1736342551260633e-09
10883,1.6229360173862163e-08
10884,-5.06378934682284e-10
10885,-1.583015643302121e-08
10886,3.400682213676237e-08
10887,-4.482728239031074e-09
10888,-5.100252422600038e-09
10889,-1.244979511483949e-08
10890,-8.699562494428685e-09
10891,-9.204936021461522e-09
10892,3.611801397104453e-09
10893,-3.2125419558817194e-09
10894,1.9534960775969037e-11
10895,2.236009824623448e-08
10896,8.990146799563285e-09
10897,1.509528751248786e-08
10898,-8.19969238807358e-10
10899,1.1364154793159403e-08
10900,4.158422858941917e-09
10901,-1.2334666991251242e-09
10902,1.4750868675907862e-08
10903,-8.74432535688422e-10
10904,-1.1246500021226421e-08
10905,2.159971966560182e-09
10906,-2.8556302195546213e-09
10907,4.49026918522369e-10
10908,1.1221197207916757e-08
10909,-1.0652088274743465e-11
10910,3.831774221686219e-10
10911,5.1210731341147765e-09
10912,-2.7327910362925063e-09
10913,2.7211739249149353e-08
10914,-6.439887081656743e-10
10915,-5.501931466023157e-09
10916,1.9763890040956e-09
10917,1.4537319195187998e-08
10918,-2.9608087203645144e-09
10919,2.622614892439287e-09
10920,8.706850962415737e-10
10921,-1.857513449461429e-08
10922,1.382570280426456e-08
10923,-9.25123359964555e-09
10924,-1.4572522388263798e-09
10925,-1.8480150597794835e-09
10926,-9.220791034093407e-09
10927,-6.21903399775194e-09
10928,5.188978575795774e-09
10929,-2.1498901397575576e-09
10930,-1.4195758892601948e-09
10931,1.0324576869481062e-09
10932,-7.372984020536317e-09
10933,9.456675452541287e-10
10934,4.48618749863518e-09
10935,8.717274913159045e-09
10936,-4.816402229059031e-09
10937,-2.4122961922398742e-09
10938,-7.290580320524697e-10
10939,1.1677432505013535e-11
10940,2.8326645191867993e-08
10941,-2.105359131539572e-09
10942,-8.724097082272764e-09
10943,4.083819824911701e-09
10944,-1.0675471305316219e-09
10945,-4.642561703046332e-09
10946,-1.376514820243719e-09
10947,-6.2501758787898594e-09
10948,1.0297870566080763e-08
10949,-3.1625147287990585e-09
10950,-1.5116961368234408e-08
10951,1.7921028598715545e-09
10952,-3.986409552281625e-09
10953,2.1219754788128908e-08
10954,-8.623768853478852e-09
10955,-8.054714512744509e-09
10956,-5.155362465523294e-09
10957,-1.5712069459753682e-08
10958,-2.6537600264648117e-10
10959,4.450200104323366e-10
10960,3.8260999587240144e-09
10961,-4.374590679883017e-09
10962,-9.08386865769506e-09
10963,-3.214966681232508e-09
10964,-8.48050371641263e-09
10965,2.3952489374751497e-09
10966,-7.839428348278364e-09
10967,1.2174026617394631e-08
10968,-1.193736629147435e-09
10969,4.447730690306976e-09
10970,8.309687943377594e-10
10971,1.8008280939538847e-09
10972,-5.961694522783063e-09
10973,9.551407690436465e-09
10974,1.7309038784412937e-09
10975,-4.156113282157815e-09
10976,1.516131745189088e-08
10977,-8.863813253488791e-09
10978,7.40878323836084e-10
10979,2.1178601772864455e-11
10980,-6.721862588353819e-09
10981,-8.10147315450806e-09
10982,-1.123918901998204e-08
10983,1.2853285228131153e-09
10984,-2.0816611865089046e-09
10985,-1.2521001313625288e-10
10986,-1.433155518971152e-08
10987,-6.441320648982286e-09
10988,1.9731453239792795e-09
10989,-3.766047476677182e-09
10990,1.2159242490258275e-08
10991,-7.133658264604692e-10
10992,-7.143261594565619e-10
10993,4.057841562458976e-10
10994,1.4358119182708104e-08
10995,1.1900107251266884e-09
10996,-7.9866206886291e-09
10997,8.500067946692447e-09
10998,1.8878790131723607e-09
10999,1.7127808908467678e-09
11000,6.011412412930242e-09
11001,1.4484904846159047e-08
11002,-5.153207024230628e-09
11003,1.3033894857446754e-09
11004,1.4668920344024031e-09
11005,-1.2412798727133081e-08
11006,-4.154217780411649e-09
11007,9.520042708499116e-09
11008,-5.947457939411474e-09
11009,-1.0157334903905957e-08
11010,6.220165302337527e-09
11011,2.8124242631205788e-08
11012,-8.189040197410778e-09
11013,-6.925724369751626e-09
11014,-9.861392106195982e-09
11015,1.624079757316319e-08
11016,1.912230987072196e-08
11017,-6.211638954651977e-10
11018,-1.9681669397144428e-08
11019,5.490779732950515e-09
11020,-8.215040217519746e-10
11021,-1.167538433420382e-08
11022,3.482731680198499e-09
11023,5.402067611070704e-09
11024,1.798200222340885e-08
11025,8.49440683406506e-10
11026,-1.0958901800157561e-09
11027,-5.664140940672843e-09
11028,-3.36851108180146e-09
11029,9.253420701116287e-09
11030,3.5166280330451424e-10
11031,-7.952666022680916e-09
11032,-2.72886981909403e-09
11033,2.7645015662965735e-10
11034,1.7914604185477043e-11
11035,7.386308632144753e-09
11036,3.6138609517440554e-09
11037,-6.525656610353336e-10
11038,-3.6276359657922494e-09
11039,2.446707862088879e-08
11040,-3.0167998310885333e-10
11041,-4.430144846673491e-09
11042,-7.791802744902874e-09
11043,2.436775601826142e-11
11044,-8.712000970701985e-09
11045,-4.355207040234601e-09
11046,2.7968031337935808e-09
11047,1.917943443842233e-08
11048,-4.125447784170072e-10
11049,-1.2813663667509166e-08
11050,-1.207478256144496e-09
11051,-6.3202926888333284e-09
11052,1.544899002260322e-10
11053,1.7308841898038954e-08
11054,-1.6885330455035135e-09
11055,-1.313077375143033e-09
11056,-1.3207790770982983e-08
11057,-7.85486494744952e-09
11058,1.0985174074492446e-08
11059,7.545099261822027e-09
11060,-5.886555101123494e-09
11061,-9.031376267978739e-09
11062,2.1117555835676186e-08
11063,-1.3766041034681057e-09
11064,4.167238256047871e-08
11065,8.051875834595755e-11
11066,-4.535547986298266e-09
11067,8.261476749287023e-09
11068,2.6134961628965495e-09
11069,-1.1913234757764677e-09
11070,1.2676881203384448e-09
11071,5.124155783728659e-09
11072,-2.187681188260106e-09
11073,-4.460779468180106e-09
11074,-1.8109191868605254e-09
11075,3.80885841421751e-10
11076,6.6130599637390674e-09
11077,-4.923093204031552e-10
11078,-9.929460510372403e-09
11079,1.1745487965350197e-09
11080,8.347004983960829e-10
11081,-5.056947675111612e-09
11082,1.2430783742558581e-08
11083,1.109499803035352e-08
11084,7.117965007816738e-10
11085,-3.4153970372137303e-09
11086,-2.3261825904992226e-09
11087,-7.404325069179261e-09
11088,-1.4578237864180705e-09
11089,-2.0190978533152393e-09
11090,1.9910001483219318e-08
11091,1.740064229863863e-09
11092,-3.824066110751523e-09
11093,3.697566905274531e-10
11094,2.503234792270495e-08
11095,-2.4313142226453166e-08
11096,5.156297217860218e-09
11097,8.597015263086728e-11
11098,-1.5337578687885064e-09
11099,8.624832336307046e-09
11100,-4.086172861285012e-09
11101,-8.606857544007175e-09
11102,-5.225474062049569e-09
11103,-5.6968447582643985e-09
11104,-7.650466780011022e-09
11105,4.32910744422626e-09
11106,-4.189798686920378e-09
11107,-1.5640535080122146e-09
11108,-5.931523506149033e-09
11109,-3.3171420806423084e-09
11110,1.8061746724195365e-09
11111,1.4722560761588941e-09
11112,3.6297793588841196e-09
11113,-5.7530022765965485e-09
11114,-6.357898081812446e-09
11115,-6.279201995424518e-11
11116,-2.8845491794541927e-09
11117,-6.9602834590536e-09
11118,1.9701913903734036e-08
11119,-5.520506867694655e-10
11120,3.7446824685842026e-10
11121,-6.030591716522601e-09
11122,-2.368825240182795e-09
11123,6.438057468836332e-09
11124,-5.148103786796433e-09
11125,-1.5791151727071922e-09
11126,-1.6695415875071134e-09
11127,-2.678921741322754e-09
11128,-1.0419794084310796e-08
11129,1.4110275547596676e-08
11130,1.3459353671431998e-08
11131,-1.007022700473389e-08
11132,1.2120818527914037e-09
11133,1.296061954105126e-10
11134,1.3275612955827673e-09
11135,6.269642083560258e-09
11136,-7.848262058255268e-09
11137,2.648161501942881e-09
11138,-8.669886908468577e-10
11139,-1.8936124407945063e-09
11140,-2.712635813489685e-09
11141,-5.032969565025192e-09
11142,-9.147448045427287e-09
11143,7.4836534096593e-09
11144,-1.75842372346307e-11
11145,3.773435289110001e-09
11146,-4.098857303080366e-10
11147,7.723531987804544e-09
11148,-6.922340595283271e-09
11149,5.045807620414621e-10
11150,-7.015751951102475e-09
11151,2.3860837143051714e-09
11152,5.927024341474816e-10
11153,-4.8143587094069456e-09
11154,4.2875017777076265e-09
11155,-3.0448156588812042e-09
11156,-1.199643558861529e-08
11157,-1.3004997789126434e-08
11158,8.479254908826468e-09
11159,5.364843590636986e-09
11160,-1.1990498222774977e-08
11161,8.688403371364098e-09
11162,-1.5648530640626e-08
11163,4.653823142540552e-09
11164,-1.3684932727713876e-09
11165,-1.045692936060958e-08
11166,1.3542591339986518e-09
11167,2.0999349943691547e-09
11168,-7.878348194242189e-09
11169,1.669456344794393e-09
11170,8.50127767282165e-10
11171,-1.3149167407066263e-08
11172,1.621606876178199e-08
11173,1.7810143257633218e-09
11174,-1.370462522061955e-08
11175,9.034874589552202e-10
11176,1.115131435594264e-08
11177,1.255762242604634e-09
11178,8.784320582342778e-09
11179,-1.0261571183343713e-08
11180,-4.563846651573276e-09
11181,-1.2090394131572833e-09
11182,-1.6824971828502212e-09
11183,1.9122227369787533e-08
11184,-2.8767236496629465e-09
11185,-1.9226450914208494e-09
11186,4.546782581859798e-09
11187,-3.3182115324503342e-09
11188,1.3517110087238408e-08
11189,-9.644843549946291e-09
11190,-1.2562833539132053e-09
11191,1.027048105444167e-08
11192,-9.086580846793476e-09
11193,-4.2148723916759995e-09
11194,-1.6157633899190742e-09
11195,-9.353448576988704e-09
11196,9.743338549175613e-10
11197,5.398509220618434e-09
11198,-2.3357001523144176e-09
11199,-1.0554532021211347e-08
11200,-4.4135202259841877e-10
11201,-3.862812435346475e-09
11202,-4.883053330761383e-11
11203,-8.87418661689296e-09
11204,1.1256997891756989e-09
11205,4.563391095365373e-09
11206,2.0214369301613014e-08
11207,-4.697413546912065e-10
11208,-1.1017785986899374e-08
11209,1.3983423224827218e-08
11210,-4.0139324889277015e-09
11211,-5.4805193084326326e-09
11212,-4.1949552623450555e-09
11213,1.8765768365101e-09
11214,2.9301507633164e-09
11215,-2.011716217403736e-09
11216,-5.4652699238000216e-09
11217,-1.282458518964114e-10
11218,4.399562134149419e-09
11219,-5.818443035392551e-10
11220,-5.3746170156308016e-09
11221,-4.228820886676889e-09
11222,1.35871865615921e-08
11223,-1.6434980779495521e-09
11224,-2.836252113931396e-09
11225,-4.4233055849626e-09
11226,-7.70177719801904e-10
11227,8.951083672212871e-10
11228,-7.937005240824939e-09
11229,-2.1496511831189943e-09
11230,4.547533652872022e-10
11231,-4.704924053410288e-09
11232,4.273333038652838e-09
11233,-2.299644461834315e-09
11234,-1.3970118041872491e-09
11235,-1.2253693141140319e-09
11236,2.106899876797873e-10
11237,5.341287721718988e-10
11238,-1.79926768972598e-08
11239,-2.0714798292652554e-09
11240,2.0608831845267266e-09
11241,-2.1636743034504714e-09
11242,1.1888824195056648e-08
11243,-6.0432847503015864e-09
11244,1.2557611510329035e-09
11245,2.6826596621884193e-09
11246,-1.6592562782157355e-08
11247,1.8309402847363215e-11
11248,-3.005352568835409e-09
11249,-2.192300728846439e-09
11250,-2.4213545657462138e-09
11251,2.357520603649982e-09
11252,-5.166546586319147e-09
11253,1.4598218580635447e-08
11254,6.74960774236563e-09
11255,2.545450681896027e-09
11256,-1.8390635810053792e-09
11257,-5.663126663041418e-09
11258,5.592663293785437e-09
11259,1.0090371951095314e-09
11260,-4.467185744925133e-09
11261,5.972652440516399e-09
11262,-2.2550934635216e-09
11263,-5.810306318267522e-09
11264,6.434259480003972e-12
11265,8.496677339135785e-09
11266,-1.8877049218743185e-09
11267,-2.4044373970672444e-09
11268,1.0617514147069557e-08
11269,-1.383806186755905e-09
11270,3.4732605405219646e-09
11271,7.898793234357063e-11
11272,-5.339447636942664e-09
11273,-1.7440056908563107e-09
11274,2.2708980262318886e-08
11275,-1.141060470634292e-09
11276,1.2485285220088884e-09
11277,-1.1141155872543538e-08
11278,-6.609216792705651e-09
11279,-1.6360673910310234e-09
11280,-6.320169996610082e-09
11281,5.853538252767435e-09
11282,-5.811593099732051e-09
11283,8.519453945406436e-09
11284,1.33734515976435e-08
11285,-5.572080939510901e-09
11286,-2.647514335679747e-08
11287,-3.4096922240394137e-09
11288,7.2669580621106294e-09
11289,-1.3243319009672066e-08
11290,8.784482579799996e-09
11291,-4.357605576752821e-09
11292,-1.7221062873887176e-08
11293,1.4511485322370485e-09
11294,-2.6171306706301465e-09
11295,7.0128016772804515e-09
11296,1.3808071430422321e-09
11297,-1.8459952825037956e-08
11298,4.619989304332255e-09
11299,2.9650424832243544e-09
11300,5.071871669991392e-09
11301,6.868816912190423e-10
11302,7.767970110457491e-09
11303,-1.0477397543253732e-09
11304,2.0952309314022335e-08
11305,-3.373901732854698e-09
11306,1.7372689213104155e-08
11307,1.403956913320647e-09
11308,5.562433748723881e-09
11309,1.0447888936797873e-09
11310,1.6716581707201934e-09
11311,-3.0141959222727455e-09
11312,-9.933042623282376e-10
11313,2.0500914653292383e-08
11314,-2.2625065542549294e-09
11315,7.80763886705337e-09
11316,3.4323143595973683e-09
11317,3.3842749004662675e-11
11318,5.834043354268437e-09
11319,7.694393611844529e-09
11320,-3.161973018477512e-09
11321,-1.6839629591465384e-09
11322,5.882170091427157e-09
11323,1.3225725142688621e-08
11324,6.9995272577814e-09
11325,-5.172626444908411e-09
11326,-4.04294998697201e-09
11327,3.418522492267332e-09
11328,-4.849438026259864e-09
11329,-4.904441251370317e-09
11330,-1.2644195149255487e-09
11331,7.15801367534669e-10
11332,-5.511171262149494e-09
11333,-1.5594983650839265e-08
11334,-1.0038424360800033e-08
11335,4.1116485558468926e-09
11336,-8.946741183627112e-10
11337,4.1715929306105276e-10
11338,-9.858193681153575e-09
11339,-1.961344992190609e-09
11340,-4.983519223525781e-09
11341,1.5405659435097043e-09
11342,1.2675363069649294e-09
11343,-4.181240089960753e-09
11344,3.511637823842337e-09
11345,-7.3869303955387e-09
11346,-9.431278157262372e-09
11347,-9.10871576962659e-09
11348,-1.2262657708892953e-08
11349,6.5011697063403685e-09
11350,-4.320343410353335e-09
11351,-3.770140148878241e-09
11352,-3.2057502515309207e-09
11353,-4.790091467218858e-10
11354,3.054759318147563e-08
11355,1.0298090544487869e-08
11356,-1.2261001317903114e-09
11357,-2.4734205012197966e-09
11358,-7.4124750814933075e-09
11359,1.3614958477873357e-08
11360,-2.0625909975727252e-08
11361,2.0464579055845676e-08
11362,2.3476698767713915e-09
11363,3.67566002023715e-09
11364,-4.144593478631663e-09
11365,-7.7315816924613e-09
11366,5.387896216701036e-09
11367,1.1860905810964478e-08
11368,-5.8359995936913e-09
11369,-1.7605800442412615e-08
11370,2.4170775436679266e-08
11371,-8.045890157819941e-10
11372,-3.445032595675009e-09
11373,-2.540284655064192e-09
11374,-1.1066458078577789e-09
11375,-8.572989659420145e-10
11376,1.6448001346077396e-09
11377,-1.4410685987229069e-08
11378,1.835701604169974e-09
11379,-3.149885642084291e-09
11380,9.913835619532275e-09
11381,9.428286847017415e-09
11382,-8.51776679518543e-09
11383,-8.923617493065775e-10
11384,7.392980051765946e-11
11385,3.0509064773003015e-09
11386,1.5368934625905801e-09
11387,-1.54006088010834e-09
11388,1.3006908237975757e-08
11389,-1.3406534906829226e-08
11390,-1.4134576980913116e-09
11391,-2.880177083315919e-09
11392,2.5652990345441968e-09
11393,-1.3221559367384844e-09
11394,7.209460511509798e-09
11395,7.687331625731032e-09
11396,-8.392986273450733e-10
11397,2.1946714250951748e-08
11398,-6.671888020852634e-09
11399,2.608107795073528e-09
11400,-3.4978420680920325e-09
11401,2.2261552364871736e-09
11402,-1.1670184361395495e-08
11403,-1.2175658789328366e-08
11404,5.176116236105881e-09
11405,-5.477632173010255e-09
11406,-1.885610050793553e-09
11407,-1.7309676394962917e-08
11408,-5.231156567830061e-09
11409,2.424747633501188e-09
11410,3.97121382078108e-10
11411,-5.330018868868613e-09
11412,-8.239633419951087e-09
11413,-1.21877397681595e-08
11414,-1.837973130473654e-09
11415,1.55727741569757e-08
11416,1.1055675966951594e-08
11417,-4.80066523805727e-09
11418,-4.094642668563025e-09
11419,2.4266079762363806e-09
11420,-6.43707579082867e-09
11421,4.291139954504555e-09
11422,-6.241249708689844e-09
11423,1.1051189126358006e-08
11424,-1.264009841017149e-08
11425,3.1754989607510647e-09
11426,3.7980978433015486e-09
11427,-7.168851937346943e-10
11428,-6.727779927256361e-09
11429,1.121655592642567e-09
11430,3.36962633350333e-09
11431,-1.8914729921441024e-08
11432,-5.076907265032015e-10
11433,1.9029690724367333e-09
11434,-6.110593809481418e-09
11435,1.6078665512241106e-09
11436,4.2159001785758575e-09
11437,6.9885547393339544e-09
11438,1.0739010228382541e-09
11439,2.797295128429646e-08
11440,1.570537746533395e-09
11441,-6.541479461706704e-10
11442,8.064895785963777e-10
11443,6.993246790351065e-09
11444,1.5288192426738236e-08
11445,-1.0213955356791983e-09
11446,3.5118204400897366e-09
11447,-7.035338221378038e-09
11448,1.2179737949165301e-08
11449,1.4424605892274558e-08
11450,-9.179760018982068e-10
11451,-1.0217142901734944e-08
11452,-4.02462927521239e-09
11453,-3.936073426458294e-09
11454,-8.840041563356074e-09
11455,8.917533658552805e-09
11456,-2.0497636118650124e-08
11457,-6.0185003729546305e-09
11458,-7.954695572032414e-09
11459,-5.604786720481763e-10
11460,1.7736953890650482e-08
11461,-1.2699784062931661e-08
11462,-1.0800367473644994e-08
11463,-2.0013638639788185e-08
11464,4.098160504516607e-09
11465,3.433837296630583e-10
11466,-8.466590872752385e-10
11467,-5.42025434782865e-10
11468,9.776263357507405e-09
11469,2.649409560695079e-09
11470,-3.798555203337371e-09
11471,-8.192304614130178e-09
11472,9.249751293098235e-10
11473,4.341318400600272e-10
11474,1.3593484086374282e-08
11475,-9.117558810322773e-09
11476,-7.18872356673358e-09
11477,-1.3568705477786112e-08
11478,1.3720628491786546e-08
11479,6.342956308676446e-10
11480,-1.1912618207929479e-09
11481,-2.7069256617532846e-09
11482,-8.422447373590525e-09
11483,-3.134127812901208e-09
11484,-1.1023531135734587e-09
11485,-3.5559699134559927e-09
11486,-3.5511965269385028e-09
11487,-1.0318224272514377e-08
11488,6.6465478420011954e-09
11489,2.142715523234537e-08
11490,1.7435137668181323e-11
11491,-1.0788290808636583e-08
11492,-6.682442609168803e-09
11493,-2.7103523658592235e-09
11494,-1.6737561848509665e-09
11495,-1.896470446781989e-09
11496,-6.1137623666889385e-09
11497,3.63914421247518e-09
11498,-4.993772241990608e-09
11499,2.5335291361062577e-09
11500,1.0551362532349228e-09
11501,2.1648845679643955e-08
11502,-1.0306565282982859e-09
11503,-6.7192473010157595e-09
11504,-3.5920503148219296e-09
11505,-9.29111580950233e-10
11506,3.6457133245907557e-09
11507,-2.6453537611679153e-09
11508,1.9879004363639725e-08
11509,-1.8268936509144483e-08
11510,9.454441609020936e-09
11511,-6.109764031010337e-10
11512,9.347048384776793e-10
11513,-2.171846290678091e-08
11514,1.1983493761500454e-08
11515,9.604389755466477e-09
11516,1.338218529785596e-08
11517,-6.33471895111285e-09
11518,1.678119514064451e-08
11519,-4.1370985031361784e-09
11520,2.426415789884308e-09
11521,-8.531004501462158e-09
11522,-6.393682201186106e-09
11523,1.198841751529038e-10
11524,-4.760061777659682e-10
11525,-7.692245602357432e-10
11526,-3.248389953165212e-09
11527,2.159221802600537e-09
11528,-1.7071445036894248e-08
11529,-5.130224687039681e-09
11530,-1.2047526111126709e-09
11531,4.168471593199143e-09
11532,3.4223396276102183e-09
11533,-1.5186986672695373e-08
11534,1.25900659157899e-10
11535,-5.368708325393273e-09
11536,-1.4232731100939402e-09
11537,-1.2630929848057255e-08
11538,2.0229868400983529e-10
11539,1.3740193725373613e-09
11540,4.4932786811592745e-09
11541,-1.9646020337763353e-09
11542,-3.3819524985897355e-09
11543,-7.172514412313477e-10
11544,5.414745037178343e-09
11545,-2.916257030258185e-09
11546,1.2941384922535799e-09
11547,-9.328859661134223e-09
11548,-2.6929790469083434e-09
11549,2.202922850697881e-09
11550,-2.1197559895756368e-09
11551,-9.764158145773751e-09
11552,-1.2944802656491803e-09
11553,-1.2657626499665877e-08
11554,6.149591916904312e-09
11555,2.437381560320839e-09
11556,-2.1763909561250326e-09
11557,-4.816487737961744e-09
11558,-1.1484886019815214e-08
11559,-6.2178069019232804e-09
11560,-5.407321774319081e-09
11561,2.6846364995745625e-09
11562,-4.6290771643877035e-09
11563,1.7445582864692077e-10
11564,-3.200769674349448e-09
11565,-2.4986546696059016e-09
11566,8.958039227020415e-09
11567,-9.148993579659233e-09
11568,2.7393098608559706e-09
11569,5.332831985369367e-09
11570,2.397547925815276e-10
11571,-8.276074646069528e-09
11572,-8.149820817991284e-10
11573,1.908741493414528e-09
11574,-5.992555767127925e-09
11575,7.63069688010416e-09
11576,1.2333946441666855e-08
11577,1.0987353160466336e-08
11578,-1.3194488128152044e-08
11579,4.22658030328852e-09
11580,-5.187012871939347e-09
11581,2.5335622572086573e-09
11582,1.7645416176414196e-08
11583,6.135430509351e-10
11584,4.206949232753202e-10
11585,2.0764907972779496e-08
11586,-5.20948867747847e-09
11587,-6.548901211298673e-09
11588,-5.0968292712665326e-09
11589,-3.901098350765252e-09
11590,7.858181690345017e-09
11591,-1.1664175776970183e-08
11592,-3.0864313087346787e-09
11593,-1.2103814087897407e-09
11594,-6.894757045626487e-10
11595,-3.2384371220872466e-09
11596,-8.056962204029761e-09
11597,3.800776666756143e-09
11598,-9.032185217034369e-09
11599,-2.26387546340015e-09
11600,1.9291166191943706e-09
11601,2.2126518062552063e-10
11602,-7.66948567938984e-09
11603,-1.8184697431256847e-09
11604,-3.201655504083786e-09
11605,1.02425619455782e-08
11606,-2.9568177686182294e-09
11607,-1.8348998900018223e-09
11608,-2.5320302239731604e-09
11609,-4.396827994401517e-11
11610,8.336224304071357e-10
11611,-3.726576977761228e-11
11612,5.542872587077193e-10
11613,-9.419304292205473e-09
11614,1.6940548122804709e-10
11615,6.751601075155548e-09
11616,-4.509379658228239e-09
11617,2.8472007387453687e-10
11618,-2.3935415057165716e-10
11619,2.041113547328308e-09
11620,-3.953380730594233e-09
11621,-1.3030417681293301e-09
11622,2.1783231224302846e-09
11623,-8.710924586349204e-09
11624,-4.316771829540466e-10
11625,-2.3647979006057833e-09
11626,-1.3404133339714385e-09
11627,7.736485363528849e-09
11628,1.1448245429326098e-09
11629,4.74967035606123e-10
11630,-1.2130612925880655e-08
11631,-1.085394431407939e-08
11632,-9.298714715898312e-10
11633,1.7099340346119797e-08
11634,-1.2227102974013487e-09
11635,6.4150792638497144e-09
11636,-3.3507589088595293e-09
11637,-2.9979758709844525e-09
11638,-1.5216457996340906e-08
11639,2.4844305425923905e-08
11640,-2.1923301964638633e-09
11641,8.414852673316924e-10
11642,6.167704469307726e-09
11643,-2.792620081568272e-09
11644,-5.087532829129927e-10
11645,2.7389956875264597e-10
11646,-1.637710343817142e-09
11647,2.8806755465159163e-09
11648,-9.99808819276363e-09
11649,-2.309528747424795e-09
11650,-4.985427036853608e-10
11651,-4.893891623017681e-09
11652,-9.136243051566906e-09
11653,6.730698269134254e-09
11654,-1.3866109329278164e-09
11655,-2.7660721787784835e-10
11656,-1.527345711882942e-08
11657,8.965683233151032e-11
11658,1.3675972836709366e-09
11659,-4.073718042223049e-09
11660,-9.473306663724947e-09
11661,-6.578382502592984e-09
11662,8.792689351941235e-10
11663,7.433172610934646e-09
11664,3.0822263997710613e-09
11665,5.501677389325061e-10
11666,-1.526560541045644e-09
11667,-4.1231461900197443e-10
11668,-8.620636057633711e-09
11669,1.369418407244171e-08
11670,-1.3170772186575627e-08
11671,-3.879570293952408e-09
11672,1.4618691675172173e-08
11673,-9.023581826760874e-09
11674,1.1697043221963852e-08
11675,-1.5616059642776778e-09
11676,1.6951442070047781e-09
11677,2.745775004528382e-08
11678,-8.598211143945264e-09
11679,2.807218698935813e-09
11680,1.134087650598956e-09
11681,-4.658684970731951e-09
11682,1.2078384550387081e-08
11683,5.882294482785813e-10
11684,-1.0289268264908862e-09
11685,1.5683179619748894e-08
11686,1.1292808587514346e-10
11687,6.5493228040861274e-09
11688,-4.668213929663581e-09
11689,-1.941496758667174e-09
11690,7.454869856813038e-10
11691,-2.7602745583748532e-09
11692,-3.1066026253214354e-09
11693,3.202700266556051e-10
11694,-9.040066811032078e-10
11695,3.737735012745427e-09
11696,3.3665199862210484e-09
11697,2.376067793708491e-08
11698,-2.726006577068557e-10
11699,2.596321594123473e-09
11700,-1.570698165801315e-09
11701,2.501961651281717e-08
11702,-3.612335370070811e-10
11703,-1.4858888430606563e-09
11704,4.359340646235451e-10
11705,2.8472292360580776e-09
11706,-2.0884532427155687e-09
11707,-3.990837996920122e-10
11708,-6.866367990286463e-10
11709,6.708013734410729e-09
11710,-1.6408030051779658e-09
11711,5.328617690249737e-09
11712,-1.9687555893317237e-08
11713,-4.571682372209909e-10
11714,-4.43067812541621e-09
11715,1.5686753260382214e-08
11716,-4.116098727865831e-09
11717,-3.258242403165106e-09
11718,7.928992879840052e-11
11719,-2.2706732814918853e-09
11720,5.706814865506646e-09
11721,2.6764735421282365e-08
11722,2.224455246679922e-09
11723,2.934350966426536e-10
11724,1.0803871129954923e-09
11725,1.0039410085835877e-08
11726,-6.087252060502524e-09
11727,-1.4228267886974744e-10
11728,-6.395235490215981e-10
11729,-1.442901502872546e-09
11730,-1.2635770871147741e-08
11731,-2.0206260903738556e-08
11732,5.4772012393332716e-09
11733,1.4502608228607039e-08
11734,-6.399993504625126e-09
11735,-1.1457088614837175e-08
11736,8.973293339875588e-09
11737,4.0602588227348815e-09
11738,2.6767461994177723e-09
11739,-6.121421972621269e-09
11740,-5.340989500207133e-10
11741,-4.419109368812242e-09
11742,-2.0554616294881227e-11
11743,-1.5346184591020197e-09
11744,-4.582124504001699e-09
11745,1.8049626028110115e-08
11746,-3.714588253748378e-09
11747,1.6849013767014772e-08
11748,-9.999126117328487e-09
11749,-6.706530712714282e-09
11750,-1.9666196406479083e-09
11751,-2.790378741177834e-09
11752,-5.324945566986563e-10
11753,-2.831095659350993e-09
11754,2.414124802926346e-09
11755,2.448910751411514e-09
11756,-8.057734447657475e-09
11757,-3.3103679558286035e-09
11758,4.5954462778139447e-10
11759,-5.514022012754831e-09
11760,-1.5585892157165072e-09
11761,2.3931907808011882e-08
11762,1.0562449122107492e-09
11763,-1.2544642679740469e-08
11764,-1.5293885138569327e-09
11765,8.451987085600249e-09
11766,7.435835850160537e-09
11767,1.8553552232604444e-09
11768,3.98534520333317e-09
11769,1.2185359204773188e-08
11770,-6.372593597762782e-09
11771,1.7846483827431094e-09
11772,-2.897087615836588e-09
11773,1.9250970918778898e-09
11774,1.999682766170325e-08
11775,2.4375360230918314e-08
11776,1.836394138203937e-08
11777,-7.273312089780789e-09
11778,-9.494684900409878e-09
11779,-7.229118461951607e-10
11780,-1.7155709454364135e-09
11781,-4.05510342436777e-09
11782,2.1408497907246476e-09
11783,-1.391592900058017e-09
11784,2.2948865276685668e-10
11785,-1.2739753539549051e-09
11786,-2.9927132117427324e-09
11787,6.649313289135846e-09
11788,2.217560042789389e-08
11789,-1.2893168314963731e-08
11790,1.2615481575711617e-09
11791,2.8713016231890263e-10
11792,-1.6699134743418516e-09
11793,-1.2215994175656271e-08
11794,-5.692793303394329e-10
11795,3.906758044722523e-09
11796,1.2563830431304878e-08
11797,2.584695395726188e-09
11798,-8.902099225196598e-09
11799,1.6967258132878729e-09
11800,-9.39234859265813e-09
11801,1.9024617607349963e-08
11802,-1.1140458312254454e-08
11803,3.854314036885831e-09
11804,-2.502994531081264e-09
11805,-3.062617354317796e-09
11806,-5.329768659257297e-09
11807,6.20965186069036e-10
11808,-3.2836488204555143e-09
11809,7.789131989120477e-10
11810,1.603688665631267e-08
11811,-1.4399359737252787e-09
11812,-6.7485978536336206e-09
11813,-1.894629531606657e-09
11814,-3.0409221507615655e-09
11815,3.537067750737513e-09
11816,4.934997790466846e-09
11817,5.991608927800646e-09
11818,-3.1468822599158455e-09
11819,4.842171502644597e-10
11820,2.4973707279067713e-09
11821,-2.49940590447319e-09
11822,9.346441705807708e-09
11823,-5.329760760076714e-09
11824,-4.5735839849159586e-09
11825,3.307905998331208e-08
11826,-2.208653876172244e-09
11827,-6.019048088187119e-10
11828,-1.6089205045546145e-09
11829,-2.404912421562059e-09
11830,5.915005735171032e-09
11831,-1.436973221722143e-09
11832,-7.081900819527819e-09
11833,-2.5492696817145887e-09
11834,2.1907955912627247e-08
11835,3.6654617405361385e-09
11836,-7.43487146913273e-09
11837,-3.01105920019161e-09
11838,-1.6038822809423927e-09
11839,-3.393557987342638e-09
11840,8.815282706167946e-11
11841,-7.128835244827802e-09
11842,-7.824606075053436e-11
11843,6.121754800200682e-10
11844,-1.5102399293231965e-10
11845,-9.16557402761795e-09
11846,8.449793526772584e-09
11847,-1.0403680110605356e-08
11848,-1.918877431399769e-10
11849,-6.889569125992126e-11
11850,-3.83005656827314e-10
11851,1.0011800287198925e-09
11852,3.5736008278522544e-09
11853,9.12309554472733e-09
11854,1.450973462560285e-09
11855,8.490452322395264e-09
11856,-1.1409812304428759e-08
11857,-4.976573039165978e-09
11858,5.289128357318949e-09
11859,-2.2399905463453564e-09
11860,-7.331877969478241e-09
11861,-2.5974072193647787e-09
11862,1.0360906648703496e-09
11863,-7.243423068008816e-10
11864,2.4143525987080606e-08
11865,-4.366811937861105e-08
11866,1.5442833100638679e-09
11867,-2.624133636994102e-08
11868,1.1147015487944037e-08
11869,-1.5758173439760137e-08
11870,3.0221689419756286e-09
11871,-3.871485943796648e-09
11872,-4.837606182230751e-09
11873,-4.126967730775436e-09
11874,-6.711201695819641e-09
11875,9.56413574627113e-10
11876,-3.605161955570007e-10
11877,-8.445879555139427e-09
11878,-7.183591729814454e-09
11879,-2.251501044370767e-09
11880,6.956715509592348e-09
11881,-7.238196436723181e-10
11882,1.4177403900792429e-08
11883,-4.05122765150077e-09
11884,4.898052520963328e-10
11885,-4.633564560722985e-09
11886,6.589643605210998e-09
11887,-2.7244503974695608e-09
11888,-4.258303334371346e-09
11889,-3.996637170309039e-09
11890,-7.980828541771807e-09
11891,-3.6256976219753893e-09
11892,-4.850952485682412e-10
11893,-7.581481497748009e-09
11894,1.2030053884385555e-09
11895,3.122950488649683e-10
11896,-4.695574900873206e-09
11897,-1.0878180583080546e-08
11898,1.6877821894494255e-08
11899,-1.8514003212964143e-09
11900,-3.404569800259538e-10
11901,5.8645934210214645e-09
11902,-1.1998767759432137e-08
11903,7.378750750249056e-10
11904,-8.65259740968719e-09
11905,1.0135851842818678e-08
11906,5.1682915210711165e-09
11907,-5.1773617141809455e-09
11908,-1.981867363032566e-08
11909,-1.8323346425125702e-09
11910,-5.8019449253415915e-09
11911,-6.187929079711565e-10
11912,7.911950816573852e-09
11913,-3.322800864798806e-09
11914,-1.5193990174896306e-09
11915,9.67901400097685e-10
11916,-2.8595288323660967e-09
11917,-6.382514770020342e-09
11918,5.11814904200476e-09
11919,3.844885176611331e-09
11920,1.0987649409888474e-08
11921,2.513533007776772e-09
11922,1.5505650687824324e-08
11923,2.04269937274343e-09
11924,3.817465456898336e-09
11925,-3.957670886373985e-09
11926,4.781724439704429e-10
11927,6.16606857646899e-09
11928,-5.6733326084628955e-09
11929,-1.6252081251622398e-08
11930,-5.56969191184432e-09
11931,-7.015791515486059e-09
11932,5.5532099842587696e-11
11933,7.850227578363927e-09
11934,-7.199880956560613e-09
11935,1.2746981010566629e-08
11936,1.7788155608665038e-08
11937,-2.1202306695950352e-09
11938,-7.056407774825951e-09
11939,3.000699112294132e-09
11940,-2.6413664711265085e-09
11941,-1.3109164702174973e-09
11942,1.4536500437590843e-10
11943,5.1952187889389746e-09
11944,9.128784770635504e-10
11945,-4.338177723432093e-09
11946,2.3940327528538193e-08
11947,-3.2492116718626924e-09
11948,-2.4671890844918696e-11
11949,-1.610077047461195e-08
11950,9.239127480468304e-09
11951,3.4329586364345826e-09
11952,-6.224396795800914e-09
11953,-2.53034028704826e-09
11954,-6.763234359258255e-09
11955,3.3413554807270747e-09
11956,-1.1220879069321412e-09
11957,2.1262886078224813e-08
11958,-5.770150911105949e-09
11959,-2.6697746439305774e-09
11960,-5.6097766133067505e-09
11961,5.797946687922427e-10
11962,1.3503934586682399e-09
11963,-1.1601426867221189e-09
11964,-4.03242526249127e-10
11965,-4.752257191792549e-09
11966,2.8678234297584144e-09
11967,2.0138530732703084e-09
11968,-6.232236528046233e-09
11969,-7.349998388363594e-09
11970,4.707779837681391e-09
11971,1.1111512599988e-08
11972,-1.1321672927167092e-09
11973,5.897563211132871e-10
11974,-1.022063499924928e-10
11975,8.074385867826841e-10
11976,-3.942506130654861e-09
11977,2.2773905955855127e-08
11978,5.617026406104623e-09
11979,-5.840006369111223e-10
11980,3.077989967948545e-09
11981,-2.904398147638965e-09
11982,-1.088991884759051e-09
11983,-1.0489156952702254e-08
11984,1.1869713797369468e-08
11985,-2.4361718377140676e-09
11986,-1.539822227776795e-09
11987,-1.2434274099228972e-08
11988,-5.31436107922278e-10
11989,-4.961504457878907e-10
11990,1.0378246533847406e-08
11991,-6.46735736989998e-09
11992,-1.4140185600107635e-10
11993,-1.354571147655691e-09
11994,5.303447857414026e-11
11995,2.1381807797213578e-10
11996,-2.001018040095543e-08
11997,1.6156628418093708e-09
11998,6.750602036365971e-09
11999,-1.2674913737739019e-08
12000,5.332997183999703e-11
12001,-6.406471479693214e-09
12002,-3.8548016589998947e-10
12003,1.3698824786524807e-10
12004,-4.859418400962337e-09
12005,1.3357907083148898e-08
12006,-2.9654601851231698e-09
12007,7.918451665715098e-09
12008,4.236858610237948e-09
12009,5.4839324421573125e-09
12010,-4.534067338435032e-09
12011,-9.42895197781025e-09
12012,-1.9555380981287564e-08
12013,-6.040951088362885e-09
12014,-1.9860593244673307e-09
12015,-1.4565015721460352e-08
12016,-1.4114265966048923e-09
12017,1.2378593618723752e-09
12018,-2.364498542547196e-10
12019,-1.8206837301777725e-09
12020,-1.723009712474851e-08
12021,6.163037069639862e-10
12022,-4.95265295372348e-09
12023,-1.09857359606305e-08
12024,3.5195914156085936e-09
12025,-5.903860346266767e-10
12026,-4.091401630342556e-09
12027,-2.577054955862478e-09
12028,6.175272718237322e-09
12029,-8.572557017925663e-09
12030,1.3660873510230381e-09
12031,-1.1383912066221435e-09
12032,-1.4373020455169892e-08
12033,2.0855940187197094e-09
12034,-1.3461157980546902e-09
12035,4.046827633290173e-09
12036,1.3897775138661371e-09
12037,-5.189772720495216e-10
12038,-2.7303063919704382e-09
12039,6.969331350475836e-10
12040,-1.1742725536896767e-09
12041,-1.7241193913598263e-08
12042,-4.838425837824453e-09
12043,-9.63187735159119e-09
12044,-1.1997521897112045e-09
12045,6.940988197565752e-09
12046,-8.948400405864633e-09
12047,1.0069871971279349e-08
12048,-7.267475755270912e-09
12049,-1.1163125764151325e-08
12050,3.390410960920888e-08
12051,-2.8796536326582424e-08
12052,-4.836452253230233e-09
12053,1.7574919544311393e-08
12054,-7.59013750021842e-09
12055,-1.683097505131602e-09
12056,-1.8088958067374683e-09
12057,1.3719358994298778e-09
12058,4.217219660406003e-09
12059,6.662866468251146e-09
12060,2.7697380911320624e-09
12061,-5.722181507167042e-10
12062,-9.230208592701866e-09
12063,8.043996575142006e-09
12064,5.329775671939064e-09
12065,-7.83913317817199e-09
12066,2.3982632836725703e-09
12067,-4.779345575641037e-09
12068,-2.8230461116196857e-08
12069,7.699443821322092e-09
12070,5.089555889864257e-09
12071,1.8458507729675465e-09
12072,1.024627683536429e-10
12073,1.254361380533728e-09
12074,5.179338268169104e-09
12075,-1.0858729260235709e-08
12076,1.8193484544402566e-09
12077,-9.913098123961752e-09
12078,-4.4501807071045615e-09
12079,3.0169673215214703e-09
12080,-5.65595349625154e-10
12081,-1.883839412900229e-08
12082,3.624989037563199e-09
12083,-6.5410722228230094e-09
12084,-2.1707597024111255e-08
12085,-6.8297424892795105e-09
12086,-5.473369231265124e-10
12087,8.136718299486355e-09
12088,6.284310266368706e-09
12089,-5.747606097013383e-09
12090,-7.139758182848068e-09
12091,-1.8412430505915853e-08
12092,-6.2608143320968305e-09
12093,1.739560640341674e-08
12094,7.301092439235162e-10
12095,-1.5561544407236724e-09
12096,-6.097415764199544e-09
12097,-1.8532883064028976e-09
12098,5.893540531464548e-09
12099,9.988061819711889e-09
12100,-9.557051637671635e-10
12101,4.3815334749781746e-09
12102,-1.760742099957351e-08
12103,2.0512249352184847e-08
12104,-9.004785714367432e-09
12105,-9.264415074840115e-09
12106,-1.2404253575505065e-09
12107,-4.427150479407278e-09
12108,1.1286915292332145e-09
12109,-9.788840562732524e-09
12110,2.224947759063796e-09
12111,1.1021018160603873e-09
12112,6.734236535141827e-09
12113,-1.683128650346276e-09
12114,7.14627398121803e-09
12115,-7.756670577031399e-10
12116,7.884490267680487e-11
12117,3.3650564835722944e-09
12118,5.945035094144621e-10
12119,-1.0807025474192963e-08
12120,7.997269762776697e-09
12121,2.043789948330915e-09
12122,-4.590888083613145e-09
12123,-3.0653807085287733e-10
12124,-1.2288259511622919e-08
12125,6.934404310091435e-10
12126,1.9964396063280356e-08
12127,-1.5176573747438438e-09
12128,-3.345003660698615e-09
12129,2.0771185843006884e-09
12130,-7.727611672522936e-09
12131,6.570367762359968e-09
12132,-3.477710845429828e-10
12133,3.082222515883137e-09
12134,2.421426507299478e-09
12135,6.169581063808359e-09
12136,9.613853232447862e-09
12137,-4.226046353526377e-09
12138,6.910696692328333e-09
12139,2.7640613043465633e-10
12140,-9.024451972967093e-11
12141,1.43655539638583e-09
12142,8.774831492506889e-09
12143,3.847376175628978e-10
12144,9.7493943652411e-09
12145,-1.2480936812928827e-09
12146,1.0705053107270224e-08
12147,-9.638705672627847e-09
12148,2.5130484900230087e-09
12149,-4.930138143166131e-10
12150,1.8419375108280892e-08
12151,-1.1215650240065711e-08
12152,-4.5605958234667703e-10
12153,-1.257427339871716e-10
12154,1.5412527963745392e-09
12155,-1.0870172929282552e-08
12156,2.0533176810824068e-08
12157,1.9726146921484675e-09
12158,2.2251395265828112e-09
12159,1.946017740571335e-09
12160,-3.956365022458827e-09
12161,-9.030112880691544e-10
12162,3.879350696699213e-10
12163,-3.821275983423498e-09
12164,1.4989578665282582e-09
12165,4.414941275786339e-09
12166,-1.1482465045757086e-08
12167,-2.6976749452342926e-09
12168,-5.179058711663776e-09
12169,-1.7069063341255065e-10
12170,-3.758150200001551e-10
12171,-4.2133968416879625e-10
12172,6.036470357499781e-09
12173,-1.130345454009985e-10
12174,-3.8722473388373407e-10
12175,-5.217605322400181e-10
12176,-3.5295953256457005e-10
12177,-9.613967213641347e-09
12178,-6.173579622978807e-09
12179,3.986277733284588e-09
12180,2.177394650835e-09
12181,-1.1508530454639208e-09
12182,-1.3081561190118604e-09
12183,-3.619561569161108e-08
12184,2.1634507154269906e-09
12185,-1.8195196461614397e-09
12186,1.8543717430059177e-08
12187,-6.373835707456236e-10
12188,-4.509236285644398e-10
12189,-9.594101484723973e-10
12190,-7.531185157196776e-09
12191,5.304189732421335e-09
12192,-2.7895913308303334e-09
12193,-1.115091342727515e-08
12194,-3.952160896308845e-09
12195,-6.214427872397614e-09
12196,1.0404295718103431e-09
12197,-6.29421364275156e-09
12198,-2.4911967159199156e-09
12199,1.2076879698352623e-09
12200,-1.4387890482575577e-08
12201,-3.701957007779308e-09
12202,-5.554156257818275e-09
12203,-7.628071883320304e-09
12204,-1.0193018845435681e-08
12205,-1.3243346026897332e-10
12206,-8.430450440968421e-10
12207,-6.934741078298615e-09
12208,2.927650339400035e-09
12209,9.299828974070564e-09
12210,-5.422481563932298e-09
12211,7.818654492366012e-09
12212,-1.0414965930738322e-09
12213,1.671693727673171e-09
12214,-2.0298268302188642e-08
12215,2.7068445228287158e-09
12216,4.9413019702871915e-09
12217,5.87207610109291e-10
12218,-5.29044939540761e-09
12219,-2.954841356454389e-09
12220,1.452225236702166e-09
12221,-2.78043035269204e-09
12222,8.8475103171614e-09
12223,-8.733056926363741e-09
12224,-8.448817553449162e-09
12225,3.4855042888661388e-09
12226,-9.853323563600274e-09
12227,3.176296855616799e-09
12228,4.025064896271492e-09
12229,-2.9254063802949136e-09
12230,1.0314747298629425e-08
12231,2.3690957124174967e-09
12232,-7.912578815813137e-10
12233,1.8941000939367445e-11
12234,1.2154073679878508e-09
12235,-9.995780195890352e-09
12236,-2.593339726556618e-09
12237,6.415247676010822e-09
12238,-4.321565672943229e-09
12239,-6.479477050470709e-09
12240,-1.6344898122178408e-09
12241,-6.537782921736097e-09
12242,-1.5596179530750954e-11
12243,1.9416774343015232e-08
12244,-4.561096241080519e-09
12245,-1.321479179259502e-09
12246,1.0755144531525958e-08
12247,-1.6186273686386288e-08
12248,-4.817478477883439e-09
12249,-6.0944001509354974e-09
12250,-8.366789709903554e-11
12251,-4.131232601459076e-09
12252,-8.95265702410981e-09
12253,1.6482029171072112e-08
12254,-2.460041855732531e-09
12255,-1.6839972535686577e-09
12256,7.495881625305773e-09
12257,-1.7055238630968374e-08
12258,2.6150600556053048e-08
12259,4.3591758049482765e-09
12260,-1.9184343369055093e-09
12261,2.7080704991773286e-10
12262,-4.326359361326246e-09
12263,6.731016022473342e-09
12264,-1.1088729186635531e-08
12265,4.2068273098016374e-11
12266,5.7873554674445e-09
12267,1.3077591352137956e-09
12268,-8.780081157505063e-10
12269,-1.609852231496421e-08
12270,-1.7780760332496377e-10
12271,-6.919778219173026e-10
12272,8.222529699522023e-10
12273,6.562455441620444e-09
12274,1.4367608568777604e-08
12275,-1.4399600299931096e-08
12276,2.3450883780562452e-08
12277,-2.3501456320919025e-09
12278,6.301108160345101e-10
12279,-4.813029610822733e-09
12280,-1.9815764416597767e-09
12281,8.255617685451787e-10
12282,4.289324687485964e-09
12283,8.666815855626214e-09
12284,6.9368056647475645e-09
12285,1.0158032504422358e-08
12286,-4.21002256963969e-09
12287,-1.4510932800926533e-09
12288,6.1897991170756135e-09
12289,6.879289068759452e-09
12290,-7.119206546059317e-09
12291,-4.73732620881163e-09
12292,2.7462100161619376e-08
12293,-2.803050147795722e-09
12294,3.4032565909273915e-09
12295,1.1687056365670505e-08
12296,-4.451965269350534e-09
12297,-3.76498455224435e-09
12298,8.08802802376149e-09
12299,-3.7646204702244137e-10
12300,-8.191232767278088e-10
12301,1.1327342569305833e-08
12302,-1.6541651172676554e-09
12303,-8.856690706992601e-11
12304,-6.691807301849384e-09
12305,-9.697082527757967e-12
12306,-3.615912975322702e-09
12307,-9.745285587828261e-09
12308,-6.189165534813633e-09
12309,1.430987889360286e-09
12310,-1.0331786197934925e-08
12311,-5.630937744392602e-09
12312,-6.145968527881292e-11
12313,-5.390238160924982e-10
12314,-5.664841405804153e-09
12315,1.0476151637402602e-09
12316,-1.7567992954204892e-09
12317,8.383203065242056e-09
12318,1.8756300094823523e-09
12319,3.367139477057094e-09
12320,-2.3050631327153966e-08
12321,6.29318434447756e-10
12322,-2.859536379065336e-09
12323,-9.701590954912455e-09
12324,-7.483649073689163e-09
12325,-4.664066579517518e-10
12326,-1.883977184420516e-09
12327,1.9061210892854354e-08
12328,-6.746998654772038e-09
12329,-2.7354888285694953e-09
12330,-3.473270339291789e-09
12331,3.291419339164791e-09
12332,-1.4006277925985127e-08
12333,6.0695945191352755e-09
12334,-5.030741845034022e-09
12335,2.9465668229549187e-09
12336,4.432311955141658e-09
12337,-8.702270254117766e-09
12338,-2.8460152344841317e-11
12339,-2.8170620409035606e-09
12340,-1.8445825065164263e-09
12341,-1.1861743027806402e-08
12342,-1.3544855604253922e-08
12343,5.529782857397776e-10
12344,-1.2340090434031396e-10
12345,-9.748169662999487e-09
12346,1.8585940055007153e-08
12347,-1.6331896245597423e-09
12348,4.059590146704361e-09
12349,-2.454441035542701e-09
12350,-5.299292883142478e-09
12351,-1.4375571715751957e-09
12352,-3.221962556747986e-09
12353,6.315407169289501e-10
12354,-2.705586289791205e-09
12355,2.1362576144050487e-09
12356,-1.1509829733408332e-08
12357,-6.1298468295671244e-09
12358,1.3570877768545124e-08
12359,-2.0960065405792506e-09
12360,-2.8226383006982235e-09
12361,-2.242172966895509e-09
12362,-1.1709293996011865e-09
12363,-1.0321871140115039e-09
12364,9.700062126921631e-09
12365,-8.4417885824648e-09
12366,-2.8197617884284178e-08
12367,2.734691251485604e-09
12368,4.577434075492847e-09
12369,2.8207969738072704e-09
12370,1.4608730300856414e-08
12371,-2.39734922480234e-09
12372,-9.0724084547871e-09
12373,8.761203105395667e-10
12374,6.9999350399477635e-09
12375,-1.2369732268799257e-08
12376,7.810895840646508e-09
12377,-4.3314749835933474e-09
12378,2.5712258032451966e-10
12379,-1.2131713065014307e-08
12380,-2.4850570134778222e-08
12381,-2.2741997726155888e-08
12382,-4.802064625931297e-09
12383,8.885305347009825e-10
12384,3.893443679414081e-08
12385,-1.3131650925958522e-09
12386,-2.7603691126613318e-08
12387,-4.338093777939285e-09
12388,-1.3942997615509237e-08
12389,1.9269466935743967e-08
12390,1.2540369066210866e-10
12391,1.3161832371679076e-08
12392,-2.2071736941436815e-09
12393,4.023591749065908e-09
12394,5.9967759229256444e-09
12395,2.7263896493338764e-09
12396,-6.958314098095461e-09
12397,-5.064162843490737e-09
12398,-3.995576777524709e-09
12399,1.749953664267986e-08
12400,-2.014736088862039e-09
12401,2.716650782071894e-10
12402,1.2198586054352203e-08
12403,8.68783584314997e-09
12404,1.8540842018229712e-09
12405,6.953791890777546e-09
12406,-2.52575296207422e-09
12407,4.911710777917147e-09
12408,-1.0644922571220506e-08
12409,-6.171469526812371e-09
12410,1.635626425532968e-08
12411,-4.6403532427726134e-09
12412,-2.701252696030156e-09
12413,-2.788127886199844e-09
12414,-8.537611099809673e-09
12415,4.3256892363624537e-10
12416,7.48735111759507e-09
12417,-1.175766610139566e-08
12418,3.2644868097259615e-09
12419,-4.6191128807029523e-10
12420,-1.582158770128179e-08
12421,-1.8340212735716926e-09
12422,5.350192963345561e-09
12423,1.601754793671699e-08
12424,2.6673307484872967e-09
12425,-2.193216309729516e-10
12426,3.048223128913498e-09
12427,2.5288715887297174e-09
12428,1.069216319023972e-09
12429,2.394381982233986e-09
12430,-1.1603325608143592e-08
12431,-1.4609149573138563e-09
12432,-7.867174629769e-09
12433,-7.974616988037255e-09
12434,-8.475035042867551e-10
12435,-1.726230654262953e-09
12436,6.146964071712738e-11
12437,-6.626091268934634e-09
12438,8.754400530865117e-09
12439,-9.923388241969366e-10
12440,4.608873787231286e-09
12441,5.25066973587512e-09
12442,-5.654376710792261e-09
12443,-3.2990159596208955e-09
12444,-9.805378598642012e-09
12445,-6.264114589199102e-10
12446,2.076195436132269e-09
12447,-3.0861955458674063e-09
12448,7.837474681165313e-09
12449,-5.70121605872484e-09
12450,-3.747681263312869e-09
12451,2.8535917050518625e-09
12452,-1.0105851501880653e-08
12453,-2.7679150196026678e-09
12454,-1.7437472259592918e-08
12455,-3.2764177198380847e-09
12456,4.565490766925391e-11
12457,2.1765689268139994e-08
12458,-3.1388304484730533e-09
12459,1.3537535422278793e-09
12460,8.106413174847669e-09
12461,1.6136015428458846e-08
12462,-2.362674083734449e-09
12463,6.414220212941662e-09
12464,-1.5787418823976818e-10
12465,-1.4477853440063713e-09
12466,7.843503527321815e-10
12467,-5.298930324622422e-10
12468,-7.444501309176442e-09
12469,-9.551126195767682e-11
12470,1.1633098950419093e-09
12471,1.8555268132089827e-08
12472,-5.33635908053242e-10
12473,1.6748301888988393e-09
12474,-7.190970251788781e-09
12475,6.654824127042808e-09
12476,-1.0860793984223954e-08
12477,-9.426219810848117e-10
12478,-1.6771741190830046e-09
12479,2.562484260772028e-08
12480,1.7731202866873443e-09
12481,5.249314080270422e-09
12482,7.0097865203935955e-09
12483,-3.625649160925384e-09
12484,1.0191808704557636e-08
12485,1.0587170935248682e-09
12486,2.5938091690418934e-10
12487,-4.592175319507813e-09
12488,-2.8446840641126572e-08
12489,-8.104767321510308e-09
12490,9.570088056069613e-09
12491,-8.591765756043506e-10
12492,3.355261883827825e-09
12493,-1.990284341156696e-09
12494,-1.5656596348691705e-09
12495,1.5694538256670317e-08
12496,-2.6777798448229948e-09
12497,2.1174117316313392e-09
12498,-1.2489935347757306e-09
12499,4.261685296015548e-09
12500,-1.6302565668230785e-08
12501,-8.740400919765254e-09
12502,-8.089221130667516e-09
12503,-1.827429472704764e-08
12504,4.218252418163891e-09
12505,1.2792960259253761e-08
12506,3.833369134280839e-10
12507,-1.0531636004497472e-09
12508,1.8820244473436115e-09
12509,2.786649774931843e-09
12510,5.778803353247954e-10
12511,-1.2625344232462211e-09
12512,6.2933221056250984e-09
12513,-2.5941845713431466e-09
12514,1.7767870032527793e-09
12515,-4.871755423676348e-09
12516,1.514586620501193e-09
12517,-1.1577160728802134e-08
12518,-8.475588002709847e-09
12519,-2.056555919022496e-09
12520,-1.388250300648634e-08
12521,9.172249346367547e-10
12522,4.521346486857039e-09
12523,7.135915837461648e-09
12524,4.522113831301445e-11
12525,-1.5821538283666357e-08
12526,-8.785851776644146e-10
12527,-1.5204924063345185e-09
12528,-9.954966671562935e-09
12529,-6.481062413911585e-09
12530,-8.76774501046377e-09
12531,1.1885091458497633e-08
12532,-5.776619255144289e-09
12533,1.7638212989872801e-09
12534,-3.052573724840596e-08
12535,-2.3046236552753545e-09
12536,-6.549013087414494e-09
12537,3.5243477905458904e-09
12538,-1.0603833693831523e-09
12539,1.9632863683044968e-10
12540,-2.54487497859712e-10
12541,-1.3294185161910708e-08
12542,-2.965891153418233e-10
12543,-5.953769603510588e-09
12544,-1.9569253380291554e-09
12545,-7.884568905388138e-09
12546,-2.7467915264015106e-09
12547,-2.0784420475047722e-08
12548,-1.2175938624158508e-08
12549,-5.837775447407179e-09
12550,3.840331678091854e-08
12551,-2.4455086906054564e-10
12552,-8.09186121390372e-09
12553,-1.1272269368296359e-08
12554,-1.6381076543271525e-09
12555,2.013517474578446e-08
12556,4.856525345239892e-09
12557,-3.2879593766538187e-09
12558,-1.3196336975725766e-08
12559,-6.521131357947694e-09
12560,5.698341117029343e-10
12561,2.9951939276045046e-09
12562,3.3328595596439712e-09
12563,1.2879539356339884e-08
12564,-1.8696667159942957e-09
12565,5.57227946433381e-09
12566,-2.3935873356160957e-10
12567,-6.253247061611035e-09
12568,2.8253579879393283e-09
12569,8.783924086448758e-10
12570,-5.2468687496261145e-09
12571,-3.418821534944195e-09
12572,7.902001735367787e-09
12573,-1.228508147248513e-09
12574,2.3591159469272022e-09
12575,5.747129160202398e-10
12576,-1.024282866377486e-08
12577,-5.877988190024315e-09
12578,-3.590039586008137e-09
12579,8.082724665611068e-10
12580,-9.43198615982714e-09
12581,-2.1884557411477228e-09
12582,-2.375521933820517e-09
12583,-1.0007633161472918e-09
12584,2.8509838904865528e-09
12585,-1.9103421643531603e-09
12586,-1.3538960908712894e-09
12587,1.3707283421003927e-09
12588,3.97911524655389e-09
12589,-3.7288506258605365e-09
12590,2.152090102039146e-10
12591,1.0479790385985348e-08
12592,-3.77439420894191e-09
12593,-5.232630071037854e-09
12594,-1.6655140056741064e-08
12595,7.576662874534301e-09
12596,-1.700254715672078e-08
12597,-3.3658747613745465e-09
12598,-1.0114492084554682e-08
12599,-1.0217923303083703e-09
12600,6.8348082302426874e-09
12601,9.466268851571629e-09
12602,2.537944619294242e-08
12603,3.3336869943719894e-09
12604,-1.4504167912351939e-09
12605,-1.7253040581297376e-08
12606,3.909201672359452e-09
12607,-2.544543796862222e-10
12608,2.5123247960898827e-09
12609,-4.944815023390062e-09
12610,1.6967131575445085e-08
12611,-2.173949821366343e-09
12612,5.26086125252289e-09
12613,-1.9626490619606774e-10
12614,-1.0108414608383214e-08
12615,-5.014586558734734e-09
12616,-6.717168245538081e-09
12617,-1.2000056936344733e-08
12618,-1.6449795446836532e-09
12619,1.1024306918799076e-10
12620,-5.040749419819174e-09
12621,-4.282126964776077e-09
12622,-1.1438745747956961e-08
12623,-1.2252612074774572e-08
12624,-1.2645451063139067e-09
12625,4.717900452960574e-09
12626,9.953585742052272e-10
12627,1.3149327812007788e-08
12628,3.697614853214375e-09
12629,4.108194207015734e-09
12630,1.0387473924459939e-09
12631,1.4650007101607264e-10
12632,6.540715950111269e-09
12633,2.0426655370941196e-08
12634,5.034199007091267e-10
12635,-7.899728276143477e-10
12636,4.2117947048284425e-10
12637,-2.1566851630510576e-09
12638,8.029004762386162e-09
12639,-9.060876009052527e-09
12640,-9.008396677125812e-09
12641,5.047274070669555e-09
12642,9.578068993972706e-09
12643,1.5893827211815054e-09
12644,2.1294720789845637e-09
12645,-2.1747299993921136e-09
12646,6.1444377580811104e-09
12647,2.1691417398061607e-09
12648,1.8710162967536386e-08
12649,-8.476492092866496e-09
12650,4.210664054557965e-09
12651,-4.798638548967335e-09
12652,-1.0034145271270805e-08
12653,-3.6142148440922645e-09
12654,3.6216768596358035e-09
12655,-2.923648548930164e-09
12656,6.0459815024450656e-09
12657,7.937539358416519e-09
12658,7.286632176671006e-10
12659,1.4861626782325788e-09
12660,-8.35730229493449e-09
12661,1.925324219376838e-08
12662,-3.5526659413520863e-09
12663,-9.662270961889243e-09
12664,5.192753941062137e-09
12665,2.7568855114565435e-09
12666,-3.0201380994932027e-09
12667,-1.625319654463838e-08
12668,-2.567035137133581e-09
12669,-9.462734317415761e-09
12670,-1.2143261273515775e-08
12671,-3.564694121720093e-09
12672,-1.4783886700662915e-08
12673,-2.3931411984075928e-09
12674,2.6669253070584017e-08
12675,-1.0828679462749247e-08
12676,2.2094127885046936e-08
12677,-3.6426797678318216e-09
12678,2.774744516339983e-09
12679,1.5819018482325908e-08
12680,-3.744563407661136e-08
12681,1.2499897253889894e-08
12682,-8.231082520189125e-10
12683,-3.298330191014588e-09
12684,1.5439124488769407e-08
12685,-3.963946983553718e-09
12686,4.1609396408324365e-09
12687,-3.980564852846407e-09
12688,6.433329125732121e-10
12689,3.3584587120409377e-09
12690,-1.4447805778781818e-09
12691,-4.432001191343762e-08
12692,3.257736004383705e-08
12693,-8.23467389696481e-09
12694,8.881185539768362e-10
12695,1.3893312172963915e-09
12696,1.7384969697863398e-08
12697,-2.790655591123851e-09
12698,-6.7095404350935685e-09
12699,-1.4122637206853213e-09
12700,-1.1979059785991294e-09
12701,1.053007453057488e-08
12702,-3.86577914290003e-09
12703,6.521722607067588e-10
12704,-3.545630775487955e-09
12705,1.5345314864588298e-08
12706,2.651694729084116e-09
12707,7.557119385649407e-09
12708,-1.281584922094326e-08
12709,1.1232467997517242e-08
12710,-2.2724729948296255e-09
12711,9.448395583358388e-09
12712,-1.84713232941838e-08
12713,-5.316763240422652e-09
12714,3.4603618687879745e-09
12715,-7.225903421478591e-09
12716,-3.1565256083146254e-09
12717,9.120127185312152e-09
12718,-2.0594626169635485e-09
12719,-4.247840668796401e-09
12720,-4.287101188243441e-09
12721,1.9985470469732227e-12
12722,1.6473664779944247e-08
12723,-5.790622414960717e-09
12724,-6.24377994147844e-09
12725,-2.0190386109342595e-09
12726,-5.4441058190837355e-09
12727,4.1835286601955785e-08
12728,-2.508635218872548e-10
12729,6.8370176981411326e-09
12730,1.1465511363568348e-09
12731,3.370211286407783e-09
12732,-1.3118785904278709e-08
12733,-1.00078859209202e-08
12734,1.951806167950761e-09
12735,-3.1733817971515413e-09
12736,-2.7684178107244533e-09
12737,-4.441680435393581e-09
12738,-1.1951701994123495e-08
12739,-1.3752911526176718e-09
12740,-7.0976891734416114e-09
12741,-1.0551866325491473e-09
12742,-1.7271330495725732e-09
12743,-8.50865013567215e-10
12744,-1.032825927081551e-09
12745,-1.3206827639290745e-08
12746,-1.531234348290335e-08
12747,-4.310982968298249e-09
12748,-2.003744659382857e-08
12749,-5.501729103234979e-09
12750,-2.7798884446568834e-09
12751,-1.2159499262129749e-09
12752,-2.2698072094458916e-08
12753,-4.0650036398715595e-09
12754,6.56385408649196e-10
12755,1.7385813138150145e-08
12756,8.902934845666142e-10
12757,-5.680247127261882e-09
12758,-6.629040328460212e-09
12759,-6.777395741770211e-10
12760,1.8602758433007627e-10
12761,2.291913024835802e-09
12762,-1.981698473367348e-08
12763,-4.613733525459705e-09
12764,1.546564259970677e-08
12765,3.4000816869684463e-10
12766,-2.244276668999411e-09
12767,-7.110638620789811e-09
12768,-1.8499843031478292e-09
12769,2.356428387670608e-09
12770,3.229823910695647e-09
12771,-9.52086717646459e-11
12772,3.3547488638067324e-11
12773,1.2656628079786732e-09
12774,-4.736177849437681e-10
12775,-3.6775050798379066e-09
12776,-2.1663946845454507e-09
12777,3.1432024411100943e-09
12778,1.8470105550941955e-09
12779,2.580011202717169e-08
12780,-5.629629502199236e-09
12781,-1.1566155582528588e-08
12782,7.894495041459053e-09
12783,-2.6795210461471507e-08
12784,-9.697408442916802e-09
12785,3.514858857658906e-08
12786,-1.3142840889363805e-09
12787,3.508552890495172e-09
12788,3.476983494636576e-10
12789,-2.856234339211494e-10
12790,-1.0488821401550886e-08
12791,9.224464150841367e-09
12792,8.792108804923407e-09
12793,7.982582668902744e-09
12794,-2.6546347875508952e-09
12795,-5.359744853472553e-09
12796,-5.532971511433432e-09
12797,2.781133491573004e-09
12798,-5.233111293244274e-09
12799,5.523806668285943e-09
12800,1.5387942662031227e-08
12801,5.968211215998686e-09
12802,-9.655492671997406e-09
12803,1.7094881280323476e-09
12804,1.0163987675823428e-08
12805,-1.4087928083061386e-09
12806,4.912030858016447e-10
12807,-1.189306997272263e-09
12808,-1.2071124455729708e-08
12809,1.1776696660206003e-08
12810,-2.2421685445984546e-09
12811,6.218236868561784e-09
12812,-1.0851137208844582e-08
12813,-2.0591715225971595e-09
12814,5.801316779503667e-09
12815,-1.3002335880900677e-08
12816,5.1554535146519655e-09
12817,4.624737731709516e-09
12818,-9.298047023365066e-09
12819,-1.0603422082354846e-08
12820,5.455738166067801e-09
12821,1.4554470204104364e-09
12822,2.0945430036771445e-08
12823,-4.255305957835184e-09
12824,7.884441186611375e-09
12825,9.40790734986904e-09
12826,-3.5693163093106116e-10
12827,-3.5296899938011677e-09
12828,-3.401505387539512e-10
12829,3.548637956889423e-09
12830,-8.840444953988657e-10
12831,1.0855269748357973e-08
12832,1.972794436767359e-09
12833,1.0914190362883907e-08
12834,3.599294852733983e-09
12835,-9.588058211554886e-09
12836,7.240310935127355e-11
12837,-2.364751893890389e-08
12838,-3.5424889277901847e-09
12839,-2.2590216471182732e-08
12840,-5.406277625222647e-09
12841,-1.7525864258375265e-08
12842,-1.6038030652033567e-09
12843,1.3049101431205753e-09
12844,-5.7586141332821495e-09
12845,1.4931063326119977e-09
12846,-5.879220229767733e-09
12847,-4.2793123702938425e-09
12848,-2.6789243858264503e-09
12849,-7.001420473341088e-09
12850,6.561933796944893e-10
12851,5.148691379753582e-09
12852,1.401105104144584e-09
12853,1.5575651972524787e-08
12854,1.5059513959782865e-10
12855,-4.497711019635308e-09
12856,-3.80166345399174e-09
12857,-4.450924172572735e-09
12858,3.062724550387494e-09
12859,-1.2343370334584168e-09
12860,2.2725484426231984e-08
12861,-3.970744581835785e-10
12862,-6.008851421159221e-10
12863,-9.034190680688178e-10
12864,-1.242785398025695e-08
12865,5.0884572027694205e-09
12866,-2.5450822475685766e-09
12867,2.8545881236534968e-09
12868,-5.082840494994844e-09
12869,-5.2486677258887526e-09
12870,-1.9969179107345973e-09
12871,1.331469151609125e-08
12872,2.4528542122254105e-09
12873,8.906914523232588e-09
12874,1.5610664212821995e-09
12875,8.228590183114754e-09
12876,-4.863351961986451e-09
12877,-2.3403654847125133e-09
12878,7.959382270380915e-09
12879,-1.512585351977616e-08
12880,1.4468787566730576e-09
12881,-1.8427387549249554e-09
12882,-1.3719176372517555e-09
12883,1.2029228630082464e-08
12884,-3.400648509623595e-09
12885,-1.3589704196626626e-08
12886,3.0930248313440865e-10
12887,6.6819858326181414e-09
12888,-1.4113486950449413e-08
12889,-7.327314544270504e-09
12890,-5.673117476665209e-10
12891,-1.3034080192321289e-09
12892,2.1759081921314345e-09
12893,-2.702879974794171e-09
12894,-4.192591757188955e-10
12895,-2.926586739633728e-09
12896,8.086950401185097e-09
12897,-1.1167519390369798e-08
12898,-6.531427903511186e-10
12899,-5.717322311330671e-10
12900,-7.43900238364418e-09
12901,-1.0697077705961264e-08
12902,2.8053726795980296e-08
12903,1.938464612398373e-10
12904,-1.8094344739486917e-09
12905,-1.052263140815762e-09
12906,4.040822663408229e-09
12907,-4.684720341754935e-09
12908,-9.97917898445203e-09
12909,3.3182128262796686e-09
12910,5.801172284085145e-09
12911,6.386081447066055e-09
12912,-3.0698665553112084e-09
12913,9.375799634410376e-09
12914,-1.4925480045927177e-09
12915,1.399183842591364e-09
12916,-3.0852539614827565e-09
12917,4.309567601941821e-09
12918,-1.0962656556247112e-09
12919,-3.2471787857431037e-09
12920,-1.4578523256765198e-08
12921,1.203821764105135e-08
12922,-6.777866217637471e-09
12923,4.478661950221149e-09
12924,1.2325747075487422e-11
12925,4.224441724063749e-09
12926,1.9974277011566457e-09
12927,-1.4652603414840119e-09
12928,-2.143288433673866e-09
12929,6.50930964894047e-09
12930,-1.1087282418403107e-08
12931,-8.49470951777896e-10
12932,1.7867510916124453e-08
12933,1.1270598303348257e-08
12934,-3.4595024272075695e-10
12935,1.0105953897637504e-08
12936,-1.3819776828519595e-08
12937,-7.838201038680706e-10
12938,5.247034796016877e-09
12939,-8.536849451721156e-09
12940,-2.0211763392670812e-08
12941,3.9450678097504246e-09
12942,4.8822197851125564e-09
12943,-9.313243431008394e-09
12944,-2.211564562915184e-09
12945,-2.837286435243452e-10
12946,5.548259802332424e-09
12947,-4.5259296750348795e-09
12948,1.7059322033189538e-08
12949,-1.4613033921415838e-08
12950,2.540132959905166e-08
12951,-3.317216375634744e-09
12952,4.5501053905776286e-09
12953,4.746395768622121e-09
12954,-4.603341872660529e-09
12955,-1.714551326767351e-08
12956,3.3863814427131007e-10
12957,-2.8491459795703977e-09
12958,1.6807144676180836e-08
12959,-2.8802959074089997e-09
12960,-1.6259722405934346e-09
12961,-1.6645302530866695e-09
12962,-4.010126383849946e-09
12963,1.2824515098394143e-08
12964,1.7081331168753582e-08
12965,6.355883359022948e-09
12966,2.1678175949199094e-08
12967,-8.24672237833277e-09
12968,1.2902260507598518e-08
12969,9.99459408947501e-09
12970,-1.1649960475503807e-09
12971,-2.3367756016680834e-09
12972,-6.771133976716864e-09
12973,-1.5031420185324279e-09
12974,1.41838606837765e-09
12975,9.040367856308466e-09
12976,2.7798557673567856e-09
12977,-3.3122645459240296e-09
12978,1.9338939132227103e-08
12979,2.0028057582762985e-09
12980,8.239323703882085e-09
12981,-1.1730186224188322e-08
12982,-4.8318975373645484e-09
12983,-1.8105574984960165e-09
12984,-5.925701329294885e-09
12985,4.9305297684910695e-09
12986,2.107336019394431e-09
12987,-1.5260739332931693e-08
12988,-2.2896798024228e-08
12989,-3.224826425263311e-09
12990,-1.2215313411471423e-09
12991,-5.925635786376291e-10
12992,-3.657916761907324e-09
12993,-2.1466253761026696e-09
12994,-9.64771043142567e-09
12995,-3.899050266007714e-09
12996,-4.505729715573535e-09
12997,2.8167761337510515e-10
12998,6.241116069444517e-09
12999,-1.174123543004393e-09
13000,-1.4305081547965045e-09
13001,-1.12840493066577e-08
13002,-7.660081027445182e-09
13003,-1.1284022072619803e-09
13004,3.3607125991327624e-09
13005,1.591719961096129e-08
13006,-2.5647683598647905e-09
13007,-1.6722545197553081e-09
13008,-1.9267212894500278e-10
13009,1.8752792118342496e-08
13010,1.720573835651982e-10
13011,-3.261502262830833e-10
13012,1.4782824440639726e-09
13013,1.5495301929785235e-08
13014,1.1940199563681022e-09
13015,-2.9917738310059507e-09
13016,-1.3989305873837297e-10
13017,6.000869650020372e-09
13018,9.517356865644625e-09
13019,-1.1867545583227978e-08
13020,1.7056861757230859e-09
13021,4.280436649955362e-09
13022,-5.618081374688922e-09
13023,3.753020049723306e-09
13024,8.475010168549494e-10
13025,-1.1178344454970901e-08
13026,-1.7413343465076025e-09
13027,-8.686069167895146e-12
13028,-2.6217688247416688e-09
13029,-1.0726798845432456e-09
13030,-7.985678500143108e-10
13031,-7.143474205742616e-10
13032,9.079903483620586e-09
13033,-8.202998013442066e-09
13034,1.2059749046663658e-09
13035,8.765285996398278e-09
13036,-4.74035458475363e-09
13037,-5.247428137685132e-10
13038,-1.250455047428721e-09
13039,7.74446649955233e-09
13040,-7.4256588220295454e-09
13041,-3.932889241652595e-09
13042,1.692639058299596e-08
13043,-1.1569142897366635e-09
13044,5.784611580351468e-09
13045,8.728696930241359e-09
13046,-3.1701911417228955e-09
13047,-6.000113574574429e-09
13048,2.3172879802089832e-08
13049,-3.344945498803321e-09
13050,-3.715155382231768e-09
13051,-3.9261101084325904e-09
13052,-1.6892965195964878e-09
13053,-5.935770228337703e-09
13054,-2.5513092331159187e-09
13055,1.267790089531464e-09
13056,4.250283019055461e-09
13057,3.8468329206608824e-10
13058,-1.6141135782809784e-09
13059,-1.0202524472891716e-09
13060,-9.145574639867665e-09
13061,-1.3004854417820636e-08
13062,-1.3725558972224024e-09
13063,-4.2006640993949136e-09
13064,-7.752649663967637e-10
13065,6.960219063161868e-09
13066,-2.136107593971735e-09
13067,-1.9709107884344404e-08
13068,1.3030765686564419e-08
13069,8.462384113974103e-10
13070,1.6924607106180382e-08
13071,-1.5487211437561004e-08
13072,7.013049793490013e-09
13073,-2.786474133846715e-09
13074,1.3704386217192905e-09
13075,-3.795665987510672e-09
13076,-3.546466176064779e-09
13077,1.5834118351939565e-09
13078,-1.6420136613440245e-09
13079,-1.9263275604811614e-08
13080,-2.908150944227715e-09
13081,1.951928480797975e-10
13082,3.146693875991772e-08
13083,-1.513675674260407e-09
13084,-9.841423983356231e-11
13085,-1.836776856113286e-09
13086,2.3646063023901994e-09
13087,-6.425253420876133e-09
13088,-6.7483698227241626e-09
13089,9.903462503999898e-09
13090,1.1622042743348422e-08
13091,1.0411762053950597e-09
13092,-6.535222545083542e-09
13093,-6.801007121645968e-09
13094,-1.0168399888263181e-09
13095,-4.24456246883052e-10
13096,-2.7017585787415963e-09
13097,1.002211905683578e-08
13098,6.703044914934475e-09
13099,7.945588929411376e-09
13100,-7.650927953703477e-09
13101,1.8215618593726394e-08
13102,-1.0110929921545298e-08
13103,4.354443162425241e-09
13104,-8.009880653431475e-09
13105,-5.4191408670204875e-12
13106,-6.169191608711647e-09
13107,4.55777030044316e-09
13108,-3.751140172993696e-09
13109,-9.05194448026359e-09
13110,1.6369627305663706e-09
13111,-1.7509231636497077e-08
13112,-1.9620110989220123e-09
13113,3.0879443113398125e-09
13114,2.3194410636539047e-09
13115,-4.4918759641953945e-09
13116,-2.07507251858184e-09
13117,9.049783315412407e-10
13118,1.2412427777783967e-08
13119,-3.037777079442755e-09
13120,-9.517065676287891e-09
13121,5.278433621842953e-09
13122,2.081997524069865e-09
13123,4.3230695887128525e-09
13124,-9.093531374485544e-09
13125,7.234752127937942e-09
13126,9.497453706391955e-09
13127,-7.4059843262244356e-09
13128,-4.500407228600801e-11
13129,-1.765328060826531e-09
13130,-4.118651613982085e-09
13131,1.0637239040665415e-08
13132,-2.7185634028342484e-09
13133,-4.142573487911676e-09
13134,1.007723498724491e-09
13135,1.072023720039348e-08
13136,3.4248428756654983e-09
13137,4.304335371147741e-09
13138,-5.04413318545169e-10
13139,8.743684613770551e-09
13140,-2.8670548391841935e-09
13141,1.7544710956571995e-08
13142,-5.73135334674266e-09
13143,-7.996998248543772e-09
13144,-3.797635824178781e-09
13145,-1.926824125025442e-09
13146,1.853663992196709e-09
13147,-4.266097899809055e-10
13148,-5.999384157415183e-09
13149,-1.4874359332746835e-08
13150,-5.9337975708174505e-09
13151,-8.907098828689944e-09
13152,-5.190056676250924e-09
13153,3.730749918441499e-11
13154,-1.451593210733066e-08
13155,-3.4166926125803047e-09
13156,1.8265910593122653e-09
13157,-4.4158663272030025e-09
13158,-1.2895985576709159e-08
13159,-8.9800929411213e-09
13160,-4.031211291503364e-09
13161,-9.2735961914079e-09
13162,3.2219393039466875e-09
13163,-3.7443504053019146e-09
13164,7.942913754233039e-09
13165,-6.857295161300717e-10
13166,-2.0450781513452538e-08
13167,3.727530401202219e-09
13168,1.0973644725561836e-09
13169,4.2196952915872336e-09
13170,-5.39600048115596e-10
13171,-1.4457532217395004e-08
13172,3.1436817841747993e-09
13173,-8.325846530657127e-09
13174,-2.0346091607196701e-10
13175,-4.923348324778985e-09
13176,-1.6420461143355108e-09
13177,-1.390501211580677e-08
13178,-2.6107396322622524e-09
13179,-5.1915416293656204e-11
13180,-2.8676673814287177e-10
13181,7.941871800945906e-10
13182,1.00175759091108e-08
13183,1.111660328139074e-08
13184,-2.148080500749795e-09
13185,7.883311131456371e-10
13186,-2.0516395408190475e-09
13187,-7.3373639147465855e-09
13188,-9.870537067569038e-09
13189,-1.10789549780452e-09
13190,-7.3473273703972495e-09
13191,2.8065093124188445e-09
13192,-2.754965768535878e-09
13193,6.256328840246309e-09
13194,-1.6279186152575753e-08
13195,-3.6753177837797105e-09
13196,1.612906091552736e-08
13197,1.1727187277056394e-08
13198,-4.103643083937389e-10
13199,-1.627733222216174e-08
13200,-1.8684372974615508e-08
13201,-9.370089792505104e-09
13202,3.1487374775361466e-09
13203,4.9414836335656154e-11
13204,1.6247485250036555e-08
13205,4.211996950979935e-09
13206,-7.282155288847619e-09
13207,-6.528567460923792e-09
13208,1.388722383539653e-09
13209,1.916757443065355e-09
13210,-3.51925065288175e-09
13211,-2.0684708333669814e-09
13212,1.5128438152408254e-10
13213,2.9034789129872477e-09
13214,3.9293802624574074e-09
13215,-4.0925934968942645e-11
13216,2.530996567476185e-10
13217,3.93112344714833e-09
13218,5.600664744735666e-10
13219,-4.534599490664067e-09
13220,7.513124326787998e-10
13221,1.5797705198094278e-10
13222,1.3406818292507853e-09
13223,8.204698370466082e-10
13224,-3.2772896950337605e-09
13225,-1.2842772398290401e-08
13226,-3.524727479178182e-09
13227,-9.071608243448612e-09
13228,3.769612156216561e-08
13229,-2.6160328038379946e-08
13230,-2.363663759325734e-09
13231,3.1739330923468275e-09
13232,1.0008047290302015e-08
13233,7.480584266244398e-09
13234,-5.486166732178857e-09
13235,-1.567926966929247e-08
13236,8.953016034616438e-09
13237,5.219047885062805e-09
13238,2.875723206789821e-09
13239,1.6988881642435182e-09
13240,3.790474733432411e-09
13241,-1.1090674031656612e-08
13242,4.633143460178445e-09
13243,-5.530281488881675e-09
13244,-2.095399104360887e-09
13245,-2.3921032559056833e-08
13246,-5.16151765827991e-10
13247,-1.3645727486547313e-08
13248,5.505452233100637e-10
13249,-2.3223539115041165e-09
13250,-3.763346148120096e-09
13251,-1.2066708611478422e-09
13252,3.776690775885725e-10
13253,-1.0198597315919456e-09
13254,-2.6332799932968983e-09
13255,2.0727099238157798e-08
13256,-7.855206266460813e-09
13257,-3.5021586436077193e-10
13258,1.9043577347999987e-09
13259,6.53655258928733e-09
13260,-6.005254069268136e-09
13261,1.0763458198381513e-09
13262,-1.79037030596476e-09
13263,-3.920219409859662e-09
13264,2.4964534904200964e-08
13265,-1.4378182510685961e-08
13266,-2.618947082136591e-10
13267,3.305326051012897e-09
13268,-5.2346564537986176e-09
13269,8.213868982067996e-09
13270,-1.7183307475222186e-09
13271,2.2407509977481e-09
13272,-6.441311429929727e-09
13273,-1.0765743813509745e-09
13274,3.803364739123353e-09
13275,-2.716722475430899e-09
13276,-7.461755784362563e-09
13277,8.426279137412294e-09
13278,6.4346515071209456e-09
13279,1.4445544757654682e-08
13280,3.504913309167041e-10
13281,-6.855231977297976e-09
13282,3.08137097985176e-08
13283,-6.308276882458356e-09
13284,-1.0533932983517879e-08
13285,1.1510111664905615e-10
13286,-1.4766680370156639e-09
13287,1.5546968533754427e-09
13288,4.0601464404749805e-10
13289,-1.4428324442862755e-08
13290,2.533295485764373e-08
13291,-4.6213560474456454e-09
13292,9.133954256582095e-10
13293,-3.641419782524481e-09
13294,-1.3982253895205913e-10
13295,-4.220678235626001e-09
13296,1.4862500747367385e-09
13297,-3.7216304464290438e-09
13298,4.243587546432299e-09
13299,-1.1629001975892342e-08
13300,-1.554612236070613e-08
13301,-1.8207340845001625e-08
13302,-2.8490024659567834e-09
13303,3.6745459517084272e-09
13304,4.845396619859848e-09
13305,-3.4383648344035898e-09
13306,1.694554348769834e-08
13307,-1.2262260712299765e-09
13308,1.163075721090311e-10
13309,5.401591047593454e-09
13310,-7.149501498946688e-09
13311,6.744620630580969e-10
13312,-7.3206524721745325e-09
13313,2.8150502317504652e-09
13314,-8.093078618420694e-09
13315,3.3479041734338775e-09
13316,-7.308064523330539e-09
13317,-2.307927604109373e-09
13318,-1.0742426092115973e-09
13319,-1.9166835266721898e-10
13320,3.7064266424107955e-09
13321,-4.746710441030442e-09
13322,-1.1239622966797595e-08
13323,-9.781191729702866e-09
13324,-4.1937363873924975e-09
13325,1.1352777866038836e-08
13326,8.013982079016734e-10
13327,-2.669381723597093e-09
13328,4.74541559634305e-09
13329,-7.633105258385505e-09
13330,1.7480869157638937e-08
13331,-6.818173490235114e-10
13332,-6.824540967542433e-10
13333,-4.182776768642453e-09
13334,6.09016171540935e-09
13335,-1.1609504355956765e-08
13336,9.419978635518e-09
13337,-4.5082463507053515e-09
13338,-2.706127829221907e-09
13339,4.71104036743898e-09
13340,-8.17440762964453e-09
13341,1.8057883724766096e-10
13342,4.870802081519893e-09
13343,-5.979615908666854e-09
13344,-4.4703770631619175e-10
13345,-1.334571803210823e-09
13346,-4.7133343014260904e-09
13347,-7.711051122646366e-10
13348,-5.8802059121858526e-09
13349,-3.849212781289206e-09
13350,-2.6884399142380538e-09
13351,-4.0441295226417346e-09
13352,3.2174182164046295e-09
13353,2.603592645284291e-09
13354,3.2249730492043362e-09
13355,-9.140193901899361e-10
13356,-1.6065524550713529e-09
13357,-3.380881506716059e-09
13358,2.1876385744221243e-08
13359,-7.567629558453042e-09
13360,4.9852151792892954e-09
13361,2.0403256388201724e-08
13362,-7.797189684527839e-10
13363,2.895672684976681e-09
13364,-1.0094012515741055e-08
13365,-2.394904591624141e-08
13366,-1.740767403112945e-09
13367,6.664637301100953e-09
13368,1.0780338479601205e-08
13369,3.26288915902923e-11
13370,-1.8557300173946638e-09
13371,-1.221061887256659e-09
13372,-5.140918182835814e-09
13373,-4.057008153588583e-09
13374,-3.7399267637578596e-09
13375,1.1118867871427373e-08
13376,-2.7698015608578273e-09
13377,-1.2699860083958188e-08
13378,-2.4076912647837267e-09
13379,-9.84641049044042e-09
13380,2.9074999388016526e-09
13381,1.752600128496691e-08
13382,-1.8380144236925588e-09
13383,2.1625790011219194e-10
13384,4.275791582965741e-09
13385,8.015883806494014e-10
13386,2.5733566762271738e-08
13387,1.8354000248943394e-08
13388,1.4848879240999517e-08
13389,-5.701854312354664e-10
13390,-4.925793723003583e-10
13391,-2.3040020962779786e-09
13392,-4.815168117927144e-09
13393,6.70551070197235e-10
13394,7.123787708803391e-09
13395,2.3968580189708614e-10
13396,5.662005269600637e-09
13397,2.3783908088537454e-09
13398,-3.5020880550294985e-09
13399,-4.3828025243674465e-09
13400,6.415381140946639e-10
13401,4.06316702697001e-09
13402,1.6913117829197982e-08
13403,2.832044028694434e-09
13404,3.6625612505496605e-09
13405,-5.90297431542757e-09
13406,-1.0432246614857854e-08
13407,1.9915288194263376e-09
13408,-3.615886148865275e-08
13409,1.0774936473953254e-08
13410,-1.0259408005673836e-09
13411,8.674294932369095e-09
13412,9.088839656890532e-09
13413,-5.689641044168182e-09
13414,-5.547946715993575e-09
13415,-5.890470105380106e-09
13416,-4.027009381810988e-09
13417,2.6284764807759116e-10
13418,3.6202563704749525e-09
13419,-1.0606643130750432e-09
13420,-6.609351137027327e-09
13421,-3.0743424221643557e-09
13422,-2.038031321788825e-09
13423,-1.9191208889240433e-08
13424,7.211486501033563e-10
13425,1.2702528701832232e-08
13426,1.6340168944125144e-10
13427,1.6652471683083574e-09
13428,-2.2497155373842067e-09
13429,-2.1693378653702504e-10
13430,-4.1922261393315924e-09
13431,2.3848938133100325e-09
13432,4.261551655786845e-09
13433,2.829447731489209e-09
13434,3.4111681101921644e-09
13435,1.2843985527112273e-09
13436,3.991802933625617e-09
13437,-1.3029444135132843e-09
13438,-1.0071681320002663e-09
13439,2.2755553011101507e-08
13440,3.53511546098899e-10
13441,3.4538534033615184e-10
13442,-9.541965907663963e-09
13443,-3.2729053275304995e-09
13444,2.9817395146014976e-09
13445,1.7619358104139154e-09
13446,1.0857701478674588e-08
13447,-4.7035467308667886e-09
13448,1.5286947817564234e-08
13449,1.8003038617827954e-09
13450,-1.6011706404186259e-09
13451,-5.426500316733582e-09
13452,3.323510125412325e-09
13453,-7.624547471603245e-09
13454,6.677837296841194e-10
13455,-4.133099686072034e-11
13456,-8.549542105474452e-10
13457,8.100011405956385e-09
13458,-6.078095198398288e-09
13459,-1.6989200975962431e-09
13460,2.186534905152545e-09
13461,-3.2345782349900117e-09
13462,-9.233778865000758e-09
13463,6.023629025846574e-10
13464,-4.426448453155961e-09
13465,-9.368980370751555e-09
13466,-2.749408381345178e-09
13467,-4.417783336001929e-09
13468,3.0322500052409607e-09
13469,1.434666865254483e-09
13470,-5.41069315340322e-09
13471,9.181335356183334e-10
13472,-2.4683090342063546e-09
13473,2.8370090474191203e-08
13474,-8.302653629903403e-09
13475,-7.172362196938915e-10
13476,-1.7206144104429225e-09
13477,-1.3346723859548697e-09
13478,-1.1623483319459685e-09
13479,9.783259149910504e-09
13480,3.5861473889951483e-09
13481,4.018926243439457e-09
13482,-3.4146251041905424e-10
13483,-5.9438528508950834e-09
13484,9.517165712629492e-10
13485,4.495133781874449e-09
13486,2.049083574563254e-08
13487,1.9250587110718716e-09
13488,-1.9135549411558518e-08
13489,-4.248559853143837e-09
13490,1.3288916360986723e-09
13491,2.6936712266353434e-09
13492,3.743306387556933e-09
13493,1.5789047115234132e-09
13494,-6.930150416366789e-10
13495,-2.124147359571141e-09
13496,-2.54432679262536e-09
13497,-4.445669415338107e-09
13498,-4.2937369485356815e-10
13499,4.134920843623439e-10
13500,8.837550049601973e-09
13501,1.0012856135845158e-08
13502,1.0541149934134549e-08
13503,-5.562898908813441e-10
13504,3.0156121241681966e-10
13505,7.169498480097352e-10
13506,2.729413008365169e-09
13507,-1.3661306890533981e-08
13508,2.6163831034527104e-10
13509,3.533552859103846e-09
13510,-5.802122908176984e-09
13511,-2.1014839989725558e-09
13512,2.367792702523804e-08
13513,-7.611820945774499e-09
13514,5.499944834487792e-10
13515,2.092340959340368e-09
13516,4.718835046904793e-09
13517,1.1529331503515807e-08
13518,4.0170196945996035e-09
13519,1.2969935495550896e-08
13520,-3.595497389204298e-10
13521,-2.934967087324616e-10
13522,3.35102271380876e-09
13523,2.5112146721772246e-08
13524,2.93290710658984e-09
13525,-5.025201074811505e-09
13526,7.27881430569521e-10
13527,-1.219453476149781e-08
13528,3.319600443257375e-09
13529,-4.0910150284835804e-09
13530,-2.33561421819953e-09
13531,-1.2757833927846146e-08
13532,-1.314883987185841e-09
13533,3.4251922941899026e-10
13534,-5.5038012116915035e-09
13535,5.640346478767057e-10
13536,2.4746875972448156e-09
13537,1.537088765195342e-09
13538,7.804913447042395e-09
13539,1.5239251981704918e-09
13540,-2.161841006942854e-10
13541,-1.016353227521556e-08
13542,-5.52612798032082e-09
13543,2.1284502927137826e-09
13544,-4.752626611347744e-09
13545,3.5495261273579547e-09
13546,4.009659414353766e-09
13547,9.573646506654886e-10
13548,-4.692506277404616e-09
13549,-4.899803366598754e-09
13550,-8.299607513480307e-10
13551,1.4214345176213832e-08
13552,-1.5197538727393845e-09
13553,-1.5452885598570046e-08
13554,-2.091781010439071e-09
13555,1.8313737543569634e-09
13556,6.178950047882287e-09
13557,1.1769249969003764e-08
13558,1.9384673380951685e-09
13559,-1.0903795594612186e-09
13560,-3.7149387397412523e-09
13561,5.733443758742289e-09
13562,2.9022974843970297e-09
13563,-2.8133206640800522e-11
13564,1.5390121031530546e-08
13565,-4.601369787942842e-10
13566,1.8010477170180444e-08
13567,-4.4923422477314345e-09
13568,-1.5762844722795803e-08
13569,-7.159605154322399e-10
13570,9.92895888782991e-10
13571,-1.8895965614223107e-09
13572,1.8395486989845774e-10
13573,-9.394282465611071e-09
13574,4.761970429200043e-09
13575,-9.109225259187583e-09
13576,1.8196449636242053e-09
13577,1.9788212209842503e-08
13578,4.105433760553633e-09
13579,-2.6700150059057787e-09
13580,-3.1570066553225526e-09
13581,6.348647899253865e-09
13582,-4.206004917259517e-09
13583,-1.2818812058645655e-09
13584,-1.1208553437441058e-09
13585,-7.946182547766544e-09
13586,-2.5080744153441554e-09
13587,-5.975512375064276e-09
13588,-8.736404001378848e-09
13589,2.9977875369341875e-09
13590,-1.161350662975021e-09
13591,-7.079433767407505e-09
13592,1.644020457251083e-08
13593,-2.642336760437914e-09
13594,-7.80765177343323e-09
13595,5.802512395365581e-10
13596,-2.649725189811546e-08
13597,-2.7905855667717155e-10
13598,1.1394761478802225e-08
13599,-1.9525924764209413e-09
13600,-1.0250542096830674e-08
13601,4.47701293665164e-09
13602,5.019728537811773e-09
13603,-6.0139367147537495e-09
13604,1.857819209420407e-08
13605,1.024930925705949e-10
13606,-4.512224423023809e-09
13607,6.577754743699736e-09
13608,1.799285406071026e-08
13609,1.729772819667153e-08
13610,-1.1322314773123826e-08
13611,-2.9522001012578744e-09
13612,-5.895012136857596e-09
13613,-1.6928130944250324e-09
13614,-6.122828677237731e-09
13615,-1.2978999320072341e-08
13616,9.38221529235552e-10
13617,1.3737324363331634e-09
13618,8.59455587193951e-09
13619,-4.2266752532711135e-10
13620,-1.1681999951929759e-08
13621,9.786377842691493e-10
13622,-1.8301279060631676e-08
13623,-3.973045931973971e-09
13624,-3.784303973178344e-09
13625,5.2899992993563306e-09
13626,-3.5299798133346294e-10
13627,-9.710800320008171e-09
13628,-6.769030801111335e-10
13629,-3.25767864148642e-09
13630,5.171382349083261e-09
13631,-1.3212464392495768e-09
13632,6.883503736282508e-09
13633,4.688487323305122e-09
13634,5.795880635476411e-09
13635,-2.5758906368225687e-09
13636,-4.309046808366645e-09
13637,-3.122153964794438e-10
13638,-1.1884808900475126e-08
13639,-4.062960408425935e-09
13640,-4.106014952177025e-09
13641,-7.66606806601692e-10
13642,-1.1923898483929555e-08
13643,1.1334844698670903e-08
13644,9.656503592381022e-09
13645,-8.845203055692733e-09
13646,1.3683356484677917e-08
13647,-6.752358542645213e-09
13648,3.077086287937227e-09
13649,-5.867657827514888e-09
13650,-1.8185714389115213e-08
13651,-4.198336783401554e-09
13652,7.426865397162549e-09
13653,2.6481968028080806e-10
13654,-2.4884368937631355e-09
13655,-4.085271080838506e-09
13656,-3.683296365468552e-09
13657,2.855577821382315e-09
13658,-7.118579884246441e-09
13659,4.4267035263425356e-09
13660,-4.0383664731971095e-09
13661,8.738179020709384e-09
13662,3.3182763029116045e-09
13663,6.679581174003482e-09
13664,-1.039268073316334e-09
13665,1.7694519004930085e-08
13666,4.608074064742034e-09
13667,-4.84146254043296e-09
13668,-5.143081227644533e-09
13669,-3.983010664543956e-09
13670,-5.137467186263251e-09
13671,-6.659346512800805e-09
13672,3.9410993920773793e-10
13673,-2.5041898381967867e-09
13674,5.2884008463385854e-09
13675,5.087601232978018e-09
13676,-4.0500844577883095e-09
13677,7.252045078067712e-09
13678,8.303029997635992e-09
13679,6.149011371838017e-09
13680,4.306115449321473e-09
13681,-8.791878489404559e-09
13682,-6.868368569505321e-09
13683,1.3307171236419378e-09
13684,-4.393976939865484e-09
13685,1.128366007357008e-08
13686,6.3307657646898115e-09
13687,1.3621878640530795e-08
13688,9.242925734488367e-09
13689,-6.693096345431616e-09
13690,1.0090555207886308e-09
13691,6.42590529572808e-10
13692,-1.418948562796124e-08
13693,5.792395368619726e-09
13694,-1.4349921722682088e-09
13695,-3.032335590820343e-09
13696,-5.429436596467264e-09
13697,-1.2943753962119096e-08
13698,2.9116515341815415e-10
13699,8.677328480970423e-09
13700,-7.152785036811447e-09
13701,-1.0599957540073126e-08
13702,1.345401785827168e-09
13703,-3.6110871419638176e-09
13704,-2.388736896033141e-10
13705,-2.477514698383387e-09
13706,1.7669752844450095e-08
13707,1.3562541768872985e-08
13708,-1.0673875534423953e-09
13709,4.433590916958993e-09
13710,6.34705199391414e-09
13711,-1.0406360280807193e-08
13712,-2.1914497198701313e-09
13713,-4.647202155673975e-09
13714,4.824576693067289e-10
13715,7.837219488461538e-10
13716,-1.2163636726992741e-09
13717,-1.0279024685341291e-08
13718,-1.457715341393614e-09
13719,-8.968825608115657e-09
13720,-9.202078079457261e-09
13721,3.992246462081016e-09
13722,-5.642846550512047e-09
13723,-4.0483205613568686e-09
13724,-3.6219022820362005e-09
13725,1.785338971944538e-09
13726,1.2823521700997594e-09
13727,-3.986884809175105e-09
13728,2.485313194776146e-09
13729,-1.1367620118861754e-08
13730,-3.00205170502285e-09
13731,1.478043086776616e-09
13732,-3.583783346822694e-09
13733,-2.0172092513071452e-09
13734,-1.2695496105365961e-09
13735,4.803654970399689e-09
13736,-7.553028773474774e-09
13737,-4.914519331473768e-09
13738,-1.3467739983031169e-08
13739,-3.1747683919921614e-09
13740,3.221463405058114e-09
13741,1.2461751965361808e-09
13742,2.252353046727783e-09
13743,8.349700707163568e-10
13744,-7.309192496236841e-09
13745,-4.571752865815036e-09
13746,4.590118125069764e-09
13747,1.1069435049385294e-09
13748,1.2902852740821834e-09
13749,-3.808844350660365e-09
13750,-8.292754003207704e-10
13751,6.50170647777432e-09
13752,7.1283071779601114e-09
13753,5.1153579309426315e-08
13754,6.4415835420987934e-09
13755,2.004063570807421e-09
13756,-1.0607777006365558e-10
13757,8.84257682308187e-09
13758,1.1513799839979497e-10
13759,-5.912727502853854e-09
13760,3.3106743870750526e-09
13761,-9.79892345467688e-10
13762,1.2530403952566178e-08
13763,-4.167921010705296e-09
13764,-2.991581204606428e-08
13765,2.2062820297928927e-09
13766,3.622614228471548e-08
13767,8.891338309735316e-09
13768,3.80551988837228e-08
13769,-3.252197434172986e-08
13770,-1.0698061009349642e-09
13771,-5.153335995913185e-09
13772,2.5353133995885172e-11
13773,-1.4137758583640136e-09
13774,-7.871938029873427e-09
13775,-3.038186394672059e-08
13776,-1.0518174910790265e-09
13777,-4.4623209742158556e-10
13778,-2.728354194636637e-09
13779,-7.902989935991417e-10
13780,1.533265292702485e-08
13781,-3.762779524733987e-09
13782,-4.5553062134265724e-10
13783,7.625938722161363e-09
13784,2.295876763491875e-09
13785,-1.1225923133669481e-08
13786,-4.279779817135048e-09
13787,4.22530283602424e-09
13788,-1.1896434809143473e-08
13789,-2.1800271220251544e-09
13790,4.4507520664429535e-09
13791,6.470722253670674e-09
13792,-4.0958541073577804e-11
13793,1.455733284400088e-09
13794,-4.4535981596682995e-10
13795,5.7965522431451444e-09
13796,1.2117168032819942e-08
13797,-3.4101480827223428e-09
13798,1.4984632661946744e-09
13799,8.72518025576923e-09
13800,7.561623415078686e-09
13801,2.3150709809219897e-10
13802,5.605487575842421e-09
13803,2.0093472736132642e-09
13804,-5.486663836780251e-10
13805,-2.7853307935118114e-09
13806,-1.775715833343757e-09
13807,-8.388758502414078e-09
13808,3.7813943718944385e-10
13809,-1.9810509602748395e-09
13810,1.4015610195372392e-08
13811,2.8170702506857416e-09
13812,-4.479016795791011e-09
13813,-4.807491049546113e-09
13814,-2.1943821074354553e-09
13815,3.4440948763279017e-09
13816,1.3641393357267862e-08
13817,-1.3731749836418268e-09
13818,-1.3442625055436346e-08
13819,1.1695547180773549e-08
13820,-5.3422728191192675e-09
13821,-5.723358194693793e-09
13822,2.0460308089667323e-08
13823,-9.761074494010371e-10
13824,-8.787270608466675e-09
13825,-1.4140650266430834e-09
13826,-2.995152470728698e-09
13827,4.576761400886503e-09
13828,-7.409824701918515e-09
13829,-9.127552339706501e-09
13830,6.503590890384403e-11
13831,-1.2265288730816219e-08
13832,1.501956818468666e-08
13833,-9.075464520639835e-09
13834,-1.503119416518832e-08
13835,-1.4231933096594188e-08
13836,-3.5175463160002156e-10
13837,1.1981874438890744e-09
13838,3.857068931594226e-08
13839,-4.235065564616678e-09
13840,1.9802348305604365e-09
13841,5.766714532671556e-09
13842,-6.34187463052317e-09
13843,1.7224809795945842e-09
13844,-5.463442121751397e-09
13845,-1.0501549198402693e-08
13846,-6.04536874280843e-10
13847,-2.032505520587641e-09
13848,4.735671912250662e-09
13849,-5.446926053301506e-09
13850,-1.5202390427547693e-08
13851,-1.3464393820239476e-08
13852,1.4917367716466696e-09
13853,4.68057402962777e-10
13854,-8.896488282782594e-09
13855,7.887390503935487e-09
13856,4.885298561901382e-09
13857,3.350092139323859e-09
13858,1.1400284305054167e-08
13859,-3.952428164582271e-09
13860,1.6888533398939356e-10
13861,-1.1805672514769278e-08
13862,7.068771797326041e-10
13863,-5.337477087619138e-09
13864,6.359117208272048e-09
13865,-6.81991486780057e-11
13866,1.7830660777996616e-09
13867,-8.430489345377592e-09
13868,-6.127820815088824e-09
13869,3.107328581471188e-09
13870,-1.8147609317317815e-09
13871,1.0299982320791196e-09
13872,4.15211094469643e-09
13873,-7.80062137501546e-10
13874,-5.14695706586786e-09
13875,-2.5177090403435954e-09
13876,-4.4019000699534425e-09
13877,-8.450676763538476e-09
13878,-7.85270637621489e-09
13879,-4.8224278942024954e-09
13880,-8.982422677938505e-09
13881,-3.4690201731168354e-09
13882,-6.861265228307001e-10
13883,4.275802698526725e-09
13884,-2.7627088863061833e-09
13885,-8.576434689655564e-10
13886,-4.471649002005506e-09
13887,-1.5894415827430927e-08
13888,-8.633523062257743e-10
13889,6.917923216545467e-10
13890,1.0362161278675533e-08
13891,1.4645306902290768e-08
13892,2.76431139862512e-10
13893,-3.4981560078828863e-09
13894,-8.338757994713424e-09
13895,6.139455566225349e-09
13896,-1.923690493947681e-08
13897,7.08249989428565e-09
13898,5.511300986435425e-09
13899,-1.0677015806997075e-09
13900,-4.025295962965901e-09
13901,2.0496219063463005e-09
13902,-1.5865207317461824e-08
13903,-2.059693775260611e-08
13904,-8.596215035631659e-09
13905,-4.934375502485013e-10
13906,-1.1328829775227308e-08
13907,-2.1241883475079904e-09
13908,-1.523525679210377e-08
13909,-1.67371994664739e-08
13910,-4.471520676704112e-10
13911,2.2965806064535251e-10
13912,3.041628903129786e-08
13913,-1.42514083401762e-09
13914,2.765787481259648e-09
13915,-2.505624197657309e-10
13916,-7.812853392966018e-09
13917,2.2446015892017887e-08
13918,1.8590284092936458e-09
13919,-1.0163541385804923e-08
13920,-1.6004197775870598e-09
13921,8.076027184121525e-10
13922,1.196257043074679e-09
13923,1.1780385675200985e-08
13924,-9.382350595255736e-10
13925,-7.1635557483160525e-09
13926,-1.5628330445470933e-09
13927,-7.472373559140888e-09
13928,8.738256882403231e-11
13929,-2.4675996560873627e-09
13930,7.396871402629575e-09
13931,-4.347549185836602e-09
13932,8.546552183992606e-09
13933,-7.587484931997738e-09
13934,5.291360379111875e-09
13935,3.749539596677309e-09
13936,-5.309617111214466e-09
13937,-3.8537412173055675e-09
13938,3.6107608115847173e-09
13939,-2.4344154182834383e-09
13940,-3.893170488821084e-08
13941,-6.5616468396934026e-09
13942,4.79606612371546e-10
13943,-5.236309145890075e-10
13944,-2.361011093643694e-10
13945,-4.990849955020069e-10
13946,3.794631844796716e-09
13947,-3.4472351536384274e-09
13948,-3.844175293565285e-09
13949,-6.123722869739412e-09
13950,2.8445105464656697e-09
13951,-8.149681416297143e-10
13952,-1.5154147300617428e-09
13953,4.970488382646895e-10
13954,-2.1177582491530003e-09
13955,4.504118657576112e-09
13956,8.484648370130505e-09
13957,-1.3680659687606504e-09
13958,-7.391425949609601e-09
13959,3.4253343534535824e-09
13960,1.2263029951524856e-09
13961,1.118361231812655e-08
13962,-6.30079156091124e-10
13963,-9.655923896968012e-10
13964,5.860564705240853e-09
13965,-2.3755487067747996e-09
13966,-5.735936628455667e-09
13967,-8.962157442883435e-10
13968,-7.637168000682981e-09
13969,4.721585570619531e-09
13970,-7.526190887312375e-09
13971,7.414652648008844e-09
13972,2.401295472283155e-08
13973,-1.88174966884413e-09
13974,7.1586724132903775e-09
13975,-5.699708737314233e-09
13976,5.634946582834068e-09
13977,-1.6257323370346857e-09
13978,1.1897413169673097e-08
13979,-1.99570625725425e-08
13980,2.6000047173234343e-09
13981,-2.1891400721753984e-09
13982,-3.324770709587395e-08
13983,1.6261852921455854e-09
13984,-6.1370425641738044e-09
13985,5.594971792094892e-10
13986,-6.156972465161841e-09
13987,-7.778016758611122e-09
13988,-5.946802653954708e-10
13989,1.110537947511357e-08
13990,-3.1463763517353957e-09
13991,-9.796979437346928e-09
13992,7.701523367640958e-09
13993,-1.3944026868856702e-08
13994,-5.879098518015176e-09
13995,-1.348696114843244e-08
13996,9.500252286399922e-10
13997,-1.1916495215030879e-08
13998,-9.671414692025464e-09
13999,1.300600364777124e-08
14000,-4.2001788037330995e-09
14001,4.1038154551693757e-10
14002,-6.65606033481458e-10
14003,1.794666122938468e-09
14004,8.63333522149438e-09
14005,-8.538914149271243e-09
14006,7.1674101785974385e-09
14007,-4.812068365769469e-09
14008,-4.482617064161702e-09
14009,-4.534713300969146e-09
14010,3.8325890941717235e-09
14011,-2.6614197927523084e-09
14012,1.1034406429742677e-09
14013,3.0191570229505865e-08
14014,-1.5140103760462345e-09
14015,1.0656841011135766e-09
14016,-1.9749025922710252e-09
14017,5.312080258715748e-09
14018,2.4885733922659602e-08
14019,6.264576057094243e-10
14020,-2.9223342233914665e-09
14021,4.371875266965595e-09
14022,5.588786614599762e-09
14023,-1.7898116634632787e-09
14024,-1.7807695354279562e-08
14025,-2.2772498786801093e-08
14026,-3.0384840971730483e-09
14027,1.002505312765028e-08
14028,-1.989799334816457e-09
14029,7.471125190077174e-10
14030,1.6900467966959393e-09
14031,1.8450558454960063e-09
14032,-8.931217797092168e-09
14033,-7.2728725744212915e-09
14034,8.578310650628614e-11
14035,-9.15458795039952e-09
14036,-6.1766055973700385e-09
14037,-3.966735841180552e-09
14038,-5.793034130289442e-09
14039,-1.557493090048117e-08
14040,-4.3420008573739416e-10
14041,-6.392469198243957e-09
14042,-2.4306622929668545e-09
14043,7.594722807777929e-10
14044,2.71302576477569e-08
14045,-6.900071106353771e-09
14046,4.8891746007163436e-09
14047,-4.840152671806098e-09
14048,-4.869209162887381e-09
14049,6.286470415948327e-11
14050,4.751902084255345e-09
14051,-2.2210914896594812e-09
14052,3.6594055751771938e-09
14053,-9.648511635507736e-09
14054,1.2458346700511667e-08
14055,-1.1229027846541713e-09
14056,-1.9563857275198022e-09
14057,-1.1746212347980775e-08
14058,2.443546803117033e-09
14059,-7.2521810667834615e-09
14060,-4.236563836270296e-09
14061,3.3008968860075115e-09
14062,2.7514994882141924e-08
14063,4.088439972057867e-09
14064,1.0393640893958238e-09
14065,-1.7700369571498445e-10
14066,1.0978285028551728e-08
14067,-7.95780519384136e-09
14068,-4.055992116910958e-09
14069,2.666724248360909e-09
14070,1.1243334352030616e-08
14071,6.945888769497365e-11
14072,-1.8002503399619535e-09
14073,-7.780625479257374e-09
14074,1.0367963193483152e-08
14075,1.0167501727739553e-09
14076,-4.092878370532292e-09
14077,7.873182506631207e-09
14078,-2.8639232971666094e-09
14079,2.311025828561071e-09
14080,-8.303547195574842e-09
14081,4.357545017913613e-10
14082,1.3908642665487147e-10
14083,-2.8109211594141756e-09
14084,-1.1264031522085564e-09
14085,-2.8446223541439337e-09
14086,-9.095656716618952e-09
14087,-2.4629993291697968e-08
14088,-9.514913008163642e-09
14089,1.4223066545269495e-08
14090,-1.6745284871211804e-08
14091,4.919709658745491e-10
14092,-4.4633452130284495e-09
14093,-1.4914573660547902e-09
14094,1.4489559575695433e-10
14095,-1.1101637888056913e-08
14096,-2.3535704193217036e-09
14097,-2.4740847675347277e-09
14098,-9.637413940770508e-10
14099,-1.907406715392025e-09
14100,-5.282551583556163e-09
14101,2.6746392073789014e-09
14102,1.6400059456724718e-09
14103,4.834396733994186e-09
14104,-8.196786918800413e-09
14105,-4.779284255107627e-09
14106,4.381674809744902e-10
14107,-1.4993299532545436e-08
14108,-6.265047329929215e-09
14109,4.0381950637637325e-10
14110,7.558700238456929e-09
14111,-7.85712510636069e-09
14112,1.276604845507014e-09
14113,5.7490616698775345e-09
14114,-4.8880656761580375e-09
14115,6.673115144141577e-11
14116,-4.367617922284916e-09
14117,4.012863670950339e-09
14118,2.3420068965873614e-09
14119,-9.265893746220678e-09
14120,2.336114059121719e-09
14121,1.3830983929706549e-08
14122,9.260003548308808e-11
14123,-6.898126642050883e-09
14124,-9.968492902216686e-09
14125,8.547893140622907e-09
14126,5.068828782680516e-09
14127,1.145307512378171e-08
14128,-1.6091760825146199e-09
14129,8.750241565097486e-09
14130,4.614142363225551e-10
14131,-2.2248840217896127e-09
14132,-1.7990483040987831e-09
14133,-9.954769545885773e-09
14134,-1.4790749448977095e-09
14135,-1.6333134040113213e-09
14136,-6.072574347464272e-09
14137,-8.854105649887076e-09
14138,-1.4476283864197592e-09
14139,4.643354666311368e-09
14140,2.111193653992883e-10
14141,-3.417502054582907e-10
14142,1.8916914833670876e-10
14143,-5.447072858464789e-09
14144,-3.6865744628884477e-09
14145,6.901385473305349e-10
14146,1.1499677185039555e-08
14147,-7.2744780297632435e-09
14148,-2.1547888995236462e-08
14149,2.6641912959652102e-08
14150,1.3723514193676285e-08
14151,4.739337322637234e-10
14152,2.3060102287089438e-08
14153,-2.704116462902784e-10
14154,-1.6591129020582915e-08
14155,-1.7101148059107215e-09
14156,-2.3847833384148838e-11
14157,-7.483986023863443e-10
14158,2.9404367132724765e-09
14159,-1.495357833177452e-08
14160,4.07283657695123e-09
14161,-1.5943440217631345e-09
14162,9.035581850760807e-09
14163,-5.899029982263214e-09
14164,2.5453141294453764e-08
14165,-1.1364265061711257e-08
14166,2.740479307517748e-11
14167,6.329073976811511e-09
14168,3.1198611667200192e-09
14169,-1.6968918970507317e-08
14170,-7.015295786347373e-09
14171,-9.823023080624417e-10
14172,-1.3753222685693985e-09
14173,1.3778187842051991e-08
14174,-3.2752667577227296e-10
14175,-6.778550753990679e-09
14176,5.403228914901404e-09
14177,-9.439280018939236e-09
14178,2.7588260507565874e-09
14179,-2.1987515007997494e-09
14180,2.9686737468880806e-10
14181,6.60367025049982e-09
14182,1.1232487958758854e-08
14183,2.1041424426767395e-08
14184,-4.888507078510524e-09
14185,2.1035790609839146e-09
14186,1.901095450973867e-09
14187,-5.231820747787247e-10
14188,-1.8731180316997415e-09
14189,7.0764902763736975e-09
14190,1.6332927714402257e-09
14191,-4.811640698407526e-10
14192,-3.3798513769104403e-09
14193,-2.3482231792767117e-09
14194,-1.6389499955897902e-10
14195,-6.2725879510322e-09
14196,2.2318293399135043e-09
14197,4.754796810759252e-09
14198,-6.249646366471572e-09
14199,1.754829440240837e-08
14200,-1.4439130429506783e-08
14201,2.275449508428995e-09
14202,-1.0920819986482384e-08
14203,5.753313849119572e-09
14204,7.741003181277148e-09
14205,-8.870636762911743e-09
14206,-4.442919904383989e-09
14207,-1.2733323179024337e-08
14208,-3.174966734003418e-09
14209,6.208695721379658e-09
14210,1.3953731196571991e-09
14211,5.069267928860506e-10
14212,-8.1191019013683e-09
14213,-4.448691325430429e-10
14214,-4.7997892644128585e-09
14215,8.673344901843294e-09
14216,-1.3351308315117978e-09
14217,-6.288739904925148e-09
14218,-8.42437793118652e-09
14219,1.8722922991717553e-08
14220,1.8307674161445153e-09
14221,3.033132474988802e-09
14222,-4.286866465499279e-09
14223,-2.4769442211438366e-09
14224,4.8360107549394085e-09
14225,-4.759751577412853e-09
14226,-3.0244289434344505e-09
14227,-8.471433907940674e-09
14228,7.497858666018206e-10
14229,-6.812168558086017e-10
14230,2.7763956399262234e-09
14231,-7.840312678100148e-09
14232,-1.1704839457599527e-09
14233,-2.3363609707359483e-09
14234,-9.061176116816587e-10
14235,-6.739005956613562e-11
14236,-2.0067515300530156e-09
14237,-7.0639130535605725e-09
14238,1.0627104362784185e-08
14239,5.087059130832735e-10
14240,-5.671632740713332e-10
14241,-1.0483003819949717e-11
14242,4.2879473208157816e-09
14243,2.074473023729573e-08
14244,9.120054984490805e-10
14245,4.143863766048445e-09
14246,1.2665086595574768e-09
14247,5.3915633940271135e-09
14248,9.90210615689864e-10
14249,-3.04563861199535e-09
14250,-1.8258281438823627e-08
14251,5.49649878209334e-09
14252,-2.2391682867257096e-09
14253,-2.0481842547603586e-09
14254,-3.045217349603036e-09
14255,-7.694184997281582e-09
14256,-1.11609994091633e-08
14257,-5.953769959992152e-09
14258,-9.17170379438478e-09
14259,-4.525422685629831e-09
14260,1.1282211113215048e-08
14261,-1.5844751910731638e-09
14262,-2.718345487823444e-09
14263,1.794138815681297e-09
14264,-9.64189590781324e-09
14265,-5.275212287367421e-09
14266,7.69507511324391e-09
14267,-8.03659782345813e-09
14268,5.425850161244423e-09
14269,-1.1688718224367247e-09
14270,5.302147481536831e-10
14271,-1.7510598997451607e-09
14272,8.473356851693424e-09
14273,-1.0549713292419736e-08
14274,-1.0096963291487128e-09
14275,4.6977884084045286e-09
14276,4.848638627269152e-09
14277,-3.309334466417014e-09
14278,-9.216572148323518e-10
14279,-2.5156038992428885e-09
14280,3.98710418190306e-09
14281,-5.281077884263474e-09
14282,2.8447168953973494e-08
14283,-1.9036815081030538e-08
14284,-6.460973361033406e-09
14285,2.2817557788419757e-08
14286,1.1611606926105023e-09
14287,-3.805239812096849e-09
14288,1.1808252356433307e-08
14289,8.066410816846264e-10
14290,-4.195942014677861e-09
14291,-1.133540256064073e-09
14292,-1.09009271778177e-09
14293,-2.904760168768779e-09
14294,2.452726140696344e-08
14295,9.543803465390708e-10
14296,-7.49439390014768e-09
14297,-3.976752175336219e-09
14298,-5.617681711427661e-09
14299,-2.899649443345713e-09
14300,-8.010492043130785e-10
14301,-2.332232140973685e-09
14302,1.698887983833357e-08
14303,2.3713740718271266e-09
14304,-8.803750980052239e-09
14305,4.28689553608632e-09
14306,-3.4298182476668485e-09
14307,-3.238143316035679e-09
14308,-1.7336283419390515e-09
14309,1.0694064241882403e-08
14310,-4.3895558084429736e-09
14311,2.1768392048290095e-08
14312,-2.9185226747210834e-09
14313,2.0779110947255774e-09
14314,2.530925644548865e-11
14315,5.421324341747593e-09
14316,3.943672702219899e-09
14317,-2.299174988613312e-08
14318,8.442383152313081e-11
14319,3.8093576355611706e-09
14320,-5.513534071695711e-09
14321,-2.514410843519248e-09
14322,1.3229819010694034e-08
14323,-4.853370095610826e-09
14324,-6.865324372659264e-10
14325,-9.500729541538115e-09
14326,9.549750131856844e-09
14327,6.931345094368329e-09
14328,5.688175241887583e-11
14329,-1.1088233862558914e-09
14330,8.467505645077172e-09
14331,-1.3113987866799687e-08
14332,1.3388243188264542e-08
14333,1.8003161922678393e-09
14334,-6.586723836432531e-09
14335,8.98691997530293e-09
14336,2.817690041860065e-09
14337,2.7768632115555205e-09
14338,7.426876943281656e-10
14339,1.7367219834807997e-09
14340,-6.573701534263329e-10
14341,-2.7422116996113917e-09
14342,1.6270815522374216e-09
14343,-7.746247344658935e-09
14344,-1.1372724049737043e-09
14345,-9.53274390687279e-09
14346,-8.14314875533502e-09
14347,-6.135924055047748e-09
14348,-3.3900339455715605e-09
14349,-1.4051608465186338e-09
14350,2.7300014834454573e-09
14351,-1.1943112360727259e-09
14352,1.2788435620618488e-11
14353,-1.8538461300738957e-08
14354,-6.770950396946284e-09
14355,-4.594145818099375e-09
14356,-4.961396476610746e-09
14357,-2.2809961203762604e-09
14358,7.884371448147344e-09
14359,-7.900851884485817e-09
14360,-1.4795998149028777e-09
14361,3.9293264013085975e-10
14362,4.278071582820707e-09
14363,-6.4043151825421755e-09
14364,4.4415432605780487e-10
14365,1.0574931470338071e-08
14366,-1.225431444621694e-09
14367,4.4845126869617495e-09
14368,8.386881054792769e-10
14369,-4.1500889213656874e-09
14370,4.945628575091558e-10
14371,-1.1626926407404645e-08
14372,7.712420010172466e-10
14373,-4.4099567169504814e-09
14374,-7.306539574093146e-09
14375,-3.979379142554967e-09
14376,-4.531830290563858e-09
14377,2.614666579980158e-09
14378,-1.3305312135150872e-08
14379,2.3812775276086848e-09
14380,5.600896798911361e-10
14381,-5.974452101589287e-10
14382,-2.4172324295692778e-09
14383,1.9367834677650636e-08
14384,1.8345381801468642e-09
14385,-7.785801866395062e-10
14386,2.520904730386777e-10
14387,6.925348721738533e-10
14388,7.207125463652181e-10
14389,-3.5928187381706063e-09
14390,-6.437940586062506e-09
14391,-2.8158282618751073e-08
14392,2.2304021035452255e-08
14393,1.8397230468983966e-09
14394,-1.2118524970111961e-08
14395,-1.807621903734104e-08
14396,-4.495230359211223e-09
14397,-3.435087701217133e-09
14398,1.2789019575528451e-09
14399,-1.642321612633699e-09
14400,7.202648861669474e-10
14401,-9.110647044881552e-09
14402,-4.457705856417182e-09
14403,-4.751952770214925e-09
14404,-1.564193930062458e-08
14405,1.3335639258804257e-08
14406,6.041154142154787e-09
14407,1.7337477685334091e-09
14408,-9.333487518788595e-09
14409,2.664720815864048e-09
14410,-4.898903390557267e-09
14411,-5.311958252570824e-09
14412,-1.884873237254917e-10
14413,4.66865671943035e-09
14414,-6.6013791544423635e-09
14415,-2.828315238277893e-09
14416,7.294896305102298e-09
14417,1.1953014665801201e-09
14418,-2.8795411230212852e-09
14419,-8.053778889466826e-10
14420,1.585137183460487e-08
14421,3.754134836460072e-09
14422,2.189730309784464e-09
14423,7.24278689451806e-09
14424,-5.860529325627027e-09
14425,3.34901668023685e-08
14426,-1.809398680997896e-08
14427,-4.1322071535764377e-10
14428,-2.7440067366642067e-10
14429,-3.2746737167347602e-09
14430,-6.342154975284663e-10
14431,-3.5534641326826727e-09
14432,1.731773656412207e-08
14433,-3.4448456847970515e-09
14434,1.4609412202586418e-09
14435,2.232354531245782e-09
14436,-1.6021183679597611e-09
14437,-6.660411716209641e-09
14438,2.260901315949299e-10
14439,-2.8422441616716297e-09
14440,-7.39138407485542e-09
14441,-6.534510542571277e-09
14442,4.1340043577343353e-10
14443,4.217693806147446e-09
14444,-1.0498469449010022e-09
14445,-8.146412257078607e-09
14446,-2.1308988536010293e-09
14447,3.821370718437868e-09
14448,-3.139749252894716e-09
14449,-2.2973023837340022e-09
14450,-2.692568451470604e-08
14451,2.641219727825925e-09
14452,5.82052492666973e-09
14453,-4.913848644716745e-09
14454,-1.9303225113064613e-09
14455,-2.3325412171108003e-09
14456,-4.79872963100184e-09
14457,1.7898517722381566e-10
14458,-6.900997527712403e-09
14459,-5.514477506377419e-09
14460,7.204128190059535e-09
14461,-6.716300596620377e-09
14462,6.700241895225712e-10
14463,1.0712909847713264e-09
14464,-3.439816712118564e-09
14465,2.570486778176689e-08
14466,-2.576813153294126e-08
14467,9.689406744168757e-10
14468,4.549893736660402e-09
14469,-1.7275398609899088e-09
14470,5.003446371567374e-10
14471,2.083427461799093e-09
14472,-2.3683446657885493e-09
14473,6.213064996787714e-09
14474,-3.1653188246548118e-09
14475,9.850022252799672e-10
14476,-1.6270041149327236e-09
14477,-1.4805848527434395e-08
14478,-9.255638857590988e-10
14479,-5.385399983728029e-09
14480,-1.2706803842245586e-08
14481,-2.794544977273458e-09
14482,4.3332318570787355e-09
14483,3.812225509931554e-09
14484,5.655520797376755e-10
14485,-2.5189876131980342e-09
14486,-7.184511953685975e-09
14487,7.28418956506775e-09
14488,8.462401356206026e-09
14489,3.8205938762650734e-09
14490,3.815345236469374e-09
14491,1.6644774513494092e-08
14492,-3.7169155913690013e-09
14493,-2.842941712159741e-09
14494,-3.6847461119701506e-09
14495,-7.83827804972356e-09
14496,7.109536935705996e-11
14497,8.162463540610097e-09
14498,-3.460315751444065e-10
14499,-1.2840305096219686e-08
14500,6.63600878744489e-10
14501,-4.34244421599218e-09
14502,5.343824982686911e-10
14503,-5.0248237324573384e-09
14504,1.9624730863367113e-08
14505,1.682276222467657e-08
14506,1.4720897201402766e-08
14507,1.4911026992692285e-08
14508,2.094775730918651e-08
14509,-1.1718080148961994e-09
14510,-1.6822008044830659e-09
14511,1.7098723405607742e-09
14512,3.488717276047229e-09
14513,-4.0814169093556104e-09
14514,-3.837123930932708e-09
14515,-1.008004242281787e-08
14516,2.6010716262339215e-10
14517,3.77353322482598e-09
14518,3.0615366317344656e-10
14519,-3.5973120543303055e-10
14520,-3.498710750704109e-09
14521,-5.544412974356027e-10
14522,-6.054653935619877e-09
14523,-3.1642686806809427e-10
14524,-1.1010531515004831e-08
14525,-1.5088037316269362e-08
14526,-1.824841586521392e-09
14527,1.7319747249966458e-09
14528,3.64306900985151e-09
14529,-2.702684443371305e-09
14530,-4.5236075222879154e-10
14531,-1.313089999654158e-08
14532,-4.774106607178426e-09
14533,2.1520371177586647e-09
14534,-1.4245073166424107e-09
14535,-1.2647188798493341e-09
14536,6.526125032824374e-10
14537,-1.2040199556580341e-08
14538,1.4964867916363817e-09
14539,1.227657528394122e-08
14540,1.115850258098914e-08
14541,2.3896648872882956e-08
14542,-2.8800090030785524e-11
14543,-1.927331499629522e-09
14544,-6.780482191588987e-09
14545,3.910375318892293e-10
14546,-2.154794645342368e-08
14547,-3.966136905350927e-09
14548,-3.889952262260921e-09
14549,-1.3598972772381524e-09
14550,5.565461682124484e-10
14551,-1.7396374982961498e-09
14552,1.2295257371132321e-08
14553,7.676003366346876e-11
14554,1.0472501888174307e-08
14555,-3.995914034149672e-09
14556,-5.70841080756494e-09
14557,-4.444856725289811e-09
14558,-3.4426898409866027e-09
14559,-9.495622451209604e-10
14560,8.385092117413184e-10
14561,-2.5108921200909123e-09
14562,6.5048870270722266e-09
14563,-9.410000143305026e-09
14564,-1.6246299526551116e-09
14565,-2.541136815734936e-09
14566,2.882473039235032e-09
14567,-9.147954718393499e-11
14568,3.972343982317244e-09
14569,-9.601389298021787e-09
14570,5.7949037996488894e-11
14571,-2.0842752515113945e-09
14572,5.2606153725561116e-09
14573,1.7256751816461447e-08
14574,3.2352987058220923e-09
14575,5.565306153850954e-09
14576,1.720008040449912e-09
14577,4.6918521331053074e-09
14578,-2.397981771893311e-10
14579,-1.2084079559522158e-08
14580,-4.718661240445995e-10
14581,-2.0395464005776977e-09
14582,-9.046502862012593e-09
14583,-1.6652807891615794e-08
14584,-6.057263630444499e-11
14585,-7.601769739041738e-10
14586,-1.0391519471787079e-09
14587,1.6122635369673525e-08
14588,2.281879645898673e-09
14589,9.558621130919334e-09
14590,-1.6518579167894145e-08
14591,1.5041975619355102e-08
14592,-2.652086993708508e-09
14593,8.529376452431525e-10
14594,-2.2045457539213176e-09
14595,-1.1010295898653953e-08
14596,-7.122445751412143e-09
14597,1.3686172439315575e-08
14598,-3.510633840087692e-09
14599,-1.6320549577257397e-08
14600,-1.1127721097357404e-10
14601,1.918406980541645e-09
14602,-8.035764086756e-11
14603,-8.560452035091469e-09
14604,5.640176787863383e-09
14605,-1.0736873124294117e-09
14606,1.6324092190766931e-09
14607,2.4355710028488845e-08
14608,3.0867353385757833e-10
14609,1.930961991363121e-08
14610,-5.641745638050472e-09
14611,1.0805276506851248e-08
14612,5.131134740481231e-09
14613,-2.2947715770866454e-08
14614,-1.3262761476976525e-09
14615,-1.7395173730278771e-09
14616,-3.562645158486085e-09
14617,-1.2831762245472794e-09
14618,8.65514588545351e-10
14619,-5.099807809678614e-09
14620,-7.284454621769587e-09
14621,-8.559931128449421e-09
14622,-3.387496307414255e-09
14623,-5.201147666237811e-09
14624,3.6473815467496554e-09
14625,-2.0961308479961324e-08
14626,1.4734331757910656e-09
14627,-1.932533906705825e-08
14628,4.53059393087144e-09
14629,-7.141479778188927e-09
14630,-6.699059100871387e-09
14631,1.9860506738599065e-09
14632,-1.5615258039050779e-09
14633,-3.6836794393851465e-09
14634,-3.1682671607367963e-09
14635,1.0523985410996013e-09
14636,-2.3635689488031855e-09
14637,1.6897126268831879e-09
14638,8.144910025668902e-10
14639,-5.122690871890269e-09
14640,2.3141421529985776e-09
14641,-4.600750623288209e-09
14642,-2.8659259688188956e-09
14643,1.90300486126135e-09
14644,-1.3614857752887077e-08
14645,-3.7071991285156826e-10
14646,-4.839055026453614e-09
14647,5.131778433676667e-09
14648,-6.254344420728938e-10
14649,-7.366969552555317e-10
14650,3.69103032600783e-09
14651,6.118774288128197e-10
14652,-3.0529704335305087e-09
14653,-4.966450378138739e-09
14654,-1.4192160919445455e-08
14655,-1.6222928608969185e-08
14656,9.707510609608869e-10
14657,-5.744999597097678e-10
14658,4.3190306032138696e-08
14659,1.3483871363696087e-09
14660,8.098976401571356e-09
14661,-4.1225769901517075e-09
14662,-2.278877394626577e-09
14663,-9.008131462834966e-09
14664,-1.0107017262868672e-09
14665,-4.3452398319123697e-10
14666,4.8713892363743065e-09
14667,1.4564450200574816e-08
14668,-3.0543147268771386e-09
14669,-7.971220596712233e-10
14670,-3.769685876410677e-09
14671,-1.5086358837566132e-09
14672,1.1228722097637926e-08
14673,-7.237610448058859e-09
14674,-1.9881068528278928e-10
14675,1.1278792192748332e-08
14676,-4.159836417716388e-10
14677,-1.8744255721761305e-08
14678,6.310985041503914e-09
14679,1.5005760255892384e-08
14680,6.313030743691914e-10
14681,-6.43759244010731e-09
14682,2.592093920878641e-09
14683,-1.5606138622320935e-08
14684,-1.2830263087869298e-08
14685,-1.0243000550550534e-08
14686,-4.684771698869759e-09
14687,8.017598342914012e-10
14688,1.0247356857112389e-09
14689,6.713259670460866e-09
14690,2.8709371219675647e-08
14691,2.695725788592076e-09
14692,-2.074064865616618e-09
14693,1.6812445576716598e-08
14694,2.3807388575795544e-10
14695,-8.308569558462208e-09
14696,-6.431208045944717e-10
14697,2.1926927849004597e-08
14698,-2.5257827984853426e-09
14699,3.9305256904308595e-09
14700,-7.790689698455758e-09
14701,6.867525471040144e-09
14702,-4.555028677868145e-09
14703,-9.041682065637136e-09
14704,6.126880015249799e-10
14705,-1.245314795304754e-09
14706,1.3899769183721084e-08
14707,-7.892357405802394e-09
14708,7.42023648476075e-10
14709,2.9167642291311437e-09
14710,4.9195768764453285e-09
14711,9.67194463243555e-09
14712,8.596569310172235e-09
14713,4.522266155004954e-09
14714,3.135162855082888e-09
14715,-1.2156901382209063e-09
14716,-3.581958606058497e-09
14717,-7.76308114400879e-10
14718,3.789704108714331e-09
14719,3.2534329880063656e-09
14720,-1.6204312518108422e-08
14721,-8.757644034138601e-09
14722,1.3082056023449102e-08
14723,1.0181576812520704e-08
14724,-8.596878246667581e-09
14725,1.8509136071667328e-09
14726,-2.4851108746843336e-09
14727,1.8504084427716372e-08
14728,4.723373124903652e-09
14729,-9.970980203623161e-09
14730,-8.963031996556031e-09
14731,4.46006828908562e-10
14732,2.6116421010191855e-09
14733,-7.015250767981269e-09
14734,-7.774070082623066e-09
14735,-4.822798015931242e-09
14736,-3.5569396876926632e-09
14737,2.907946030124342e-09
14738,7.640075748862995e-09
14739,8.212262144474775e-10
14740,1.970599991257463e-08
14741,2.287859530109913e-09
14742,1.193412364287976e-08
14743,-1.9827117234398816e-08
14744,-8.90038323550698e-09
14745,-2.43932798606516e-09
14746,-9.215269349280517e-09
14747,2.0057999808077648e-09
14748,-3.2984465267570057e-10
14749,3.3206948673866383e-09
14750,6.0096408343092e-09
14751,4.938439816166301e-09
14752,-1.331448164367203e-09
14753,9.038425109981285e-09
14754,-3.3417458741065745e-09
14755,-4.397572898743774e-10
14756,3.789222171798873e-09
14757,-1.1846164700472856e-09
14758,-5.311715590350683e-09
14759,-1.741816867672183e-08
14760,-1.3361390069166922e-08
14761,-2.0522324281438943e-09
14762,1.1647620733888483e-09
14763,-8.368077244738127e-09
14764,5.9136676005228914e-09
14765,2.8860578208663907e-09
14766,6.884871442351888e-10
14767,1.214614233986981e-08
14768,-4.3106713616542825e-09
14769,-7.602043302528608e-09
14770,-6.241444167179583e-09
14771,1.5584813061201602e-10
14772,6.260393102180871e-10
14773,2.769119766765936e-10
14774,7.056787533435343e-10
14775,4.700597590338478e-09
14776,-5.605495012334563e-09
14777,-1.9885224332444165e-09
14778,-6.601163841499543e-09
14779,-6.210754411558966e-09
14780,-9.778483940207103e-10
14781,6.161136715948645e-09
14782,-4.873546563067289e-09
14783,4.912706179505191e-09
14784,-6.483835380620135e-09
14785,2.572456313239603e-09
14786,-8.61697097368422e-09
14787,2.8727355094748985e-09
14788,-1.8988185896075247e-09
14789,-2.373736295901244e-09
14790,-4.3331262135459514e-09
14791,1.4127036554972643e-09
14792,4.149793042405155e-09
14793,-4.226085768926492e-10
14794,-6.62924807559886e-09
14795,-1.1570018733629854e-09
14796,1.8000673346436921e-09
14797,-2.8565189744697645e-09
14798,-1.1829501539162582e-08
14799,4.930170305136585e-09
14800,-2.3903791326479613e-09
14801,-6.323809766849502e-09
14802,1.1406011577579197e-09
14803,2.7310787389415656e-09
14804,1.1045787467173081e-08
14805,-8.582158321038435e-10
14806,6.761363609670676e-10
14807,-8.406476438538451e-09
14808,-8.07130959359056e-09
14809,-9.685129806298931e-09
14810,-2.0849987784472233e-09
14811,-6.269311818152727e-09
14812,-3.346396072786712e-09
14813,-3.2975124577938038e-09
14814,6.513509190492901e-10
14815,1.7124855285357244e-09
14816,4.786648436609049e-10
14817,-1.5310185508902208e-09
14818,-8.962932136032565e-09
14819,1.1746344746830917e-09
14820,-5.689028931404497e-10
14821,-7.948628939331981e-09
14822,-2.278227726106556e-09
14823,1.2542997448742864e-08
14824,8.0189552774637e-10
14825,2.0272962698296615e-09
14826,-2.0071397455734208e-09
14827,5.965525061562304e-09
14828,-1.7321495096052708e-09
14829,4.176800454307007e-09
14830,-4.1157193703983493e-10
14831,-9.91583880620124e-09
14832,-6.4537760655937285e-09
14833,-4.021033994312992e-09
14834,2.522675479369025e-09
14835,-3.3969344939416903e-09
14836,1.2217811351484729e-08
14837,1.02822986191518e-09
14838,-2.024735285966234e-09
14839,-3.880720540114743e-09
14840,-8.398677493194407e-09
14841,-9.483669253520387e-09
14842,4.400986980652893e-09
14843,-2.186956532644788e-09
14844,7.2049226088835715e-09
14845,4.208770101097928e-09
14846,-1.2976213664450474e-09
14847,4.6687204959497355e-09
14848,4.923180338390814e-10
14849,-2.7734226850881605e-09
14850,-5.934407364455728e-09
14851,9.823086949724863e-09
14852,1.7889092504964477e-10
14853,-1.1137914401178919e-08
14854,-4.034239342195873e-09
14855,-8.003995429656527e-10
14856,-5.4137316688310026e-09
14857,4.561250219707351e-09
14858,3.575271147827514e-08
14859,-7.358677693254004e-10
14860,-5.678225686129008e-09
14861,-1.0333247227803011e-09
14862,-8.619122084748689e-10
14863,-2.1040591558267645e-09
14864,-3.8409458993744305e-08
14865,-5.6551073102652455e-09
14866,7.433507885202125e-09
14867,1.8257157863085248e-09
14868,7.914162328246978e-10
14869,-7.813595836737281e-09
14870,-1.2956227484880364e-09
14871,3.118519270282991e-10
14872,2.2532133334117886e-08
14873,-3.137168964759501e-10
14874,1.5024726777626173e-09
14875,-8.631004322035303e-10
14876,1.4537572416575048e-09
14877,-4.389929502595962e-10
14878,1.0354021889565654e-09
14879,1.1533168143086134e-09
14880,-4.824179666652618e-09
14881,-1.6171032877716785e-08
14882,-1.8532738193793377e-09
14883,-1.0459567147245355e-09
14884,-1.752580732994061e-09
14885,4.701054922214383e-10
14886,-1.1781272548605887e-09
14887,1.3745056646463225e-08
14888,-8.142022932156201e-09
14889,-8.442690788007986e-09
14890,7.417935258373428e-09
14891,-9.385157771666864e-10
14892,-1.3484833226856082e-08
14893,3.335674219962159e-08
14894,-1.3604416226738005e-08
14895,6.144331353114072e-10
14896,9.54941767502569e-09
14897,1.1238685137500555e-08
14898,7.669816083823602e-09
14899,-1.2366395119701751e-09
14900,-5.8043493180437646e-09
14901,1.92515338555389e-09
14902,-4.862414318252581e-09
14903,2.6114237425460604e-08
14904,-3.387978448678029e-09
14905,-2.6880777976482716e-09
14906,-1.0520315454339645e-09
14907,-7.908174107924334e-10
14908,-1.3450179429480484e-09
14909,1.1395440161208358e-08
14910,-1.2269317531199842e-08
14911,2.7144503947501345e-10
14912,-9.484027616692249e-10
14913,2.6363897020179465e-08
14914,-3.3634836121721484e-09
14915,-8.464417762716293e-10
14916,-4.9716989239415084e-09
14917,-1.5878463130723398e-09
14918,-3.791247712359064e-09
14919,1.3121848084777507e-09
14920,-8.627447341548484e-09
14921,4.3021663224841086e-09
14922,-5.146133029182146e-09
14923,-4.521943302466622e-09
14924,3.2494309620767727e-09
14925,5.055745557154631e-09
14926,-8.847986093642258e-10
14927,-5.26297764611359e-09
14928,-2.649674105133071e-09
14929,8.126338390093235e-09
14930,-3.795186505024789e-09
14931,7.919520977173697e-10
14932,-6.236696209335187e-09
14933,-2.4865234717196342e-09
14934,-3.0225790352865474e-09
14935,1.627928868152751e-10
14936,1.8624738969026926e-08
14937,1.9635531266150603e-09
14938,-9.518128335411381e-09
14939,-4.770118892886747e-09
14940,-1.4937403876857043e-08
14941,1.8560570278721917e-09
14942,-3.2429092555994003e-09
14943,-1.4324083217801822e-08
14944,3.5781725605035274e-08
14945,-7.717919610946585e-10
14946,1.4086467987139313e-09
14947,1.6427106942738443e-10
14948,3.348904036054389e-09
14949,-5.638183399870721e-09
14950,-6.514028314063039e-10
14951,-4.087986420592916e-09
14952,-4.894939500485662e-09
14953,7.514398342995065e-10
14954,-5.778314676654945e-10
14955,-1.0624964014948261e-08
14956,-9.368491614842899e-09
14957,2.932506583062563e-09
14958,8.768752803722158e-09
14959,2.0800594490755906e-08
14960,2.603629362118089e-11
14961,5.43804820774598e-09
14962,5.351026476461529e-09
14963,-1.0008956515351905e-09
14964,-1.4855824400872546e-09
14965,-1.2503517581714311e-09
14966,1.20857062288657e-09
14967,-6.258189104693999e-09
14968,-4.07555674101569e-09
14969,-3.33215383888437e-09
14970,-7.2416885763056955e-09
14971,3.1088721403649346e-09
14972,-8.483238498526646e-09
14973,6.848087331616139e-11
14974,2.4640285135255153e-10
14975,-2.054647612130801e-09
14976,-3.972884084026449e-09
14977,5.6797709177364505e-09
14978,7.289669317579671e-09
14979,2.607866820472123e-09
14980,-1.193512704429119e-08
14981,-9.410536095508272e-10
14982,-9.168821730718231e-10
14983,8.11042041559477e-09
14984,-2.2656811162834605e-08
14985,-1.120053072027975e-08
14986,-6.467050233610349e-09
14987,9.41679802161834e-09
14988,-5.307751305407428e-10
14989,-1.2296178104565188e-09
14990,2.6544100561551164e-09
14991,8.543788978357627e-09
14992,-7.62323527536891e-09
14993,-1.4682832401010932e-09
14994,-4.368790899774807e-09
14995,-6.826723171874275e-09
14996,-6.9191538842340716e-09
14997,-5.387871965123325e-09
14998,9.134250454839072e-09
14999,3.5350943349327428e-09
15000,-3.1460727675120146e-09
15001,-5.598716722359524e-09
15002,1.1170381228027195e-09
15003,6.583758523507926e-10
15004,1.0392386796182393e-09
15005,1.3178434580891038e-09
15006,-8.64248393221894e-10
15007,-6.428334195570405e-11
15008,1.49846464798054e-08
15009,5.856787249571387e-09
15010,4.655304589870861e-09
15011,1.6418071116955681e-09
15012,-2.428137701196944e-09
15013,5.209160748901002e-09
15014,-2.3375766269748973e-09
15015,3.1941329039574948e-09
15016,-2.5572753350153228e-09
15017,-7.895439033263904e-11
15018,-3.848514296267595e-10
15019,2.33202038558972e-09
15020,-1.4927041741821835e-08
15021,3.605748530565639e-10
15022,-6.091784836349694e-09
15023,2.545437447182795e-10
15024,-1.5319633762021637e-08
15025,-1.5582529158157375e-09
15026,-9.411116800553646e-10
15027,-3.311746081672443e-09
15028,-2.8141918706965746e-09
15029,-3.6370328802089522e-09
15030,6.7660365196300325e-09
15031,-4.5574120985164166e-09
15032,-2.3682779462935656e-09
15033,2.5654165962757737e-09
15034,-2.4496094491637916e-09
15035,1.282199130346576e-08
15036,-1.6613063692628604e-09
15037,-1.9152815373275237e-08
15038,-8.617793831405083e-10
15039,1.1561113418889913e-08
15040,9.241447130636853e-09
15041,-1.68899325350582e-09
15042,1.8545420737924433e-08
15043,-7.940456161884945e-09
15044,1.5135895069221756e-08
15045,9.261655675499488e-09
15046,7.2244299130319e-09
15047,-3.526772069470307e-09
15048,1.6350025036152835e-09
15049,1.2178573453165486e-09
15050,6.685473008281327e-09
15051,5.381227416754231e-10
15052,-2.2011944065562357e-09
15053,1.185653393232255e-08
15054,1.029364607208193e-08
15055,-6.689502215549769e-09
15056,1.511119114030043e-09
15057,-1.678818345991568e-09
15058,1.0475450798538889e-08
15059,-3.104474744180168e-09
15060,-1.6523144691186659e-09
15061,-4.786990199936445e-09
15062,1.1695508389962103e-08
15063,3.6461598246252707e-09
15064,-3.991215349842846e-09
15065,-1.7030530549963084e-09
15066,-5.124095602317737e-09
15067,3.753069602824906e-09
15068,4.5234023896883825e-11
15069,-1.0688390785217227e-08
15070,1.177701988842216e-08
15071,8.884604588381025e-09
15072,-1.035811114142375e-09
15073,8.422955652113263e-10
15074,2.4398874155366377e-09
15075,-6.642635815194871e-09
15076,-1.7091996438833573e-09
15077,1.7505298961822986e-09
15078,-6.9832421391097584e-09
15079,8.491787998171126e-11
15080,-8.045146394817496e-09
15081,-2.256520664980458e-09
15082,8.747207506865745e-09
15083,5.0413580482806615e-09
15084,-2.1869020525849636e-09
15085,-1.1353362225878806e-08
15086,-2.927107538400341e-09
15087,-1.0722955973188967e-09
15088,-1.3989107064960053e-08
15089,-1.0411322136452347e-08
15090,1.29890008100807e-08
15091,-8.214247015977701e-09
15092,-5.806570240177446e-10
15093,8.243315521098535e-10
15094,-2.5872684739273195e-08
15095,5.143615438481973e-09
15096,8.338551053941576e-11
15097,1.0064452173833708e-08
15098,1.881307950336275e-09
15099,9.778648860207089e-09
15100,-2.0095928409925792e-09
15101,-5.238542441654661e-09
15102,-3.4587464945387906e-09
15103,3.548047749352244e-09
15104,-2.4832765446228002e-09
15105,8.12854396546086e-09
15106,-5.4996203280708995e-09
15107,-3.420265647198755e-09
15108,1.4705870456120325e-09
15109,-1.5775050882642427e-08
15110,2.875803354506321e-09
15111,1.1668399859495896e-10
15112,1.7762949423146014e-10
15113,-8.331680966954673e-09
15114,5.439878734263133e-10
15115,2.3424360415758695e-08
15116,2.119234757128886e-08
15117,-1.2079780290374187e-09
15118,-7.354973409212785e-10
15119,-6.94557287828837e-09
15120,-3.902554422692096e-09
15121,4.212549878678262e-09
15122,-3.6060710126749957e-09
15123,-1.0434160315424233e-08
15124,1.7681186272769862e-08
15125,3.4605106458020004e-09
15126,6.878300059699623e-10
15127,5.062206837249937e-10
15128,3.929779837314715e-09
15129,-3.4132996568207966e-09
15130,1.311416803895961e-08
15131,3.240227921066297e-09
15132,-2.3979436927320247e-09
15133,1.6875580076908544e-08
15134,3.1286189138710822e-09
15135,8.491634926154952e-09
15136,-6.977131006671346e-11
15137,6.723984369318886e-09
15138,8.668720597709874e-09
15139,-5.774536868262134e-09
15140,9.239601444823591e-09
15141,1.6965120177324556e-08
15142,1.220703012094614e-08
15143,1.1261295029666806e-11
15144,1.7689130713386976e-09
15145,-2.264064691670854e-09
15146,-3.3300839450116527e-09
15147,-3.496897983149987e-09
15148,-2.683878430932165e-10
15149,-5.9215323638100606e-09
15150,-1.0198014106214435e-08
15151,7.969859220658886e-09
15152,-5.063094539829169e-09
15153,-2.2404068102686916e-09
15154,1.0667099060986628e-09
15155,-1.0903591963202586e-09
15156,5.700105075034111e-09
15157,-1.251277918992555e-09
15158,-3.6993064265948996e-09
15159,3.3802391480932416e-09
15160,1.363246278229e-08
15161,-5.962500056881779e-09
15162,4.439842221018306e-10
15163,1.4933196594733528e-09
15164,1.359716936754163e-09
15165,2.6641572846804696e-08
15166,1.1997444071417575e-08
15167,4.872663133779043e-10
15168,-4.48730648081133e-09
15169,-9.31561876403069e-10
15170,-7.540789634910488e-09
15171,1.148514062631692e-09
15172,-6.870536061903406e-09
15173,5.757910821560302e-09
15174,6.198685722435991e-10
15175,-4.27111313489158e-09
15176,-9.973766557731295e-09
15177,1.005188426568741e-08
15178,7.469591275349395e-10
15179,4.735490538399953e-09
15180,5.931389810517405e-09
15181,-1.3872114214182118e-09
15182,1.8571167740448038e-09
15183,-1.0964096780683143e-08
15184,9.389334121605204e-09
15185,-8.922190679919732e-10
15186,1.9934853129494075e-08
15187,-4.230977387916125e-09
15188,-7.650674319965596e-09
15189,-6.026868762476361e-09
15190,3.17638384474917e-08
15191,8.979043337284055e-09
15192,-5.4416889633449356e-09
15193,-3.734235806670785e-10
15194,1.4007425304763717e-08
15195,-2.162665291381392e-09
15196,-6.576278667096201e-09
15197,-1.5085632641174433e-09
15198,2.4327592634289736e-09
15199,-1.8156882616313318e-09
15200,1.8369651813299422e-10
15201,-4.3856015915692825e-09
15202,-1.1144851852753237e-09
15203,-1.605209717069798e-08
15204,-8.86535878420076e-09
15205,8.744792502297664e-09
15206,-6.941971202775266e-09
15207,3.9126864381323704e-09
15208,-2.8017015529073087e-09
15209,-3.8798882249611335e-09
15210,1.7031985357546495e-08
15211,-1.0645743025338686e-09
15212,-8.802125781104376e-09
15213,7.7153884983123e-09
15214,4.217052793164668e-10
15215,2.2724731128422063e-08
15216,-2.741037041769388e-09
15217,-4.4829058887730896e-10
15218,1.6199617925396928e-08
15219,-7.739929403720184e-09
15220,-4.380795050063743e-09
15221,-7.459421878450593e-09
15222,3.2876642047025155e-09
15223,2.9453910175864668e-09
15224,-3.0920481165501016e-09
15225,-6.859747992990915e-10
15226,-3.480628470000165e-09
15227,1.0656723203798984e-08
15228,-7.111434262596851e-09
15229,-5.954048106621184e-09
15230,-3.213984925928355e-10
15231,2.4987645159392597e-08
15232,2.4639925263339506e-09
15233,9.32561934570156e-10
15234,-1.1437561800798701e-08
15235,-6.534242865117781e-09
15236,-1.0616308090165476e-08
15237,-2.0921214573303977e-09
15238,4.0449901429034364e-08
15239,-2.543545607001429e-09
15240,-1.4983555810834361e-09
15241,1.735042142230011e-09
15242,-2.4884132488520713e-09
15243,2.7557622735263545e-09
15244,-1.5301844994098312e-09
15245,2.450678858845768e-09
15246,2.978195596462162e-09
15247,-1.4875069431519007e-08
15248,-1.3115773659065393e-08
15249,4.565081068555987e-09
15250,1.3289364133238942e-08
15251,-2.5501118295609942e-09
15252,-9.641672048563032e-09
15253,-1.667428324425588e-08
15254,1.7342303552444999e-09
15255,9.981360180750497e-09
15256,2.269677848388531e-09
15257,2.129659733136916e-09
15258,-1.2380792381906465e-08
15259,1.095315705442169e-09
15260,1.1100009247256047e-08
15261,2.076805537619327e-09
15262,-3.690482164275914e-09
15263,8.207740488127063e-09
15264,-2.7997801854090767e-09
15265,-2.2891472230434577e-09
15266,1.9032120803914027e-10
15267,-2.1522058513444583e-11
15268,-4.488191091611844e-09
15269,1.5455528308179344e-08
15270,9.081756947232882e-09
15271,-2.067765041451675e-09
15272,-1.665089454800002e-08
15273,-9.319986814620345e-09
15274,8.277462880522243e-09
15275,-1.3092086381772294e-09
15276,2.9228502357793976e-08
15277,-4.937290225255229e-10
15278,4.528736896900632e-09
15279,-2.1492261920866063e-09
15280,-1.2712081969366984e-09
15281,-5.559271011866641e-09
15282,1.8422134465810568e-10
15283,-5.999319127728274e-09
15284,6.061716518205961e-09
15285,-1.9167900229862495e-08
15286,4.8187964966847375e-09
15287,1.5469504234790988e-09
15288,-6.050823521170553e-10
15289,-4.178901672530737e-09
15290,-1.5086442379163475e-09
15291,6.949944786023769e-09
15292,1.077158848873901e-08
15293,-9.423636961313804e-09
15294,2.6718308557593117e-08
15295,-4.7143921342874075e-09
15296,-7.334719909634356e-10
15297,1.2779388500433328e-08
15298,9.253122281235217e-09
15299,3.7057737497493362e-09
15300,5.500026873010624e-09
15301,-5.883936622947432e-09
15302,-2.4350900454752606e-09
15303,-4.867337565018726e-09
15304,-6.400357822984869e-09
15305,4.247153403861127e-10
15306,-4.2044471476483034e-10
15307,-1.3166388580353916e-08
15308,-9.993937616335646e-09
15309,-1.0351210483031404e-08
15310,-1.1765043588680843e-08
15311,2.6592023008356584e-09
15312,-1.1153565619433039e-08
15313,-8.391215749848382e-09
15314,-1.68218719251832e-09
15315,2.0465029790352824e-09
15316,-1.1598646478940455e-09
15317,1.4976190517489216e-08
15318,3.040908888465497e-09
15319,6.866335730161347e-10
15320,8.652955491492192e-10
15321,-1.5969345338063356e-09
15322,-5.890032579761966e-10
15323,-1.659102311854232e-09
15324,1.3463486829345975e-08
15325,-6.0842162506989845e-09
15326,-9.295714440046514e-09
15327,2.9041615986042776e-09
15328,-2.748349730544214e-09
15329,5.023350823389366e-09
15330,-8.04328567744099e-09
15331,-1.1544344012910725e-08
15332,6.761908221584178e-09
15333,1.9616231662946233e-09
15334,3.571371000983129e-09
15335,1.6433285788458747e-08
15336,3.4037851889491363e-10
15337,-4.11838364626043e-09
15338,2.2028503741844334e-10
15339,-5.663009290996796e-09
15340,-3.4370531411201078e-09
15341,-7.758939810493015e-09
15342,2.9885832409316858e-09
15343,9.4298554371734e-09
15344,-2.6567380563463903e-08
15345,1.114753654562308e-08
15346,-2.5319680971444368e-11
15347,-3.2399722058927758e-09
15348,2.688014670411161e-10
15349,-4.8575691541326146e-09
15350,2.508211153532242e-10
15351,-1.2571483716151069e-09
15352,-5.828822062656699e-09
15353,-7.576177405407718e-10
15354,1.624913044658203e-08
15355,1.5359996915904566e-08
15356,-1.7394212483462833e-09
15357,1.409079553698661e-08
15358,-6.382992758142961e-09
15359,-4.102119616958216e-10
15360,-9.220202336461015e-09
15361,-5.178395896265335e-10
15362,-8.031879122873426e-10
15363,-3.627239827680831e-09
15364,-1.2843556833515592e-08
15365,4.70183084938094e-09
15366,2.8361437999286913e-09
15367,-3.519150393354373e-10
15368,6.637279470216995e-09
15369,-4.104807654926413e-09
15370,-1.5062171340977637e-08
15371,7.923895337393878e-09
15372,-3.978251824238048e-09
15373,-1.082254905102394e-08
15374,-3.1389990844438823e-09
15375,-9.102641163437467e-09
15376,1.8811744534379498e-09
15377,-2.0346522864905935e-09
15378,2.854294711423146e-09
15379,-1.7281271056786923e-10
15380,-3.737102092170544e-09
15381,9.699308981040986e-10
15382,-2.654223637061859e-10
15383,-2.1104497965368645e-10
15384,1.3563967942065318e-09
15385,-2.612536884060231e-09
15386,1.6320316255043e-08
15387,-5.184309377838589e-09
15388,-8.191067607174033e-10
15389,6.687522862899532e-09
15390,-1.3693504829974019e-08
15391,3.1810470506092034e-09
15392,-6.544689443066864e-10
15393,3.993163886311414e-09
15394,2.7776969823032363e-09
15395,-1.0475477085397488e-09
15396,-4.8270535278280975e-09
15397,-3.232721403344998e-09
15398,-1.2160884397070285e-08
15399,1.2618395525592375e-08
15400,1.842700222936656e-08
15401,-2.1954263309115437e-09
15402,-3.4518098884518877e-10
15403,-1.373802358095296e-09
15404,-6.837588248945756e-09
15405,-6.383347562882722e-10
15406,-2.1619110576698423e-09
15407,1.0210432108184387e-08
15408,-1.7230834455898593e-09
15409,4.740330452413786e-09
15410,-6.929852726376907e-11
15411,-5.217573776311472e-09
15412,1.8058797184627085e-08
15413,2.529740507774429e-09
15414,-4.871990923833179e-09
15415,1.9158854536678305e-08
15416,-4.521079134784098e-09
15417,-3.1567952915552145e-09
15418,1.5158802297196376e-08
15419,-5.525948439516998e-09
15420,3.1468836107256983e-09
15421,-5.108198510990895e-09
15422,-1.0920620524733672e-08
15423,-7.639365602614275e-09
15424,2.3792988590555602e-08
15425,-1.1426165374380551e-08
15426,9.657397412122986e-09
15427,1.4454770925043703e-09
15428,2.1821351734051196e-08
15429,7.491587642844119e-09
15430,2.7250241604563254e-09
15431,-6.394256589828018e-10
15432,-5.7331828364589015e-09
15433,3.862505190492756e-09
15434,-6.499998351330145e-09
15435,1.768699120928526e-09
15436,5.185862039446481e-10
15437,4.0094262192153534e-09
15438,-1.6395732544240504e-09
15439,-2.9240170974318738e-09
15440,-2.5863541488230936e-09
15441,9.457490968989691e-09
15442,-1.582705038070821e-09
15443,8.215827932448688e-09
15444,2.018262125895485e-09
15445,1.8721775403340526e-10
15446,1.2220935960585077e-09
15447,-3.837385216153363e-10
15448,-6.462134561319459e-10
15449,-1.0089898398488947e-08
15450,-3.379784932404556e-09
15451,-1.1149950957404771e-08
15452,4.1272507922815186e-10
15453,6.947175657928106e-09
15454,-1.4069128534151468e-09
15455,2.6116375019733733e-09
15456,-7.2110971183662604e-09
15457,-9.594483579040171e-10
15458,9.306829360478747e-09
15459,3.713930599718385e-09
15460,-8.310742461941893e-09
15461,-9.552299300469656e-10
15462,-2.908009430376901e-09
15463,-1.7059099347268105e-08
15464,-9.655713084933995e-09
15465,2.1178030274823998e-08
15466,-5.985645253532356e-09
15467,3.92538704833299e-09
15468,6.293071184903125e-09
15469,-1.3439951223927714e-09
15470,3.3494569693791526e-09
15471,4.59210147672451e-10
15472,-2.7948575179529543e-09
15473,-9.625497950969453e-10
15474,-2.5013484318502335e-09
15475,-7.990678225580245e-09
15476,-1.3117611830294802e-08
15477,-3.1717617805611435e-09
15478,9.698319769632567e-10
15479,-2.151147278869449e-09
15480,-1.2212049996635208e-08
15481,3.6484315785906803e-09
15482,3.120765528704413e-09
15483,-4.372088515289923e-09
15484,1.0482527735417315e-09
15485,4.8451591770162895e-09
15486,6.275417266875145e-09
15487,-5.770325629432745e-09
15488,-1.5743636740141825e-09
15489,-1.8706367153701894e-09
15490,-1.560751401485029e-08
15491,-1.611152114018689e-09
15492,9.225444652467975e-09
15493,-5.427923886526374e-09
15494,-1.9336269983037754e-08
15495,-4.820114819644439e-10
15496,-1.5836154690281192e-08
15497,2.816313316580119e-08
15498,-2.7118566359430226e-08
15499,4.08114386695147e-09
15500,1.3662388606835242e-08
15501,2.4115771442025487e-09
15502,1.9192645817709304e-09
15503,1.2919096830067348e-08
15504,1.1518570093670203e-08
15505,-2.137386863007892e-09
15506,-4.448326690312982e-09
15507,-5.732080552151308e-09
15508,-2.912180831402483e-09
15509,3.904371723715427e-10
15510,-2.083129496545268e-08
15511,-1.6105380989560104e-08
15512,-6.097098018952636e-11
15513,6.232697649910182e-10
15514,-5.233523481758538e-10
15515,-2.947254975735243e-10
15516,-1.1208931549090098e-08
15517,3.5101424321885676e-09
15518,-4.722220056141315e-10
15519,-2.03748982001415e-09
15520,3.3125854467415265e-09
15521,-3.847435300940719e-09
15522,-1.3512267497687326e-09
15523,-9.247226690699338e-09
15524,2.805214140676326e-08
15525,-1.5307151568725217e-09
15526,-1.2707261294395059e-09
15527,-3.1832721559118517e-09
15528,-5.75952143488755e-09
15529,1.4142428833615208e-08
15530,-4.569105221585847e-09
15531,-9.318415448497753e-09
15532,-1.4268361214671052e-08
15533,5.187351848055061e-09
15534,4.458268858757538e-09
15535,-3.6952364168581057e-09
15536,-3.059075661860473e-09
15537,4.65844484592968e-09
15538,-5.036704416759927e-09
15539,1.7913889416954855e-08
15540,-1.6703202294326206e-09
15541,2.9742701263553176e-09
15542,-1.1330311364422981e-09
15543,-4.052115770755135e-09
15544,1.2128628860795088e-08
15545,1.0534036032520457e-08
15546,3.671071473217395e-09
15547,2.4977479319632392e-09
15548,-2.1847254913293774e-09
15549,-1.3768400274356124e-09
15550,1.089542477780916e-08
15551,-1.204605009676666e-08
15552,-3.401739559256115e-09
15553,-1.380860410067297e-09
15554,-2.9654601622555707e-09
15555,-6.2265571462145704e-09
15556,4.449557695266477e-10
15557,-1.7681827196802876e-09
15558,7.082345491250381e-10
15559,-2.2878205021063536e-09
15560,4.818794113050015e-10
15561,-4.154714468149006e-09
15562,-1.4258749137200244e-08
15563,8.13627264514473e-10
15564,-1.1270282154264547e-08
15565,-1.6778811600963713e-09
15566,-7.711570590876742e-09
15567,-1.5523716665499228e-08
15568,3.806155815193345e-09
15569,1.6544692957121225e-09
15570,-4.6103216298581773e-10
15571,-3.01520353164804e-09
15572,-8.813420267095937e-09
15573,-6.5136474558902875e-09
15574,-1.153094668152544e-09
15575,1.8699408148277636e-08
15576,-3.235678776610347e-09
15577,-1.5277544953578564e-09
15578,1.4530755734404729e-08
15579,3.5188953407198443e-08
15580,-3.0863081222806463e-09
15581,-2.6588582499297727e-09
15582,-9.413376525388399e-10
15583,-2.749643718223211e-09
15584,1.9332812908189618e-08
15585,3.544612529050517e-10
15586,3.786635345730803e-09
15587,-7.506036830787689e-11
15588,4.362458494233865e-09
15589,9.756522975967233e-09
15590,2.4695622521011895e-10
15591,-2.5843906982972063e-08
15592,7.037798616073803e-09
15593,1.1296372863420279e-08
15594,1.4740317162756405e-08
15595,-4.13223507148221e-09
15596,-9.077443244659949e-10
15597,6.618870287689256e-10
15598,5.879088992991313e-09
15599,-4.84906317400733e-09
15600,-5.704726285645152e-09
15601,9.315396929583195e-09
15602,-3.790489822313774e-09
15603,7.652830555585552e-09
15604,2.1404216435842425e-09
15605,-3.351346657176218e-10
15606,-1.1436511037739551e-08
15607,4.26300878581857e-09
15608,-4.447980319701561e-10
15609,1.1832160441859213e-09
15610,8.76685935720924e-09
15611,-7.289772757409974e-09
15612,3.3136598599827708e-09
15613,-9.160971704024159e-09
15614,2.322730666235417e-09
15615,-4.872452941532823e-09
15616,-6.926237351509164e-09
15617,-2.3245592510372798e-09
15618,-3.3844668870096536e-09
15619,-4.8504958283238e-10
15620,4.805165900924605e-09
15621,4.319189899484269e-09
15622,9.020481974564976e-09
15623,3.1484808566629933e-09
15624,-2.918658954212834e-09
15625,-1.0499989997136145e-08
15626,-1.7806124143149913e-09
15627,-2.150297358404681e-09
15628,3.6674997367522065e-09
15629,1.077539656743845e-09
15630,-7.291102749852379e-09
15631,1.0017727292342423e-08
15632,1.8168296596420895e-09
15633,-4.744618192805065e-09
15634,-2.37776799325069e-09
15635,9.463886095878373e-10
15636,3.1688184055275576e-09
15637,-1.2065605202510475e-09
15638,-4.774996156164104e-09
15639,-1.0048382240891235e-08
15640,-6.323648249489683e-09
15641,-4.50556178603464e-09
15642,-2.8272261012625853e-09
15643,1.1228527436448654e-09
15644,5.4345502734134425e-09
15645,1.2656781532444472e-08
15646,-1.593677161183208e-09
15647,2.6338071508681504e-08
15648,-2.8457787996176776e-09
15649,-3.50706929612618e-09
15650,9.479178820930306e-09
15651,-7.635895324808079e-09
15652,6.522857002630365e-10
15653,4.176456466299835e-08
15654,-2.587084210354315e-09
15655,5.521571598757924e-09
15656,7.789666351341387e-09
15657,6.039574795738531e-09
15658,3.737682409380727e-09
15659,-1.7397859169416745e-09
15660,2.7721011413599892e-09
15661,9.405005716062746e-10
15662,2.7033667155736376e-09
15663,1.825341512498907e-09
15664,1.3124433946732339e-09
15665,-9.535135667622554e-10
15666,-1.062846193692081e-08
15667,9.208264454599395e-09
15668,-1.0110396011872525e-09
15669,-2.835764158612162e-09
15670,-4.929872854304919e-10
15671,-1.0443143977781054e-09
15672,-6.090131778164313e-09
15673,6.144373419475982e-09
15674,3.2980460867437265e-10
15675,-3.532743943039033e-09
15676,1.9174243174877363e-10
15677,6.343202532987926e-09
15678,6.4121447922911346e-09
15679,-1.1001017488164605e-08
15680,-5.7931768722893025e-09
15681,5.121042835509064e-09
15682,7.583977319929045e-10
15683,4.060034690803756e-09
15684,-5.532769897579306e-10
15685,-4.4935923094348435e-10
15686,-2.826364537594415e-08
15687,-4.219236525034478e-09
15688,-2.2946096571779784e-08
15689,3.391816086168856e-09
15690,-2.1139255188541582e-09
15691,-1.8722493165122346e-09
15692,-1.2034611018410202e-10
15693,2.990874725063934e-10
15694,-2.6511284065422695e-09
15695,-3.441286332444407e-09
15696,-2.766301345536763e-09
15697,-2.1079318272145014e-09
15698,-9.721138854916666e-09
15699,1.0495931943625218e-08
15700,-4.995257883163056e-09
15701,-6.324892925402353e-09
15702,-8.502495444687307e-09
15703,5.280367185397942e-09
15704,-4.817485673702162e-09
15705,-1.7133396954938733e-10
15706,-8.63649467494579e-10
15707,-2.6538936677384076e-08
15708,-1.894559997326217e-09
15709,-4.898059929767267e-09
15710,-1.7717710965222592e-09
15711,1.311139902066248e-09
15712,9.462032518795894e-10
15713,-2.3509547389590024e-09
15714,-1.913186407351069e-09
15715,3.629820653791254e-09
15716,-3.0418225223093723e-09
15717,-8.51967421223395e-09
15718,-7.603634950259546e-09
15719,6.798515024972837e-09
15720,-3.110864505176144e-09
15721,-2.4249976861848425e-09
15722,3.292944152287813e-08
15723,4.201904976782243e-09
15724,-3.22998868345018e-09
15725,-7.8612807691014e-09
15726,-2.748646825518286e-10
15727,-3.0278632269612135e-09
15728,-4.530274383446888e-09
15729,4.126571934443541e-09
15730,-5.620140899505294e-09
15731,1.634393592396696e-08
15732,1.143186311042576e-09
15733,3.942280260684539e-10
15734,8.191139230090814e-10
15735,-2.457425015683216e-10
15736,1.958320229487022e-09
15737,-1.7222589579341197e-09
15738,-6.653435611553404e-10
15739,-2.094473772782092e-09
15740,-4.5291033129834685e-09
15741,-9.144313076391631e-10
15742,4.240938565917749e-09
15743,-1.1026370388823143e-08
15744,1.0426916775091727e-09
15745,-4.5206867377086716e-10
15746,-1.4234589544689405e-09
15747,-4.1147258396723285e-09
15748,-9.166070952158441e-09
15749,3.1009404194168365e-09
15750,-2.338531547262765e-09
15751,-9.735656770485963e-09
15752,5.3762204352742044e-09
15753,-8.624085383340185e-09
15754,-6.168285014644678e-09
15755,3.1623387973141794e-09
15756,-2.735974246391687e-09
15757,-3.085312076266035e-08
15758,4.406493198862701e-10
15759,6.611727325347447e-09
15760,-2.7155090517525864e-09
15761,-3.5199116857454705e-09
15762,-6.61962994504981e-09
15763,8.885282414102504e-10
15764,-7.953381741306827e-10
15765,1.6783490771377926e-08
15766,2.353522320124892e-10
15767,-1.503970222785693e-08
15768,-1.6605100096597597e-08
15769,1.1414228187982709e-09
15770,-5.173751107615993e-10
15771,1.1009819013075165e-08
15772,1.910274194951513e-09
15773,-8.352843813443895e-09
15774,-1.1848582759101785e-09
15775,3.826184608246938e-09
15776,-4.981708671662169e-09
15777,1.1364457975007847e-08
15778,-1.3428168296713845e-08
15779,-1.2155595916824763e-08
15780,-3.630417392504521e-09
15781,1.6386561126987602e-08
15782,1.285421965337937e-09
15783,-1.7360505836962145e-09
15784,-6.425847800655728e-09
15785,1.1541710155233998e-10
15786,-8.190084018331399e-09
15787,3.664510956555589e-09
15788,8.500403263775886e-09
15789,-1.6023445261720962e-09
15790,2.9455348141270448e-09
15791,3.585182625545599e-08
15792,-3.4615765413718524e-09
15793,-7.261634309085765e-09
15794,-1.830825000687694e-08
15795,-6.477245286133409e-09
15796,1.0491093454683548e-09
15797,2.5807617906717687e-09
15798,1.6296349500443044e-08
15799,-4.433857346109559e-09
15800,9.1064109436528e-10
15801,9.77684783810621e-09
15802,-3.8637096617047024e-09
15803,5.997255719202685e-09
15804,-1.0039292127011547e-08
15805,2.5280045458432695e-09
15806,-8.110118218107406e-09
15807,-1.023072366949578e-08
15808,6.0735822638938785e-09
15809,2.2994352149566425e-09
15810,-5.609665264839031e-10
15811,-7.907418114847217e-09
15812,-7.525937380149534e-09
15813,-3.296324930094291e-09
15814,-1.1073329987944428e-08
15815,-9.950168934607538e-10
15816,-7.028005560582816e-09
15817,-7.723524770544533e-10
15818,8.857438859020261e-10
15819,-3.7244038473337186e-09
15820,-2.411705196607599e-09
15821,1.9617090871743028e-09
15822,-3.838125320524874e-09
15823,1.678649325848378e-10
15824,-3.4282531279463208e-09
15825,-6.004970962571625e-11
15826,2.9793372016271963e-09
15827,-1.8376426521020734e-10
15828,1.6114114788443219e-09
15829,-1.6669118521097495e-08
15830,1.2480855047652115e-09
15831,1.1486806762882325e-09
15832,-6.314072013005566e-10
15833,5.524190043640763e-09
15834,1.4056270304681983e-08
15835,4.374786190783637e-09
15836,7.225713764377432e-09
15837,4.624516123139912e-09
15838,-1.0037131795056133e-08
15839,3.3529523185620214e-09
15840,8.550234388982642e-09
15841,-4.082200143991166e-09
15842,3.581878065559798e-09
15843,-8.295827256374445e-09
15844,1.529596271416173e-08
15845,8.248932328030732e-09
15846,7.0702312562872905e-09
15847,-5.727789003761778e-09
15848,-5.088889870431589e-09
15849,-1.693669760395475e-08
15850,-4.609248716571075e-09
15851,-4.217455736093983e-09
15852,-6.513135643895051e-10
15853,-1.1702337460238511e-09
15854,-2.1506936808593306e-09
15855,-7.548935443403516e-09
15856,1.598618162702075e-08
15857,5.289342718585875e-10
15858,-1.2032009968196012e-08
15859,1.4546017270653968e-08
15860,-4.498366744248033e-09
15861,-3.379803444952589e-09
15862,6.887821994452002e-09
15863,-5.789867920555816e-09
15864,-9.460098851638958e-10
15865,-5.127953608417993e-09
15866,-3.059876669883341e-09
15867,-2.9009316064482587e-08
15868,-1.0672038877316515e-09
15869,7.041037895040579e-10
15870,1.1298693246860459e-08
15871,1.1093323260508789e-08
15872,8.155814751475215e-09
15873,5.09570233105856e-09
15874,9.356595360644984e-09
15875,6.3888307283283345e-09
15876,4.262428992249258e-09
15877,2.8395052998593076e-08
15878,3.219137935658124e-08
15879,-7.2836301249926505e-09
15880,3.79085409359738e-09
15881,-4.18554265643971e-09
15882,3.568004109566239e-09
15883,-7.088262448998052e-09
15884,9.745104053194346e-10
15885,4.3457481054228203e-10
15886,1.7164749898350337e-08
15887,-2.3998631294541705e-09
15888,-9.810668553648355e-09
15889,-9.222728021145716e-09
15890,-7.216144389576336e-10
15891,-3.6162683978994756e-09
15892,-8.387847076497239e-09
15893,-3.3471285197198073e-09
15894,-3.1930613326798266e-09
15895,-6.83154620948586e-09
15896,-7.632304454674371e-10
15897,1.4828286012610743e-08
15898,1.871812133679264e-09
15899,-6.953643400698309e-09
15900,3.3507859362646363e-09
15901,-7.294635866982811e-09
15902,3.5447106798421743e-10
15903,1.9507003024469357e-08
15904,-1.462008493832444e-09
15905,-6.919584146843605e-10
15906,-2.304846099010923e-09
15907,-6.133579813570565e-09
15908,6.300278526691146e-09
15909,-4.896655278008571e-09
15910,-5.088404057335199e-10
15911,1.695611533702628e-08
15912,-1.2237384796087271e-08
15913,-3.079810913631142e-09
15914,3.635035400768327e-09
15915,4.377152504322375e-09
15916,9.713590081853213e-09
15917,-1.7421945126140688e-09
15918,3.676753847669662e-09
15919,8.91279134104236e-09
15920,-6.110264424516491e-09
15921,-6.911579245564307e-10
15922,-5.2871687702741865e-09
15923,9.573741970067833e-10
15924,1.6659420738090435e-09
15925,-6.843817587324106e-09
15926,2.9186026011207406e-10
15927,4.223586160411021e-09
15928,-8.594135318994822e-10
15929,-7.813363380997911e-09
15930,1.4903578291711378e-08
15931,-1.418187463414176e-08
15932,-2.6667497149565037e-09
15933,-5.4710436572036e-09
15934,-1.8708438748700426e-09
15935,-5.914799190651844e-09
15936,4.2031110764205635e-09
15937,-3.2737496342931542e-09
15938,2.3172047363825335e-09
15939,-6.18501546594157e-09
15940,3.7103819180176323e-09
15941,-1.0929452771009472e-08
15942,2.4081560197202137e-08
15943,-1.9794398396616853e-09
15944,-1.1462683870906197e-08
15945,-3.902200079540343e-09
15946,-1.3996856051665074e-09
15947,2.3158864573598614e-08
15948,-1.1463977901046875e-08
15949,-3.019429886490326e-09
15950,-4.192186789952916e-10
15951,-1.4731328886210722e-08
15952,-2.6406713877731975e-09
15953,-1.3079441706465313e-09
15954,8.784664676107264e-10
15955,-1.0560479409509184e-09
15956,-2.7698912536444993e-09
15957,-4.286553608938991e-09
15958,3.183730428485605e-08
15959,1.0799718848675581e-08
15960,-5.962618181857635e-09
15961,2.1387278977191194e-08
15962,1.4256611769866658e-08
15963,-1.3918631227101349e-09
15964,-5.4188617278653145e-09
15965,9.819110992967895e-09
15966,-2.447334043669185e-09
15967,-3.6615712162764914e-09
15968,-1.2765260922838798e-08
15969,8.609477651869897e-09
15970,3.104699103124909e-08
15971,-8.19185305256431e-09
15972,1.6353504496969195e-08
15973,1.5640241502152684e-08
15974,1.9902552657383085e-10
15975,-7.2537975511345915e-09
15976,4.053692734325961e-08
15977,-4.996879075224832e-10
15978,1.491629984197703e-08
15979,-1.1386414460439258e-09
15980,2.776351828249671e-08
15981,1.2318537301919862e-08
15982,-3.0937968859028063e-09
15983,-1.268769752877565e-08
15984,5.273961987509268e-10
15985,-1.5820123438089604e-09
15986,-2.4213711500908535e-08
15987,7.757694323805825e-09
15988,5.1447645794769e-09
15989,5.628477644931696e-09
15990,-4.573698976874669e-09
15991,-6.803412960812579e-09
15992,2.7500595339245125e-08
15993,8.878453808183795e-10
15994,5.429630757253605e-09
15995,-1.4595665483819689e-09
15996,5.530961237898065e-09
15997,1.58573682232544e-10
15998,1.683638799038902e-08
15999,-1.0983162048782489e-09
16000,-1.1680736997115038e-08
16001,-2.2036292171341443e-09
16002,-1.5388063531753926e-08
16003,7.516402177400977e-10
16004,-6.356912201521912e-09
16005,-1.8988649857179832e-09
16006,-3.7244667284586715e-09
16007,1.3593995834402008e-08
16008,5.5595920614109115e-09
16009,-6.255625978776314e-09
16010,-3.38334602976989e-09
16011,1.4512286003464461e-09
16012,-1.7704389125620315e-09
16013,1.5287305255429712e-09
16014,8.387692625117918e-10
16015,4.312708224338143e-09
16016,-5.812157268966092e-10
16017,3.360240096347131e-09
16018,-7.171829017467004e-09
16019,4.93103144456135e-09
16020,-2.085765666134687e-09
16021,-5.005744291451907e-09
16022,1.8350720038954141e-09
16023,1.6647152503609417e-08
16024,-1.1084139581317954e-09
16025,-8.050172032800482e-09
16026,1.2694315610598256e-08
16027,-5.563647753059887e-09
16028,6.616254021858953e-09
16029,7.90452103950399e-09
16030,-1.5130277323685673e-09
16031,1.284295139640644e-09
16032,-6.674371658345235e-09
16033,-1.8861209928614694e-10
16034,-2.6897447713749196e-08
16035,-3.2758704168587903e-09
16036,4.7182171666884576e-09
16037,-2.8824547053438886e-10
16038,-2.1549594559948306e-09
16039,-6.772982572249315e-09
16040,-2.635268936077187e-09
16041,5.924804426567782e-10
16042,2.01081438246432e-10
16043,1.545131292131403e-08
16044,-2.0570958478444465e-09
16045,-7.756316179509967e-09
16046,1.0126310948370043e-09
16047,-1.0518915887864927e-08
16048,-2.6393169685629204e-09
16049,-1.7360002887650459e-09
16050,-2.0659745502105167e-10
16051,1.4283537784955774e-08
16052,1.0035002771023768e-08
16053,1.9629912897738937e-09
16054,6.89066985273587e-09
16055,-1.042263279554494e-09
16056,6.08050475633315e-09
16057,-1.0970974013436667e-08
16058,6.001958545670489e-09
16059,1.6629137721456352e-08
16060,8.557885814061966e-09
16061,9.341181556763399e-09
16062,-3.792039479416192e-09
16063,8.96123267936724e-09
16064,-8.326688451976287e-10
16065,-8.050658851744559e-09
16066,1.0370157871499266e-08
16067,1.2815790390874815e-08
16068,-3.018647457707745e-09
16069,-2.51185655530967e-09
16070,4.431427071753404e-09
16071,-2.2281919216491816e-10
16072,6.473278138979825e-09
16073,-5.075952505632805e-10
16074,3.3024412466546843e-09
16075,6.0847838746508195e-09
16076,-7.906115836225006e-10
16077,-2.804358743338899e-10
16078,-3.957269026782115e-09
16079,-7.137004054856372e-09
16080,1.2763706258292541e-08
16081,-7.772536690645923e-10
16082,-1.6469346629241465e-08
16083,5.829246311934651e-09
16084,3.843597711073995e-09
16085,-7.684669341698341e-09
16086,2.418245473802615e-09
16087,1.0851700427246744e-08
16088,1.3150663573185427e-09
16089,1.2431357792297366e-09
16090,6.262560274413007e-09
16091,-5.750708245027141e-09
16092,-6.752411470387268e-09
16093,-4.470774394997821e-09
16094,-3.906145917359736e-09
16095,-6.763789236222051e-11
16096,-1.0062374584934599e-08
16097,1.3506452248327716e-09
16098,5.517250131395897e-10
16099,-3.5103152495498476e-09
16100,4.790702480272099e-09
16101,-1.134419753812048e-09
16102,-7.945281967267009e-10
16103,6.933960056547124e-09
16104,-2.26908304952284e-08
16105,-5.60537823462981e-09
16106,-1.4454644330649806e-09
16107,-4.268687142851469e-09
16108,-8.051933496311726e-10
16109,2.6023822387272637e-08
16110,1.4250628885837939e-08
16111,-9.016684831245826e-10
16112,-1.1423594237880964e-09
16113,-3.5926508833493823e-09
16114,-1.2189039262045855e-09
16115,-6.717498983479291e-10
16116,-9.726791599460658e-09
16117,-8.905325125491409e-09
16118,-9.697553223203219e-10
16119,1.29686317289949e-08
16120,-1.2853215782824075e-09
16121,-4.12939024261646e-09
16122,-4.669140800472731e-09
16123,-1.053405586726005e-09
16124,1.5620135996458622e-08
16125,-1.1577848073215913e-09
16126,-1.1910935817066069e-08
16127,-8.973679929248108e-09
16128,-1.2569566125862498e-08
16129,-6.238348993109547e-09
16130,1.7688469774030643e-09
16131,3.531071153270906e-09
16132,-1.6695907705738472e-09
16133,7.115440251960305e-10
16134,-6.227806432490446e-10
16135,-2.8330374131579545e-09
16136,-3.2009062965098776e-09
16137,2.7012447132806353e-09
16138,4.9318371232558886e-09
16139,-4.852539140340992e-09
16140,6.515394834582267e-09
16141,-5.573271457055139e-09
16142,8.981066894861565e-09
16143,-7.3564338282042954e-09
16144,2.4432055435833645e-09
16145,-1.4969632309482343e-08
16146,-8.09491371505048e-09
16147,3.4479029315297834e-09
16148,-2.103653726261559e-09
16149,-5.060196813290867e-09
16150,-3.0716617562542025e-09
16151,3.6492455825595794e-09
16152,-1.397269559310759e-09
16153,2.714518201084476e-09
16154,-6.431522001265802e-10
16155,-8.233693633603204e-09
16156,-4.382789366738332e-09
16157,-3.078408438114521e-09
16158,-6.592018795787614e-09
16159,9.090469320913447e-10
16160,-1.9246218976743194e-09
16161,-3.484213807225749e-09
16162,-8.933990723118015e-10
16163,3.3450796971360527e-09
16164,1.1379352639396706e-08
16165,1.4335845153763784e-09
16166,-5.79284502745084e-09
16167,9.982563558383077e-10
16168,3.777788797826341e-09
16169,-7.2519444749370675e-09
16170,-9.94227843545962e-09
16171,6.275458692259707e-10
16172,-1.2219320385103157e-09
16173,8.558127116497367e-09
16174,1.113480299912307e-08
16175,-2.2117290282681628e-09
16176,-5.97680060177107e-10
16177,-1.4921662255037533e-09
16178,-1.3373626421560308e-08
16179,-1.2467571408824731e-09
16180,8.927066977759447e-10
16181,-5.295739737708226e-09
16182,-8.133866554981138e-09
16183,1.8742295991709743e-09
16184,-1.5158566591000872e-09
16185,-6.88294206291781e-09
16186,-1.6205663878195297e-09
16187,-1.5391094653336833e-08
16188,-8.894594812578397e-09
16189,-2.0556859904216922e-09
16190,2.2383716097252904e-09
16191,-1.3592728423381057e-08
16192,-6.411549725387988e-09
16193,9.381920946736069e-09
16194,4.261981724482752e-08
16195,-3.4722187204057812e-09
16196,-2.8253302993287197e-09
16197,2.230994974887495e-08
16198,-1.475907796650011e-09
16199,-2.391501668542307e-09
16200,1.9147730068669984e-09
16201,-3.3758551867714266e-09
16202,-2.2159358713259388e-09
16203,-1.1019955607136317e-09
16204,1.7713623181725371e-09
16205,1.0534394629398989e-09
16206,-2.0062128638226447e-08
16207,1.0904708538309e-08
16208,1.5221641266083155e-09
16209,-1.4252025361169994e-08
16210,-3.523008995454914e-09
16211,7.51109614086719e-09
16212,5.7997630528424345e-09
16213,-9.928928406088323e-09
16214,-1.9680117756059352e-10
16215,2.3001103366583753e-09
16216,2.84103471075497e-09
16217,1.4805038003213289e-08
16218,9.856455159227121e-09
16219,-7.970265045318699e-10
16220,1.2973496286090092e-08
16221,1.4778955941406855e-08
16222,-2.0941425060957992e-08
16223,-2.0510124492765775e-09
16224,8.565274670143463e-09
16225,-6.595146316685753e-09
16226,1.2536441310796549e-08
16227,-6.51992837996947e-09
16228,1.0740416715151908e-08
16229,-5.265965055289567e-09
16230,5.208731039634697e-09
16231,8.744918127707176e-10
16232,-6.601229405560435e-10
16233,1.6878815590825881e-09
16234,-1.4790538182014544e-10
16235,-5.193842452646892e-11
16236,-3.821667419178334e-09
16237,-1.2204412939797253e-09
16238,-7.446703541209524e-10
16239,-2.312202384548603e-09
16240,-9.611116430742776e-10
16241,-1.1081672133045014e-09
16242,-3.3370851573938356e-09
16243,9.87892040069347e-10
16244,-1.2499924638810027e-09
16245,-3.288402840216089e-10
16246,-7.59645782677604e-09
16247,-1.4497280248560374e-09
16248,-1.3270186268647463e-08
16249,2.7035963898291354e-10
16250,5.397517147117999e-09
16251,-1.128558668707645e-08
16252,-5.567164739143734e-09
16253,2.1838836817656116e-09
16254,1.311528906341042e-09
16255,-1.2013993264796702e-08
16256,-5.207150641179623e-09
16257,-3.385677884445099e-09
16258,8.72240491762382e-09
16259,-1.4566174225556803e-09
16260,-2.05830401932725e-09
16261,9.616084092489296e-10
16262,1.0207170311032108e-08
16263,-6.078586104540977e-09
16264,-7.3614391180321816e-09
16265,1.572482026835393e-08
16266,2.676242551932766e-09
16267,-1.9788045622685474e-08
16268,-4.7410886823912416e-09
16269,1.0392263972066901e-08
16270,7.427880206420785e-09
16271,-1.4477220569265175e-09
16272,-5.356002907922297e-10
16273,3.2568026126505303e-09
16274,3.6096286951709834e-09
16275,2.3702679768364416e-09
16276,1.7420437177092122e-09
16277,-7.07254074264689e-10
16278,1.3330592017535715e-09
16279,-3.625220814096326e-09
16280,-2.8022564022197546e-10
16281,-7.150084049360412e-09
16282,1.496003837558832e-08
16283,-1.2106539396799927e-09
16284,-1.809774522897374e-09
16285,-5.79431229261836e-09
16286,2.0097927383423918e-08
16287,1.0826094044315577e-08
16288,4.221558309814178e-09
16289,-6.774816267780229e-09
16290,-1.3065817988708691e-09
16291,-8.551847897151864e-09
16292,-3.504399725349999e-09
16293,-2.662507194888884e-09
16294,1.0468782517571796e-09
16295,-2.1309845628507217e-09
16296,-2.3355134381149575e-09
16297,-1.835644123153613e-09
16298,-8.94887845838378e-10
16299,-1.373824106914867e-09
16300,-1.2785239102670359e-08
16301,3.357955296712077e-09
16302,1.877297373038595e-09
16303,-2.501984071376508e-09
16304,8.485437141892962e-10
16305,3.84845902787335e-09
16306,4.955173873510882e-10
16307,1.333752778480175e-09
16308,-2.963917666711912e-09
16309,8.977051161313413e-09
16310,1.8468768637089624e-08
16311,3.005948821947905e-11
16312,-2.498556715250455e-09
16313,4.442696722550256e-10
16314,-5.822752606135582e-09
16315,-4.195945339840669e-09
16316,-2.5522373297836115e-08
16317,-1.3607045121069303e-08
16318,1.4848337122786112e-09
16319,-7.3596610605164175e-09
16320,2.6432725363296098e-08
16321,2.99080870946607e-09
16322,4.171737621082251e-09
16323,-1.9958755156302012e-08
16324,3.2212732399849825e-09
16325,-2.6450923659775448e-09
16326,-9.727523536510099e-10
16327,5.735784761440679e-09
16328,-1.6995816849471006e-09
16329,-4.877478434540718e-09
16330,1.0204062466848925e-08
16331,1.8952006073428848e-10
16332,7.119830619764329e-10
16333,-2.509932256341524e-09
16334,-1.1204984177546414e-09
16335,-1.3164021558506096e-09
16336,-4.027194984614541e-09
16337,5.130024652092541e-09
16338,-7.646088770073517e-09
16339,1.3001843913134474e-08
16340,1.8212691507168752e-09
16341,7.320638080591708e-09
16342,4.4666186949572584e-09
16343,-2.4777605990959583e-09
16344,-4.466097421650395e-09
16345,-2.1206346248805024e-09
16346,-8.451367652438354e-09
16347,-2.4832062368355903e-09
16348,3.1006344530190794e-09
16349,-1.020930342914317e-09
16350,-5.524347654045871e-09
16351,-3.064457920584883e-09
16352,8.679186165189081e-10
16353,-3.379798235819132e-09
16354,-7.854966527583936e-09
16355,8.174219165699415e-10
16356,-7.1916558206197675e-09
16357,-1.7310910437062476e-08
16358,-1.0412726292181857e-08
16359,-8.08403748866508e-09
16360,-1.5496975682518452e-09
16361,-1.560661097832366e-08
16362,-1.8066814141319112e-08
16363,-7.149419489641346e-09
16364,-2.0367071526951894e-09
16365,-4.539676809521564e-09
16366,1.3366606951708488e-08
16367,7.365800669908876e-10
16368,-3.752468215733248e-09
16369,-2.6197047297385523e-11
16370,8.685595804232649e-10
16371,2.938423928282365e-08
16372,-9.70895730401887e-10
16373,-6.37732897315778e-09
16374,-6.231717931141988e-10
16375,-5.307761286196541e-09
16376,-1.4505208448301124e-09
16377,3.82190621739348e-10
16378,-6.3974012241655735e-09
16379,2.940057817970157e-10
16380,-3.7139454250922246e-09
16381,3.538148110144143e-09
16382,-3.605363112399247e-10
16383,1.2898116816623994e-08
16384,1.915811085981555e-09
16385,-2.7404756502128752e-09
16386,6.840742041211397e-10
16387,2.5316784524908025e-09
16388,-2.986005477002408e-09
16389,-3.554610919278312e-09
16390,-3.406007737491131e-09
16391,-1.812084176493051e-09
16392,2.319082947995475e-10
16393,-8.079922365287057e-09
16394,1.3077480993529601e-08
16395,1.5189711441798773e-08
16396,-8.220415792555352e-09
16397,-7.171757422885312e-09
16398,1.1010764958193792e-08
16399,6.410416413933543e-10
16400,-2.315960699545845e-09
16401,-4.366248048258733e-09
16402,-4.784655352234256e-09
16403,-1.0000087234775813e-08
16404,-6.5789871952045145e-09
16405,-8.12733161963937e-09
16406,-1.371596662474013e-09
16407,-6.228494125594119e-09
16408,9.402724718193672e-09
16409,1.9412855939915923e-09
16410,9.59249461804018e-10
16411,3.963559589858045e-10
16412,-1.0492599603550375e-09
16413,-5.178433974040938e-09
16414,-5.690964257385999e-09
16415,6.257240396133902e-09
16416,1.7166979693953516e-09
16417,4.069791334788441e-09
16418,4.3934839132540105e-09
16419,-3.1230367892608376e-09
16420,-3.541722873085494e-10
16421,-4.6644297077361365e-09
16422,1.2289442679255864e-10
16423,1.0903794042136584e-09
16424,-3.0808417799690427e-09
16425,-4.321466100611109e-09
16426,3.0061436888126296e-09
16427,-1.5046876929813698e-09
16428,1.4967260434602384e-09
16429,-4.869698237268806e-09
16430,-1.0714401655738004e-08
16431,-4.840005342815922e-09
16432,5.952218852776665e-09
16433,-1.8854018381300362e-08
16434,8.28144129094595e-09
16435,-3.7453111955589435e-10
16436,1.28294284571442e-09
16437,1.2351248359725405e-08
16438,1.0710207971595175e-08
16439,1.7115995160947392e-09
16440,1.1041020330878574e-08
16441,-1.4884169004305462e-09
16442,7.125388893330392e-10
16443,6.727090422932683e-09
16444,-2.8717295945415185e-09
16445,-1.9628422267781305e-08
16446,-2.020130060998646e-09
16447,1.3998502333665219e-08
16448,1.0475696150825935e-09
16449,-8.02863685284821e-09
16450,4.645080975809176e-09
16451,-1.1345753158382805e-08
16452,8.349393477078928e-09
16453,-1.6830077126279175e-09
16454,-2.7415347479710904e-10
16455,5.969761160705875e-09
16456,4.706417283923724e-09
16457,3.937025670520404e-09
16458,-6.554037513025683e-10
16459,3.173384263319305e-09
16460,-3.219000704998855e-10
16461,3.350542017401062e-09
16462,-1.5122186672504612e-09
16463,-2.2337994331392336e-09
16464,1.5972577447712715e-08
16465,-9.829364323747843e-09
16466,5.497353402236501e-09
16467,-3.926205632350408e-09
16468,3.094369853062418e-08
16469,-6.1437723776521e-09
16470,-4.901880954743798e-10
16471,-5.358592489743792e-09
16472,7.808806315691213e-09
16473,-6.593463992077137e-09
16474,7.546714453682244e-10
16475,-6.759859293384327e-09
16476,-3.543300565481269e-09
16477,-2.9872958439784566e-09
16478,-1.5911377800551742e-09
16479,1.802041404852138e-08
16480,-1.1127563753081616e-08
16481,-2.3970422715395765e-09
16482,-1.2435025559028762e-08
16483,-1.070129531428362e-08
16484,-9.188110640697762e-09
16485,-1.5096507940338931e-10
16486,-1.1585094575507345e-08
16487,4.890412127185905e-09
16488,3.7734380493217983e-10
16489,9.743733868152722e-11
16490,5.634285148044757e-09
16491,-4.962005138651514e-09
16492,-6.328263653037253e-09
16493,9.835503718870248e-09
16494,1.0984120774384755e-09
16495,-1.8209851915470024e-08
16496,-1.917292739927339e-10
16497,-7.380306956775011e-09
16498,3.197389594412293e-09
16499,3.978887489890325e-08
16500,2.4985676478150825e-08
16501,-2.1180453315068313e-10
16502,3.3133207392114904e-11
16503,-3.245714426646248e-09
16504,1.4865826543495013e-08
16505,1.904926676814338e-08
16506,1.0835257362484989e-09
16507,7.91346400820096e-09
16508,-1.5099486281280643e-09
16509,-8.685085676478673e-09
16510,-2.1817040111040854e-09
16511,-2.059101721327002e-09
16512,9.162431008470471e-09
16513,1.1026645226438009e-08
16514,2.6536149566115428e-09
16515,3.510361336812122e-10
16516,-2.6283650428140026e-09
16517,1.382206651337868e-08
16518,-6.597956229817282e-09
16519,-7.30963989278314e-09
16520,-1.2537134305394508e-09
16521,-7.570061019842935e-09
16522,-1.1556850792098297e-09
16523,-1.5751369069601387e-08
16524,-7.369114735066085e-09
16525,-4.309801158312327e-09
16526,8.622307489001509e-09
16527,-9.006640111250914e-09
16528,-3.2892019629276e-09
16529,-1.0767848989696763e-08
16530,-8.311580683434817e-09
16531,1.003399737574873e-08
16532,3.6125487815330273e-10
16533,-1.5500335959518171e-09
16534,-4.044633742979337e-09
16535,1.517690333415113e-08
16536,2.9014124296555836e-09
16537,-4.919453720624739e-10
16538,5.97743849176998e-09
16539,-3.5072649462453814e-09
16540,9.072970138178905e-09
16541,3.2878931741367374e-10
16542,-4.306604897963137e-09
16543,-8.56242569522405e-09
16544,-3.5789375337726165e-10
16545,-1.8616518442343113e-08
16546,-1.8748507922220958e-08
16547,-4.292721964000075e-09
16548,-1.133565538355191e-09
16549,6.223958827333024e-09
16550,-2.803505509105233e-09
16551,-1.2209432103571267e-08
16552,-1.3938127888442866e-08
16553,4.776400850719948e-11
16554,-5.601460330720698e-09
16555,2.803844838638156e-09
16556,5.024270807699454e-09
16557,-2.4482165572879147e-09
16558,-1.4170145778334412e-08
16559,-2.3523776714878624e-09
16560,-1.6726066473386893e-09
16561,-1.4244106607321143e-08
16562,2.292042580003994e-08
16563,-2.541803151311681e-09
16564,-3.902361207571007e-09
16565,-1.552982975491633e-09
16566,-9.292298489500705e-10
16567,-1.0250062129068133e-08
16568,-2.823108146072091e-09
16569,1.3949089610130243e-08
16570,5.976294333449483e-10
16571,2.303624845784768e-09
16572,3.6310980147201317e-09
16573,-1.0740854451882798e-09
16574,2.459021640608174e-09
16575,-2.8430117238276785e-09
16576,5.628193571038206e-10
16577,-2.4079238647554137e-08
16578,-9.456860355520902e-11
16579,-1.6719475415855257e-09
16580,-3.1703892100966563e-09
16581,-8.675252396948081e-10
16582,7.700180244338494e-10
16583,-2.1229110516949905e-08
16584,-6.964636334625517e-10
16585,-1.4700301174352814e-08
16586,-7.747258168560474e-10
16587,-5.546380008639859e-09
16588,-3.564404982802568e-10
16589,-2.3916950030404558e-09
16590,-2.561517345419489e-09
16591,9.626597569365268e-09
16592,-1.1949057045434915e-08
16593,-1.5424293055736956e-09
16594,-5.726666451517919e-11
16595,-5.144717744919512e-10
16596,1.5249007357630283e-10
16597,1.2817776488146417e-08
16598,1.0648834672360471e-08
16599,-2.2847545801891697e-10
16600,-3.738133348273266e-09
16601,-1.2276539118262684e-08
16602,6.559151456750282e-09
16603,-4.135745536132155e-09
16604,1.4667763558928413e-08
16605,-1.575721534688571e-09
16606,-2.419856395988293e-10
16607,6.264895710561351e-09
16608,-2.5133614548935254e-08
16609,5.409451071447644e-10
16610,1.1239061827866496e-08
16611,-1.9967980645407737e-10
16612,1.5900269213411423e-08
16613,2.9129902485465954e-08
16614,-6.020035889420275e-09
16615,-6.195429978000862e-09
16616,-6.518323675051971e-09
16617,1.48599215799131e-08
16618,-1.4942586770839279e-09
16619,2.7012734056755666e-09
16620,4.316613943047276e-09
16621,3.2311737400565025e-09
16622,-2.3701395795490567e-09
16623,-4.572914933542294e-09
16624,-2.5185031096291385e-09
16625,-5.034781066668489e-10
16626,2.0240953628959177e-08
16627,3.1966033315832907e-09
16628,1.1386184666952547e-08
16629,1.4477069151878622e-08
16630,5.331621050946229e-10
16631,1.563202965493123e-08
16632,-1.8825879527856395e-09
16633,9.413448959445846e-09
16634,1.5567870310805008e-08
16635,-1.874293368876264e-09
16636,-1.3191466275398532e-09
16637,-5.949243864181503e-09
16638,-9.263797461947491e-09
16639,-5.215043465643492e-09
16640,4.262229878331051e-09
16641,1.5062855535926998e-09
16642,-1.6360924502938497e-08
16643,9.418286299919041e-10
16644,-5.220310555040281e-09
16645,-5.7277104754707965e-09
16646,5.718777820149968e-10
16647,-6.84635918518686e-10
16648,-8.777550079763646e-10
16649,-3.2856553787990865e-09
16650,-9.273173851279124e-09
16651,1.389270714848708e-09
16652,-3.345016257990254e-09
16653,4.033554832425821e-09
16654,-3.352268028163581e-09
16655,1.454116650204647e-08
16656,-1.6892947758412761e-09
16657,-4.079829512922963e-09
16658,6.156784189709742e-09
16659,-3.02844278991967e-09
16660,9.033283809684634e-09
16661,-1.1189938443074055e-09
16662,2.55573144271086e-08
16663,-3.753655333170407e-09
16664,8.60185839076471e-09
16665,-4.954380061635475e-09
16666,5.481263192545464e-09
16667,-1.7254458629724796e-09
16668,-1.2549518259303055e-09
16669,-1.3666958985337173e-09
16670,3.128468912834007e-10
16671,-6.704868584787683e-09
16672,-4.711793592551784e-09
16673,-2.116593619139656e-09
16674,9.190104590817051e-10
16675,-1.7053632638326537e-09
16676,3.5608242847454084e-09
16677,-8.850011734995499e-09
16678,-5.111803199536315e-09
16679,-3.817174882227642e-09
16680,-9.425499270509296e-09
16681,-5.061676705524618e-09
16682,-3.6274140327339965e-09
16683,3.0673208223671147e-10
16684,-2.2771777650693587e-09
16685,2.9510535924518983e-09
16686,4.3165602467403305e-09
16687,-4.9379123712563e-09
16688,-8.879069625084706e-09
16689,-9.990139187116505e-09
16690,-3.844453558851277e-09
16691,1.5304187516035905e-09
16692,-1.2482512613023891e-08
16693,-7.51668823497568e-09
16694,-1.1358204602800181e-09
16695,4.042110042554883e-09
16696,1.6242517075211818e-08
16697,-1.0411079818544424e-08
16698,8.810171477016339e-10
16699,-1.0195789446062666e-08
16700,1.204088936340498e-09
16701,-2.995542913949648e-10
16702,-3.801629588542517e-09
16703,-5.862346496648469e-09
16704,-2.383995217773453e-08
16705,-1.0762232072393057e-08
16706,-8.637801190311494e-09
16707,3.946629889642015e-09
16708,-3.1414946372289198e-09
16709,-9.111339888480096e-09
16710,-2.3103119928644773e-09
16711,-4.993782579915907e-09
16712,4.398930363024802e-09
16713,-6.010024621098756e-10
16714,1.160964900223078e-08
16715,-4.586163517512922e-10
16716,6.330088713012101e-09
16717,5.491382817659283e-10
16718,-1.3694828253413182e-08
16719,-1.6879359964893572e-09
16720,1.7158555239023664e-08
16721,1.515473006450003e-08
16722,-1.571257703856114e-09
16723,1.1681660001233708e-08
16724,-1.4579475049703417e-09
16725,-5.148083418449297e-09
16726,-1.320067758612986e-09
16727,-6.14894944802214e-11
16728,-3.7082989649485402e-09
16729,-5.559384059757792e-09
16730,9.923304499069498e-10
16731,-6.132128989064288e-09
16732,-7.268412637596402e-09
16733,2.296968615773071e-10
16734,-3.4049346575224307e-10
16735,-7.164157959266639e-09
16736,1.6462892868066114e-09
16737,-1.932282584087488e-10
16738,3.3437157235012273e-09
16739,1.542775619892986e-08
16740,-6.985080163243508e-09
16741,-6.913535593339963e-09
16742,-1.1897199999585195e-08
16743,8.110582608521457e-09
16744,7.855752759624502e-09
16745,4.6014362439594096e-10
16746,3.0754261893994956e-09
16747,6.987012949447448e-09
16748,-5.592961085293529e-09
16749,-2.1516465194311528e-09
16750,1.139202586427415e-09
16751,3.3346206129680504e-09
16752,2.342382594906246e-08
16753,3.9670224005756356e-09
16754,2.705074453387015e-09
16755,2.4186484632311985e-08
16756,-3.862975202859249e-09
16757,-1.0407611074324472e-08
16758,2.70444142455892e-08
16759,9.094273479571709e-09
16760,3.2459561780098524e-10
16761,3.204909889943759e-10
16762,1.1574533463252909e-09
16763,7.875280948260678e-09
16764,-3.129105885216119e-09
16765,-2.527424015425582e-09
16766,-3.695040081678462e-09
16767,8.691232285519271e-09
16768,-3.493410454242973e-09
16769,-1.476529946454866e-09
16770,1.0730261064983886e-08
16771,-8.174505704847834e-10
16772,-9.087210950228127e-09
16773,-6.512403926695685e-09
16774,9.57102369309459e-09
16775,3.3097433989541348e-09
16776,-8.588941611206861e-09
16777,-1.1213162562623177e-10
16778,-1.2241126583324852e-09
16779,-1.221683664675606e-08
16780,-1.455552192611881e-09
16781,-7.082702958102547e-10
16782,-7.919817712785534e-10
16783,1.416697367817379e-08
16784,-4.034727960860856e-09
16785,5.1680644809372235e-09
16786,-8.970952647395063e-09
16787,8.438360489900834e-10
16788,2.7507541742534607e-10
16789,4.0991418253079115e-09
16790,3.8558597378057306e-09
16791,4.284438525854788e-09
16792,8.817115293114827e-10
16793,-2.9488582127274583e-09
16794,1.0050902587438779e-09
16795,-3.988308712658236e-09
16796,7.549036278670867e-09
16797,5.895031913414535e-09
16798,8.975503527655537e-09
16799,2.7827152937332652e-08
16800,1.3871461837663165e-08
16801,-9.607393645356213e-10
16802,6.271999093820425e-10
16803,-4.043200419187648e-09
16804,7.831129199852839e-09
16805,-6.259796380270105e-09
16806,7.75715781418494e-09
16807,6.387295451107188e-11
16808,-9.523752083564421e-11
16809,-5.527960064209351e-09
16810,2.1955288366685645e-08
16811,-2.50355653044679e-09
16812,1.6952383827733743e-09
16813,4.1929550571873943e-10
16814,6.65889917683407e-09
16815,-2.6693972969874056e-09
16816,1.3075497188312923e-09
16817,1.5935563738163522e-11
16818,-3.6078581430564845e-09
16819,-2.457849523406306e-09
16820,-6.796829933612185e-09
16821,-4.944678284920579e-09
16822,-5.026352163105484e-09
16823,-6.741620061829496e-09
16824,3.686360459257786e-09
16825,3.932397970292955e-09
16826,-3.3469250978404567e-09
16827,-3.1781596462265534e-09
16828,-1.728952385287544e-09
16829,7.961134368692823e-10
16830,3.5980314816669573e-09
16831,7.159723780052401e-10
16832,5.644609068496432e-09
16833,5.433045230183967e-09
16834,-1.9705995770365245e-09
16835,4.402117024581541e-09
16836,6.570160431568554e-10
16837,2.2485332379390563e-08
16838,-1.607414339065122e-09
16839,-8.541193494030862e-09
16840,5.439572981677622e-09
16841,1.5457485337222977e-08
16842,-7.623284785021893e-09
16843,-4.631290080543905e-09
16844,-5.766391818948436e-10
16845,2.1982427243712394e-09
16846,-6.579185950456345e-10
16847,7.1785973889979e-09
16848,-7.779585295509694e-09
16849,-1.7257969209948298e-09
16850,2.611093453880821e-09
16851,-5.451391775269533e-09
16852,2.663350271729579e-09
16853,-3.4094304590355362e-09
16854,-2.2297015727384596e-09
16855,-7.993172313925904e-09
16856,-3.4768251606813493e-09
16857,-4.694411166237448e-09
16858,-1.888666219253655e-09
16859,-1.3293626963048002e-08
16860,4.704455953177933e-09
16861,-1.519011626765413e-09
16862,2.5723933565468106e-09
16863,3.2204074052021116e-09
16864,-1.4415003712409643e-10
16865,-2.6556018845355197e-09
16866,2.7631268531048567e-09
16867,-4.9218434654515435e-09
16868,8.931676607588e-09
16869,9.528570692621892e-09
16870,9.181622001581664e-10
16871,-2.3009164470618376e-09
16872,-8.710801441295357e-09
16873,-3.598825820387554e-09
16874,2.578026282045129e-09
16875,-1.6342803595470663e-09
16876,1.4024211770011676e-09
16877,-1.1399273929152647e-08
16878,1.981864378824363e-08
16879,-8.225549318118442e-09
16880,-1.139726857803475e-09
16881,-6.0973139268150555e-09
16882,-1.0423221768935376e-08
16883,1.541784869879876e-08
16884,-9.668787017291903e-09
16885,-6.220739966359726e-09
16886,1.470280364370146e-09
16887,-4.890137606545483e-09
16888,-2.051528082088055e-09
16889,1.3020979839009988e-08
16890,-2.6645579519238533e-09
16891,5.065133340565262e-09
16892,-3.0830323330070092e-09
16893,-1.4543592714982e-08
16894,2.827439209232864e-09
16895,1.393149889341863e-09
16896,-3.351493916890469e-09
16897,-5.0685193821011396e-09
16898,-3.0932098789313114e-09
16899,-8.301456807648454e-10
16900,-8.644351246499598e-09
16901,-5.103424885163469e-09
16902,-6.0970868418498534e-09
16903,-4.2090269592883136e-10
16904,6.797420735782723e-09
16905,-4.585658903789964e-09
16906,4.5607501444590807e-10
16907,-2.049643675430407e-09
16908,-4.3038327106688246e-10
16909,2.360847689752678e-09
16910,-4.4726103691468626e-09
16911,9.792666986962813e-09
16912,-3.2844116741519016e-09
16913,-3.196787990073262e-09
16914,-1.0488146657977512e-09
16915,9.660584445796386e-09
16916,9.278807260391832e-09
16917,-1.392107019702998e-08
16918,-8.514327898516191e-09
16919,4.7236964464008774e-09
16920,-8.17675427975843e-10
16921,-9.657391371784165e-10
16922,-1.1223329894340931e-08
16923,-7.371407787343958e-10
16924,-3.3645097899930567e-09
16925,-1.458569210955352e-08
16926,3.811681908728975e-09
16927,-1.3244725989644361e-09
16928,7.721090075252884e-09
16929,-1.8830906925589762e-09
16930,1.0234432279724921e-08
16931,-1.5570784220852898e-09
16932,-1.738799656538193e-10
16933,1.2450202713543024e-08
16934,-5.843204389047659e-09
16935,-1.604829079662951e-08
16936,6.615934063135331e-09
16937,-3.2100884951106235e-09
16938,-1.7088030194154484e-09
16939,-1.3163025905076373e-08
16940,-6.098412556318387e-09
16941,-6.68779241435661e-09
16942,1.504597893810663e-08
16943,-5.9651185582346936e-09
16944,-3.051455432790913e-08
16945,-3.5116641072283553e-09
16946,-3.895565860113046e-09
16947,5.52860654023112e-09
16948,-1.809280300970643e-09
16949,-3.0534413936207254e-09
16950,-3.953508980771107e-09
16951,1.2458425419551717e-08
16952,1.2701933943629457e-09
16953,4.585753241821585e-09
16954,-7.478821412962807e-10
16955,6.6464674873275026e-09
16956,9.041506891220417e-10
16957,1.2137952402821474e-09
16958,3.0215318790315528e-09
16959,-1.1412464944426053e-08
16960,-4.598367427676585e-09
16961,-1.0400870207279615e-08
16962,5.3542571969834e-09
16963,6.16158322862498e-09
16964,-1.949177413948143e-08
16965,-1.430779841580998e-08
16966,-5.912020758531142e-09
16967,9.288281854054374e-09
16968,-7.847173439267723e-09
16969,8.366496987083708e-10
16970,4.268672227823084e-09
16971,-7.235516126569736e-09
16972,8.313965124717577e-09
16973,2.2417543671512812e-09
16974,-2.374382002956741e-09
16975,1.859456610755395e-08
16976,-4.60699891939938e-09
16977,3.2802093867962593e-09
16978,-4.017229460815582e-09
16979,-1.8277194679471688e-10
16980,-6.951438790591467e-09
16981,-1.820011033036339e-09
16982,-7.926114649857897e-09
16983,-1.083427465869945e-09
16984,1.2473155709574419e-08
16985,-3.0101494637244755e-09
16986,2.626019152765499e-09
16987,1.410473060812245e-09
16988,6.173093819621692e-09
16989,8.885545785013894e-09
16990,-4.2213766964784055e-09
16991,1.5386468961198622e-08
16992,6.045273485260646e-09
16993,1.001983918746306e-09
16994,2.131864390310255e-09
16995,2.8776332233037844e-08
16996,-1.2378813846802152e-08
16997,2.3989984085203673e-09
16998,7.23456679841348e-10
16999,-2.0950619982333496e-09
17000,-6.955495868828601e-09
17001,-6.141016435049055e-09
17002,-1.0512076379057782e-08
17003,-4.1232934837982905e-09
17004,-4.332782732037135e-09
17005,1.7118429976439256e-09
17006,8.998280192392346e-13
17007,-7.771763903263754e-09
17008,1.0743936320121934e-08
17009,-1.0326214897708926e-09
17010,2.7866528396619434e-08
17011,-5.196410457650606e-09
17012,-1.3793704092227236e-08
17013,-2.2631005246274026e-09
17014,-3.217225883891371e-09
17015,1.2010743004312155e-08
17016,-5.050761001483633e-09
17017,1.3219595202151451e-09
17018,-1.9821048409272195e-09
17019,-1.4400190393071488e-08
17020,1.0709902709754392e-08
17021,-2.0352392214285384e-09
17022,-3.3273553207170603e-09
17023,6.110837448760991e-10
17024,-4.122327149349629e-09
17025,-6.992503245550967e-09
17026,-2.263323679528293e-09
17027,2.9760610796525507e-09
17028,-1.5212488104339133e-09
17029,1.4601344677026199e-10
17030,7.46840196929781e-09
17031,-2.0642061452425847e-09
17032,4.454768983983838e-09
17033,-2.299602779256537e-09
17034,-3.791333025007461e-09
17035,-4.984140525450169e-09
17036,2.7336898466319516e-09
17037,-3.917222085937778e-09
17038,-9.29150271496015e-09
17039,2.0262103624159805e-09
17040,-1.491552808188234e-08
17041,1.146075376469915e-08
17042,-4.6669738948302945e-09
17043,-1.1092796523283133e-09
17044,1.247018043025129e-09
17045,2.1301785637840448e-10
17046,3.9780495813029324e-09
17047,-8.106764693213348e-09
17048,-6.105311747728308e-09
17049,-7.664845011850262e-09
17050,-8.359191113390977e-09
17051,-1.958979972032444e-08
17052,-7.860339073863668e-10
17053,8.392103058106672e-09
17054,6.836846529986655e-10
17055,-1.2984348800698536e-09
17056,-6.878514605994716e-09
17057,-1.999044122350193e-08
17058,-2.2386691586409746e-09
17059,6.90037884168561e-09
17060,-3.0009287317401165e-09
17061,-3.013865890552488e-09
17062,1.8485598252862967e-08
17063,-7.40560805586412e-09
17064,2.1300266838798448e-09
17065,-1.257401676534679e-09
17066,-1.024077416874768e-10
17067,1.1854788428828085e-09
17068,-1.6208125453324607e-08
17069,1.4957828806977181e-10
17070,-1.975591937501939e-09
17071,-4.256111297938758e-09
17072,-1.6262369286400796e-09
17073,6.7994852554191036e-09
17074,1.949856889494735e-09
17075,-9.268761560294439e-09
17076,1.1247630066145604e-09
17077,3.6982371296723174e-10
17078,9.34750765859545e-09
17079,-5.184966484261784e-09
17080,-8.261552480169211e-09
17081,-1.76509512119994e-09
17082,2.471342357326024e-09
17083,-6.805947496958501e-09
17084,-1.8517688038571851e-09
17085,8.262124319617423e-09
17086,-1.972834247885578e-09
17087,-2.3596186762651167e-09
17088,3.4498437754673125e-10
17089,-3.3166129856724955e-09
17090,1.4738373979066265e-09
17091,4.1912917545104385e-09
17092,-1.4254925882641974e-09
17093,-8.263611420862765e-09
17094,-1.94253765134415e-09
17095,-1.1317253035268304e-08
17096,2.732972326188634e-09
17097,2.0627838618259684e-08
17098,-1.745813648315705e-08
17099,4.381816267438844e-09
17100,4.04340344345e-09
17101,-4.4350277452366187e-10
17102,-4.8747441602802165e-09
17103,-3.278423895326979e-09
17104,2.3286539110164623e-09
17105,-2.1997232050537254e-09
17106,1.7762778318889456e-08
17107,-2.9835954695457742e-09
17108,2.9713975094926973e-09
17109,4.4576242342333e-10
17110,-5.756035584056729e-09
17111,2.1088507522489143e-09
17112,-8.932883628282343e-09
17113,-1.7182295560544795e-09
17114,-8.029459525941968e-10
17115,-1.7123184774939435e-08
17116,1.3194012980022296e-09
17117,2.1990700270254456e-08
17118,-3.762262748732959e-09
17119,-8.733733796912793e-10
17120,7.5940217602016e-09
17121,-8.354148737792816e-09
17122,-1.1082897614989248e-09
17123,-2.0804631856705102e-09
17124,-3.061877089646384e-10
17125,-4.6258970421629536e-10
17126,-6.643255862691205e-10
17127,-3.5029598430516717e-10
17128,4.1803362622818534e-10
17129,2.38617973473319e-09
17130,3.2800410681015045e-10
17131,-8.524688089012274e-09
17132,-6.701655660412338e-09
17133,-4.2262559822549474e-09
17134,-9.63700239604856e-10
17135,-1.1842475797342185e-09
17136,-2.1961862772089305e-09
17137,2.9903448556590517e-09
17138,2.1394349518678977e-09
17139,2.558981899774725e-10
17140,2.5762504703620746e-10
17141,-2.3639409926567295e-08
17142,-8.836927775405103e-09
17143,1.2856072741831319e-09
17144,-6.78421897860091e-09
17145,-1.0035686578387611e-08
17146,4.157706388776884e-09
17147,4.87102754982612e-09
17148,-1.420616942110369e-08
17149,-3.1056293785301384e-09
17150,-9.895967678187254e-10
17151,-3.5794415101649085e-09
17152,-5.703330900212204e-09
17153,5.451970128986912e-09
17154,6.922865860858097e-09
17155,1.8596407751962575e-08
17156,1.1432125654727703e-09
17157,1.5742813444654473e-08
17158,-1.710981727043941e-09
17159,6.052913950388463e-09
17160,5.977877771002225e-10
17161,2.0857808138412335e-09
17162,-1.7083812526459206e-08
17163,2.971112406504573e-09
17164,5.472874456153125e-10
17165,2.544191178529711e-09
17166,-3.5634391856015123e-09
17167,-2.1152208452429152e-08
17168,-6.272110448153166e-10
17169,-1.1511803079319923e-09
17170,-1.0576229278081339e-08
17171,-1.86095235941336e-08
17172,-2.318768298951771e-09
17173,4.518830770399569e-09
17174,-1.757358826079005e-09
17175,-1.2579326014559738e-08
17176,8.191371509875879e-10
17177,-8.729562436349802e-09
17178,-1.5066462629489159e-09
17179,-1.3104607667396215e-09
17180,-4.4465381892659486e-09
17181,-1.1275453033892254e-09
17182,7.571961418596255e-09
17183,3.7249396375797128e-09
17184,-9.445220116991258e-10
17185,-8.685250306748487e-09
17186,5.566953547694739e-09
17187,-2.1732391661157224e-09
17188,2.52160690530176e-09
17189,2.1853016521589253e-08
17190,-5.9087275475089946e-09
17191,-9.469699532036811e-09
17192,-7.129726159668544e-09
17193,-9.538715789708367e-09
17194,-1.127960978379051e-08
17195,-4.503817667920439e-09
17196,-4.3423179822538575e-10
17197,-3.380865101693649e-09
17198,5.874457527474889e-10
17199,-1.6678905237764748e-09
17200,7.908747948039124e-10
17201,1.4567609915154834e-08
17202,-3.4835431050324662e-09
17203,-1.3307663045828814e-08
17204,-4.5013352348578925e-09
17205,1.861830443639227e-10
17206,-3.0977407605618457e-09
17207,3.181901000553981e-10
17208,1.1001814604578222e-08
17209,-1.254198419129534e-09
17210,-4.1763474138506236e-09
17211,-1.7104191460969285e-09
17212,1.5514484399363614e-09
17213,1.7679561023436782e-08
17214,2.2547412986482488e-10
17215,6.267083109112102e-09
17216,1.2383843252062572e-09
17217,2.934134365781322e-08
17218,4.487152347769306e-09
17219,-3.594660689376402e-10
17220,-6.354410200515367e-09
17221,3.670701363921862e-09
17222,-2.6552018270534468e-09
17223,-1.7701598621545408e-09
17224,-4.230651568042565e-09
17225,1.0509828274527485e-08
17226,3.3988459705949047e-09
17227,-7.820262902865136e-09
17228,1.5745552928250955e-09
17229,1.4504592919143415e-11
17230,3.483464210569198e-09
17231,-1.1821887428268706e-08
17232,-6.8001251807079105e-09
17233,1.9335222390810576e-09
17234,-2.3662653761633796e-09
17235,6.463992588633615e-09
17236,1.206120413806971e-09
17237,-4.348801257773368e-09
17238,-9.854003829091239e-10
17239,-1.479516054243169e-08
17240,-7.102997761479799e-09
17241,-1.2052863064134463e-08
17242,-1.2836684139977377e-08
17243,1.1101595654355826e-08
17244,6.703807635719161e-09
17245,-7.566405988920619e-09
17246,-2.1388108162669644e-09
17247,1.0253959780899232e-08
17248,-2.760221148566198e-09
17249,-3.227723936058769e-09
17250,-4.5607190694925434e-09
17251,1.5984633341392727e-10
17252,1.2800514507418633e-08
17253,1.977777722079264e-08
17254,-1.2982664322588205e-08
17255,6.629549813222647e-11
17256,-3.148976554333376e-09
17257,-8.676902306661068e-09
17258,-1.2082675878550638e-09
17259,1.191423916149242e-09
17260,1.3167807716223906e-08
17261,-3.5980448314598827e-09
17262,-3.607642160744996e-09
17263,2.700984908237116e-09
17264,5.657941409413307e-09
17265,5.922071038075748e-09
17266,1.9794827714215897e-09
17267,-9.298875114563806e-09
17268,1.8889624240012303e-09
17269,-4.020538030882585e-09
17270,9.560000656890873e-09
17271,1.7099868941670524e-08
17272,-2.916387307089765e-09
17273,-8.50295009669259e-10
17274,-3.787749554527642e-09
17275,1.386869111305326e-09
17276,-1.1574578171017122e-09
17277,-6.015733431273449e-09
17278,-2.038971147021378e-10
17279,1.378894200663448e-08
17280,9.334371022486261e-10
17281,8.010347963448538e-09
17282,-1.0504235708282624e-08
17283,1.163588288128935e-09
17284,-1.211363437823299e-08
17285,-1.4191450031257076e-08
17286,-2.0600067886492444e-09
17287,-1.9032564089104388e-08
17288,-5.962782761714548e-09
17289,-2.3121035400956837e-09
17290,-1.2084662465896259e-09
17291,-8.460836613993048e-10
17292,-1.0335911689953089e-09
17293,2.921470540358793e-08
17294,-4.8343743422076475e-09
17295,-6.840066743202823e-09
17296,7.478120332513685e-10
17297,-1.9155401402440878e-09
17298,-8.081375559177739e-09
17299,-3.987579919240621e-09
17300,-5.372623865111074e-09
17301,8.51856155907771e-09
17302,1.2295140471430108e-08
17303,1.2180193471975931e-08
17304,1.824545496092463e-08
17305,6.670343947739966e-10
17306,-4.1852513808176285e-09
17307,8.181447766974906e-09
17308,1.678466410582466e-09
17309,1.0670139600869483e-08
17310,-6.144104370687756e-09
17311,-2.877636563121224e-08
17312,-3.1887698391341314e-09
17313,3.950506907325404e-09
17314,-3.3120187898156546e-09
17315,4.309644658433575e-09
17316,5.24605222983255e-09
17317,-8.814426827690675e-10
17318,-7.55445930486442e-09
17319,1.3676295254488393e-08
17320,-4.3199997063234516e-09
17321,1.2283223210920878e-09
17322,9.277367784222515e-09
17323,-5.066165643026544e-10
17324,-4.340091704194719e-09
17325,-1.7117789871354211e-09
17326,7.426900985951353e-09
17327,-1.6950317498127824e-09
17328,2.6526145929563442e-08
17329,-2.2461281264704986e-09
17330,8.600948721110618e-09
17331,-8.754473294827359e-09
17332,1.887036431486003e-09
17333,1.082691398127496e-09
17334,-2.289873541250489e-09
17335,-2.085849901877725e-09
17336,3.447127508954935e-10
17337,-2.4430066422904976e-09
17338,-3.093340407177024e-09
17339,3.741252928805454e-09
17340,-1.3602401279779407e-09
17341,4.953452914054123e-10
17342,9.229594606174638e-10
17343,-4.726378807659299e-09
17344,2.724587017735861e-09
17345,7.863585696348976e-09
17346,-8.240749889892504e-09
17347,-6.4492344639108285e-09
17348,-1.2206770352816089e-08
17349,-2.800460202248943e-09
17350,-9.672884225602769e-10
17351,6.093208609117005e-10
17352,-6.692341964891615e-09
17353,-2.784891026641861e-09
17354,5.206554435015684e-09
17355,-5.170903948192889e-09
17356,2.441764422524867e-09
17357,1.2210418294238946e-08
17358,1.4755220557370903e-09
17359,1.714260617070401e-08
17360,-1.4154432116660305e-09
17361,-1.9356378371781368e-08
17362,2.1311436291785008e-08
17363,-9.852974236636624e-09
17364,8.787101956132694e-09
17365,3.1087409441026093e-09
17366,5.541319883984166e-10
17367,3.785032348850473e-09
17368,-5.655380244406847e-09
17369,5.926718778540517e-09
17370,2.4015082547255358e-09
17371,-4.181295885119063e-09
17372,4.296183054450103e-09
17373,2.001283179157003e-09
17374,3.5946755392967247e-09
17375,-7.284339934474512e-09
17376,1.3769742524783654e-09
17377,1.8996159766655438e-08
17378,2.365990527204974e-09
17379,1.3391717044442053e-08
17380,-4.81938186345425e-09
17381,-6.806973374473993e-10
17382,-4.292060125048642e-09
17383,4.045986829774465e-10
17384,-3.579456262868841e-09
17385,-5.45599757537982e-09
17386,9.86231439883846e-09
17387,1.042795283932933e-09
17388,-7.457969666005115e-09
17389,3.480884378310685e-09
17390,-1.5826749780993835e-09
17391,-3.3402362067196034e-09
17392,1.3807616894089641e-08
17393,-3.4587165401138165e-10
17394,2.3307190919119745e-08
17395,6.328847897969183e-09
17396,-4.673558690442446e-09
17397,-1.9713746407541075e-09
17398,-1.6805070911528268e-09
17399,5.067266247184363e-09
17400,2.6627638664935964e-09
17401,6.215185748655069e-09
17402,9.628699014074132e-09
17403,-7.352381678165307e-09
17404,-6.455184457446132e-10
17405,8.81014585721703e-09
17406,1.3543087359875309e-08
17407,-4.218461929508148e-09
17408,-5.679016228751727e-10
17409,7.942444053017637e-09
17410,-1.7112811079811661e-09
17411,-9.97923073042147e-09
17412,-2.436234658721059e-09
17413,7.483010082443965e-09
17414,-7.003062810670005e-10
17415,-5.843973519472538e-10
17416,-4.8621215226697894e-09
17417,9.812321781270467e-10
17418,2.702865920448769e-09
17419,-6.370053967559705e-09
17420,4.910631114194681e-09
17421,8.117062505486688e-10
17422,-1.1092410442165667e-10
17423,-2.4526901484513675e-08
17424,-8.600844230560504e-09
17425,-1.0560171458714895e-08
17426,1.2628222802830623e-09
17427,1.2272518375010055e-08
17428,3.4745801963684698e-09
17429,-3.5931842498501102e-09
17430,1.1970051290297873e-08
17431,2.8899083548058527e-10
17432,-6.890447242353428e-09
17433,3.289201216123469e-12
17434,-3.5553585943343947e-09
17435,-9.739017480152024e-09
17436,-9.548778979647847e-09
17437,5.801943894900374e-09
17438,-3.5866852492948917e-10
17439,-6.147267514846301e-09
17440,-2.8032936273415126e-10
17441,-2.54827373423804e-09
17442,-2.1485267590549597e-09
17443,-1.6712943269511084e-08
17444,5.801115431684205e-09
17445,-1.1053736586451774e-08
17446,-2.2419728431889207e-09
17447,-9.428766639935332e-09
17448,1.3181141515238451e-09
17449,-2.3692028143889214e-09
17450,8.025315449112944e-09
17451,-1.0326209220115932e-08
17452,7.129335633877851e-10
17453,-5.577946185347202e-09
17454,-9.9929241700216e-09
17455,4.094430389183469e-09
17456,1.9006098459311212e-08
17457,5.765923732616033e-09
17458,-1.1690445953571802e-08
17459,-4.275101299747801e-09
17460,-3.5525596119058685e-09
17461,-1.5406873458686188e-08
17462,1.4079543434289873e-08
17463,-2.9718311891444134e-09
17464,9.34937271359154e-09
17465,-4.720234307923641e-10
17466,-6.730123083728589e-09
17467,-8.192183709330024e-10
17468,-2.2381022250383703e-09
17469,7.688188455367936e-09
17470,-8.734885871445823e-09
17471,-7.525505889646004e-10
17472,3.226743539747686e-09
17473,-8.333555602613506e-09
17474,-1.7254671527397607e-09
17475,-6.630178816916584e-09
17476,-9.381158003045675e-10
17477,-5.433861070645723e-09
17478,-3.211118061731615e-09
17479,-9.115635225525338e-09
17480,1.1026320424640721e-09
17481,7.389416430975144e-09
17482,-2.4087471308922456e-09
17483,3.9533696021536485e-10
17484,-1.8478295038537014e-09
17485,1.0040835917783918e-09
17486,-3.361932504766868e-08
17487,-4.9280215359388e-09
17488,-6.440018335452127e-09
17489,-4.4509554551337005e-10
17490,-7.188984074863212e-10
17491,-8.652061832619773e-10
17492,-9.845144669741698e-09
17493,-9.728480049925361e-09
17494,-1.3213420770630713e-09
17495,-3.2751306885142943e-09
17496,-7.411595684118637e-09
17497,1.8261368604814666e-09
17498,2.193027147989188e-09
17499,-1.3100426945610534e-08
17500,-1.6417885161241984e-08
17501,6.1415715964830005e-09
17502,2.3858716092603038e-09
17503,8.766575217475035e-10
17504,-6.624881034387966e-09
17505,-2.053752186771061e-09
17506,-1.0767102796096614e-08
17507,-5.155735712204759e-09
17508,3.5206325481925724e-09
17509,-6.541873924452583e-10
17510,-3.466598038201677e-09
17511,-9.439545557123462e-10
17512,1.1937239111162736e-08
17513,7.856412450162605e-09
17514,-1.0619909046698153e-08
17515,7.991236055854457e-09
17516,2.1045160052952195e-09
17517,1.8128896019965251e-09
17518,-8.541686263134223e-10
17519,-3.686412367531243e-09
17520,2.857809012786311e-09
17521,1.7555056468186192e-09
17522,-4.065465344439447e-09
17523,-3.753946080412748e-09
17524,-2.729499174859804e-09
17525,-8.082793884130089e-10
17526,1.0114800211492054e-08
17527,-8.994571809621384e-10
17528,5.969705110550811e-10
17529,4.663037333715098e-09
17530,2.6179974895543085e-09
17531,1.9861242620960733e-08
17532,-3.62581533815227e-09
17533,3.145133515760969e-08
17534,1.484983342021959e-09
17535,-1.4115029988924673e-09
17536,-6.461640649338999e-09
17537,-1.77351116603773e-09
17538,-9.795181387517968e-09
17539,-3.595753459406779e-09
17540,-1.4770034857327644e-09
17541,-1.0019432018648576e-08
17542,-8.672665244457954e-09
17543,1.970997579388742e-09
17544,-1.655603508812202e-08
17545,-1.8725953660015203e-08
17546,4.2652567963623595e-09
17547,-1.9400104653268663e-08
17548,-9.168286934761867e-09
17549,-1.2560720196078553e-08
17550,5.661742887023606e-09
17551,-4.055788459739736e-09
17552,-9.560633463101047e-09
17553,-3.008795970435257e-09
17554,2.3948164253682986e-08
17555,1.1539069674024665e-09
17556,2.7302576035548506e-09
17557,-4.437549042928994e-09
17558,-2.9302386342054626e-09
17559,7.102990139827509e-09
17560,-1.5115009259215262e-09
17561,4.07858890155394e-09
17562,-8.31097270244158e-09
17563,4.636333171188177e-10
17564,-6.360795435141281e-10
17565,5.4057693877056425e-09
17566,8.764120611206733e-09
17567,-3.2809701943582706e-09
17568,-4.231448578937597e-09
17569,8.308041759745041e-10
17570,-1.3024807989515602e-09
17571,-7.768435676491225e-09
17572,-2.6906124153804364e-08
17573,-7.299355075087946e-09
17574,4.26986249104332e-09
17575,1.2560395791959856e-08
17576,-1.9335276142114825e-09
17577,4.719982794540899e-09
17578,-1.1476304389057425e-08
17579,-3.2922849314695843e-09
17580,-3.938878952589362e-09
17581,-1.0678292833704144e-08
17582,-8.774607832236428e-09
17583,-1.0797927935151967e-08
17584,-9.814737950052222e-10
17585,-3.373988745147836e-09
17586,-1.0357902014708432e-09
17587,3.3496037764538204e-09
17588,-9.058654210890012e-09
17589,-4.461809044847595e-09
17590,4.976736086847983e-10
17591,6.67999450639097e-09
17592,-2.5134709597588472e-09
17593,-3.1321095213401726e-09
17594,-8.747411225478732e-09
17595,-6.1074162348015696e-09
17596,3.795911694012699e-09
17597,2.2389662728070408e-08
17598,9.200660817046497e-09
17599,-1.2044171039434357e-09
17600,-2.509451608763089e-09
17601,-4.675530821707586e-09
17602,7.207224554596018e-09
17603,-3.5996400874440293e-09
17604,6.5732253455469065e-09
17605,1.567319425559444e-08
17606,9.389229031356446e-09
17607,-1.2125360822507826e-09
17608,1.111179645582555e-09
17609,-2.422073230971318e-09
17610,1.1526228397276276e-09
17611,-1.7001367860008273e-09
17612,-7.624421895137247e-09
17613,2.3751720829418457e-08
17614,-2.926174488626026e-09
17615,1.5423111776436957e-08
17616,1.3118312160101804e-09
17617,-9.46631203639069e-10
17618,1.130225566703234e-09
17619,-1.3626758909867109e-09
17620,2.022819711705576e-08
17621,-2.8853646273567235e-09
17622,1.3156194583829553e-08
17623,2.015270161599644e-09
17624,5.252665295177337e-09
17625,-1.2213137270228773e-08
17626,5.917833548368419e-09
17627,-6.217154731479066e-11
17628,-1.3168482211953303e-08
17629,4.639855390108851e-10
17630,-4.334383745268836e-09
17631,9.343535306075658e-10
17632,-1.0423838537042637e-09
17633,2.9050784344848342e-09
17634,-5.652390897409592e-09
17635,-1.2992374854292931e-08
17636,-3.4870444399548367e-09
17637,-6.399950976911466e-09
17638,-7.540781135399835e-10
17639,-4.615427079110842e-10
17640,5.723648167180834e-10
17641,-3.97951552608561e-09
17642,-2.384111735983691e-09
17643,-1.3849450364737977e-08
17644,2.2453986044441767e-08
17645,1.3432396461994874e-08
17646,3.556949810852983e-09
17647,1.813015565685532e-08
17648,-2.9622981535721268e-09
17649,-2.6563309979549212e-09
17650,-1.274672812721128e-09
17651,5.425822629994824e-09
17652,-6.4875431226544536e-09
17653,1.8519876990719762e-08
17654,-1.3877711074430692e-09
17655,1.0477265974966506e-10
17656,-3.795136808223854e-09
17657,-3.374773482415506e-09
17658,-4.544385495996426e-09
17659,7.755910184439589e-09
17660,-4.229415542077129e-09
17661,-4.864910060964195e-09
17662,4.1154513042076104e-10
17663,-5.00184021498252e-09
17664,-1.0283984983187011e-08
17665,5.524150803215045e-10
17666,-3.728323576042514e-09
17667,-1.322924524320989e-10
17668,-2.2008284220912548e-08
17669,-5.380742192525258e-09
17670,3.672288241381572e-09
17671,-2.305595992556781e-08
17672,-9.449967768638638e-09
17673,-2.1626387360068493e-09
17674,1.5917127754567605e-08
17675,-8.401860587121282e-10
17676,-6.428117454239756e-09
17677,9.123324079644974e-09
17678,-9.417157777057337e-10
17679,8.664643475885082e-09
17680,-5.769091977451821e-09
17681,-5.999642660281759e-10
17682,-2.05389686065455e-09
17683,1.868420533263717e-08
17684,-5.162637096657922e-09
17685,3.0226305684136522e-09
17686,-9.963502320724902e-09
17687,-7.392832418476672e-09
17688,-1.7906001620920667e-08
17689,-2.274696671360049e-09
17690,3.494939882041411e-09
17691,4.435735947785622e-09
17692,-7.676261099464279e-09
17693,2.6855820554245647e-08
17694,6.552267980251146e-09
17695,1.1273983417708672e-09
17696,6.350007015746462e-09
17697,-2.075037512272187e-09
17698,-1.0778325245838235e-08
17699,-8.380635157318596e-10
17700,4.887881918772537e-09
17701,-9.282442057858002e-10
17702,-5.110505627592737e-10
17703,-7.8728411888154e-09
17704,-7.392052764275753e-10
17705,4.980063191203761e-09
17706,1.0326305428638324e-09
17707,-7.229558280022428e-09
17708,3.866609178756944e-09
17709,-6.116806796023396e-09
17710,-4.74131674936229e-09
17711,4.939691333223225e-09
17712,-5.539619264093923e-10
17713,2.9847418479140783e-09
17714,-3.1619151007883215e-08
17715,-1.5752641428361956e-09
17716,-1.2006514563683653e-08
17717,-6.190384974900863e-09
17718,-2.053803666816338e-08
17719,1.241807466021543e-08
17720,4.346189477057068e-09
17721,-5.349738972843428e-09
17722,3.3134058972018465e-09
17723,-5.75079155461732e-09
17724,4.0050807059967e-09
17725,1.3804338452846068e-09
17726,1.507287970165597e-09
17727,-1.9268883837507413e-09
17728,-1.4340858296757558e-08
17729,-3.6675032876748027e-09
17730,-5.505730625872132e-09
17731,-1.8461942985198671e-09
17732,4.079609059244345e-09
17733,-2.8984533246362442e-08
17734,-5.784979488805963e-09
17735,8.977569546111565e-09
17736,-3.2315467831854124e-09
17737,1.4033579236199606e-10
17738,-4.810782486080066e-09
17739,-5.108639326263164e-09
17740,-4.553546350276192e-09
17741,3.122488043445605e-09
17742,1.0932347979788614e-08
17743,8.043762409039544e-10
17744,-5.075305364208659e-09
17745,1.1639701151258622e-08
17746,-1.9194995444336234e-09
17747,-2.1232022924308637e-09
17748,3.3783733994076366e-09
17749,1.4981283809912299e-09
17750,-1.3183658895323582e-08
17751,-1.859949920741043e-08
17752,1.1389235737429115e-08
17753,-5.048400343829995e-09
17754,-1.561796993903288e-08
17755,-9.109708464523264e-09
17756,5.585138680991524e-10
17757,-5.703066673314057e-09
17758,3.30452733162938e-08
17759,6.143887085525258e-09
17760,1.136632008591202e-08
17761,-3.517591991521903e-09
17762,-1.3252586414223568e-08
17763,-1.134262595406907e-09
17764,-4.72404461540644e-09
17765,-7.081247929025427e-10
17766,-2.3132641777283692e-09
17767,-1.0883412338559697e-09
17768,4.622968664138722e-09
17769,-1.5533965706468e-09
17770,-3.021106650110087e-08
17771,-1.1896550601985942e-09
17772,2.989130741773336e-09
17773,-7.650458656672463e-09
17774,9.35361472313786e-09
17775,-8.15466188045112e-09
17776,7.80761822415001e-09
17777,2.8149255558176536e-09
17778,-5.706000686474896e-11
17779,-4.829242229700922e-09
17780,-7.246354120853028e-09
17781,-2.5341623300340953e-09
17782,7.841816539564751e-09
17783,-3.2621373920171616e-09
17784,7.674359449541659e-09
17785,-1.050778955692494e-08
17786,-1.1403813404361956e-09
17787,-6.497737164948969e-09
17788,-5.888843542721153e-09
17789,3.2962600248087285e-09
17790,1.3234707564590206e-08
17791,2.935219013549514e-08
17792,-6.972040757723261e-09
17793,-2.061941279737555e-09
17794,4.514444885181445e-10
17795,3.563846733002032e-11
17796,-7.148171250927604e-10
17797,2.4937102426438515e-09
17798,1.542704076675519e-08
17799,-2.0538128114443048e-09
17800,2.6861216610409007e-09
17801,-3.853590080691094e-09
17802,-4.6452971604512194e-09
17803,1.7628680738347138e-08
17804,5.421909518848748e-09
17805,-3.04899357356959e-09
17806,-1.9166999774897092e-09
17807,2.1233391608031396e-08
17808,-4.135246619560423e-09
17809,2.2996504003653935e-09
17810,-4.035264464752105e-09
17811,2.6054650963359838e-08
17812,-1.595976373543368e-08
17813,-7.117144946539376e-09
17814,7.477436590793974e-09
17815,9.873031152687325e-09
17816,3.1871708247362544e-09
17817,2.792396154346476e-09
17818,6.0903361711853634e-09
17819,-7.027408233655627e-09
17820,2.7233116740496194e-08
17821,8.076600539349946e-09
17822,2.97896789661066e-09
17823,3.5719871830449015e-09
17824,1.2846209250933572e-09
17825,-2.7830211342400063e-09
17826,1.1816804731021389e-09
17827,1.5570907935521418e-08
17828,-6.695602122746338e-09
17829,3.0372326710182738e-09
17830,2.699189949789059e-09
17831,-3.980368276445038e-09
17832,1.4926300165019204e-08
17833,-8.206532007080363e-09
17834,-5.0877267513440845e-09
17835,-7.615806529107948e-09
17836,3.859070456051968e-09
17837,-7.27192309883948e-09
17838,-3.3003106434813895e-09
17839,-2.918701405176111e-10
17840,3.0422665247248924e-10
17841,6.098870780310914e-09
17842,-1.219503909027916e-09
17843,-1.6921017852170828e-09
17844,-9.803703361532906e-09
17845,1.8171405774291006e-08
17846,3.5316162083474893e-09
17847,1.7330187417506474e-09
17848,7.438380097989911e-09
17849,-3.268235340531897e-09
17850,-6.129896600687856e-09
17851,-2.6345217560648972e-08
17852,-7.3184564572962e-09
17853,-4.568596711923303e-09
17854,-2.345650976362294e-08
17855,-3.166668086306976e-09
17856,9.679627571426976e-10
17857,2.4550928169253802e-08
17858,2.53636874850292e-08
17859,-7.039085285059141e-09
17860,-4.118804191212557e-09
17861,-4.937155337468811e-09
17862,-1.672468487272886e-09
17863,4.1375487649792736e-10
17864,1.0382105484723905e-08
17865,-9.035657046924129e-09
17866,2.5122133831287946e-08
17867,-5.676144737729152e-10
17868,-7.647765716178384e-09
17869,-1.1603807196853865e-08
17870,-7.264167630710854e-09
17871,-2.0374248445621884e-09
17872,-6.94487926909742e-10
17873,-1.975662708157378e-09
17874,2.8523171562990828e-09
17875,-7.692673997942213e-09
17876,7.086204973862417e-09
17877,-1.3419048361063427e-08
17878,2.1079573789378576e-10
17879,1.3132311427048336e-09
17880,9.577683180027193e-09
17881,1.3816868801937762e-08
17882,-7.408638761152318e-09
17883,-1.1442036120425757e-10
17884,-5.74364658651075e-10
17885,1.5267470351502875e-08
17886,-5.942941842785668e-09
17887,-1.2899205938307953e-08
17888,1.0029866572753796e-09
17889,-1.0300893848768503e-08
17890,-7.46360954484137e-09
17891,-1.589945842038234e-08
17892,3.580120749213507e-09
17893,-3.4057672439584398e-09
17894,-1.2849666066268306e-10
17895,-1.5900789120455902e-09
17896,-1.829275389023144e-09
17897,3.533472844039625e-09
17898,-1.9922431542778116e-09
17899,-8.404715287418095e-09
17900,3.2294411054412556e-09
17901,-4.0232106583949295e-09
17902,4.284350104794378e-09
17903,-5.625119893220202e-09
17904,7.0898403939033825e-09
17905,-1.9684017664353247e-08
17906,4.720589798923812e-09
17907,-2.0019323841801694e-09
17908,2.474388044687793e-09
17909,5.794099889708764e-11
17910,-1.5678918827379357e-09
17911,2.4791886121450553e-08
17912,8.582555537806828e-09
17913,2.788188397962997e-08
17914,-7.418286614026606e-09
17915,-1.9491055624017054e-09
17916,-8.85849441282519e-09
17917,-3.400047308216491e-09
17918,-1.980069921237668e-09
17919,-2.9320357575796103e-09
17920,-1.4893200617144561e-09
17921,-3.861133969487745e-09
17922,-4.5659942962266006e-10
17923,1.0313186731999178e-09
17924,1.4813391326457327e-09
17925,-1.087818665500085e-08
17926,-7.782568190539404e-10
17927,4.164268018758173e-09
17928,-3.832703278569972e-10
17929,1.6455986568482063e-09
17930,-1.689872062782534e-08
17931,1.5718417113316855e-08
17932,-6.23648363289681e-09
17933,4.480643977216261e-10
17934,-6.572467316484626e-09
17935,1.3145291276139699e-09
17936,-5.81674894674472e-09
17937,-1.1417338730851216e-08
17938,5.401074144531193e-09
17939,-7.101702376589461e-09
17940,-1.4753577323813958e-08
17941,-6.361688375959116e-09
17942,1.9768555448291773e-09
17943,5.712530005434064e-09
17944,2.1015224611066236e-08
17945,-8.63326393036876e-09
17946,-6.276537388863702e-10
17947,-8.553862840502053e-09
17948,1.1018507383672108e-08
17949,-2.8780057566892694e-09
17950,1.4183980674576106e-09
17951,8.40646000161113e-10
17952,2.519850154203361e-09
17953,-1.7170180985805522e-09
17954,-1.540285515415086e-08
17955,1.6758843303773022e-09
17956,-9.45961011771785e-10
17957,3.5060389635027752e-09
17958,-3.6389962568798973e-09
17959,9.240754713335605e-09
17960,4.801864252872422e-09
17961,-1.5821192424168533e-09
17962,-1.2068911444150234e-09
17963,-5.754035403016296e-09
17964,-4.407956007620318e-09
17965,-9.359923952154415e-10
17966,-1.2655037456085802e-09
17967,1.7013245271641074e-09
17968,3.5109263967025343e-09
17969,-1.059162748422052e-08
17970,3.265613455115711e-09
17971,4.976730547921685e-09
17972,5.55465789177692e-09
17973,-1.3247139875616038e-09
17974,9.659201995776871e-09
17975,-6.722721297714615e-10
17976,7.397632324055809e-10
17977,-1.880181083883955e-09
17978,-5.408462682503265e-09
17979,-3.122326617730229e-10
17980,-2.103690105191482e-09
17981,2.0537971554931437e-08
17982,-1.1986519953672093e-08
17983,4.897202028817838e-10
17984,2.1053162787262485e-09
17985,-9.845097341076234e-09
17986,1.9960140647411663e-08
17987,2.462146489116844e-08
17988,7.324492473541389e-09
17989,1.1567808306488456e-08
17990,-1.101945283249113e-08
17991,2.3508697872292666e-10
17992,5.573467550098977e-10
17993,-4.2745270936292295e-09
17994,-7.925613373224606e-10
17995,-6.299876467054815e-09
17996,7.76107255097712e-09
17997,-8.61516928895628e-10
17998,-1.1887814129047012e-09
17999,-1.15996406237513e-08
18000,-4.719127779270959e-09
18001,-6.53317147781154e-09
18002,2.6689252108760965e-09
18003,3.850064173183784e-09
18004,-7.416962915202414e-09
18005,-2.152348350372942e-09
18006,-4.2474048470446135e-09
18007,-4.696175479162585e-09
18008,6.094420978393213e-09
18009,-8.183445361845273e-09
18010,-3.243642100349455e-09
18011,2.6706936167857937e-09
18012,-8.27901880014742e-09
18013,-4.043373574901435e-09
18014,6.420004573219428e-09
18015,-1.1519974388405454e-09
18016,-5.854141762461225e-09
18017,-2.1433901026924208e-09
18018,-2.5291784467983863e-09
18019,-3.0622559914186522e-09
18020,4.259647932619942e-09
18021,-1.2110950073193496e-08
18022,1.6798246562643678e-08
18023,5.412371015082436e-09
18024,-9.955126742955366e-09
18025,-1.060937379137826e-08
18026,-1.229615390097109e-09
18027,-1.6913166572085683e-08
18028,-9.741868468278336e-10
18029,1.9379005384669308e-09
18030,3.2979775914187707e-09
18031,1.4524740931034368e-09
18032,1.9309549371360215e-08
18033,-2.3466148298827234e-09
18034,-8.207599739587398e-09
18035,3.959278845204438e-09
18036,2.561234324412329e-09
18037,3.535021040484057e-09
18038,-3.1663925221765925e-09
18039,-3.9465761030950305e-09
18040,2.85710623409098e-09
18041,1.5777282391030927e-09
18042,2.134810280681087e-08
18043,-5.891935039578112e-09
18044,-2.005969734837222e-09
18045,-4.026059004820577e-09
18046,-4.717689740203802e-09
18047,-3.2676678615827792e-09
18048,-9.145857903400279e-09
18049,9.412403563685558e-10
18050,4.174508414169197e-09
18051,-6.5473794963081945e-09
18052,7.695896719875863e-09
18053,-4.394696005386968e-09
18054,-8.559873747517251e-09
18055,1.9739792448869154e-09
18056,1.1476292264121793e-09
18057,2.9982363921650944e-09
18058,1.803197393421233e-09
18059,5.647392971938694e-09
18060,2.0733933471495127e-09
18061,5.5221006118692034e-09
18062,-7.325676432197876e-10
18063,-2.2014405986829973e-10
18064,-5.058548860701305e-09
18065,7.190613787207409e-10
18066,1.5038394943515293e-09
18067,-6.811463325091249e-10
18068,-1.1427297917235666e-08
18069,-2.1447822818382823e-09
18070,-8.020988751733474e-10
18071,2.7320647132580658e-09
18072,2.855387461838455e-10
18073,-5.136643010396438e-09
18074,-1.9228331796187305e-08
18075,8.216232868280815e-09
18076,-1.4139528835043032e-09
18077,-4.7188153536315196e-09
18078,-2.182156406463155e-09
18079,-1.3657668358309352e-09
18080,-3.216036622869417e-09
18081,4.395465048363649e-09
18082,3.88908044046773e-08
18083,1.3267092235100256e-08
18084,-5.47345919442825e-10
18085,-1.3532075634826773e-08
18086,-2.3998577405057613e-09
18087,5.219255417121551e-09
18088,6.377509837051043e-09
18089,2.228366752794445e-09
18090,-2.9188529201259683e-10
18091,2.4463394181703004e-09
18092,1.4267892958546709e-08
18093,-3.0423941173941557e-09
18094,-3.579011254961052e-09
18095,1.1116434167222725e-08
18096,6.4040946410951445e-09
18097,-2.1606004501048603e-09
18098,-7.719774276110147e-09
18099,-5.367504119064191e-09
18100,-9.176268896459937e-09
18101,3.1644962041744145e-09
18102,-8.470207964075469e-09
18103,-5.5410575897321954e-09
18104,2.836944176529384e-10
18105,-9.98470664078363e-10
18106,-2.3353670835138215e-08
18107,-2.1824965095701546e-09
18108,1.0150973255242724e-08
18109,1.0128185958191899e-08
18110,1.002811455986811e-08
18111,-4.675793980198719e-10
18112,-3.954142531639758e-09
18113,-9.585794533192548e-10
18114,-1.244005018148709e-08
18115,3.749198199110369e-09
18116,2.2937207343770583e-08
18117,3.1248518008984966e-09
18118,-9.598380692574072e-09
18119,2.6092977557502405e-09
18120,1.6072520868888442e-08
18121,1.7091382355012922e-09
18122,8.943445325991877e-09
18123,-9.231115898869169e-09
18124,2.0278189173098596e-09
18125,5.813522648837325e-09
18126,2.3292887408572386e-08
18127,-3.3577803211397822e-09
18128,-1.810794730509981e-09
18129,6.238949094484812e-11
18130,3.3664422731844565e-08
18131,4.225020826973467e-09
18132,5.640313201109615e-09
18133,2.4506637312368432e-09
18134,-1.990332944667022e-09
18135,-6.174844865847604e-10
18136,-7.488020295466222e-09
18137,-9.545012353448706e-10
18138,7.054016537490695e-10
18139,-1.1062333623982695e-09
18140,-2.725107087009703e-10
18141,-8.858851978866641e-09
18142,6.4316896326175675e-09
18143,7.209028899429854e-09
18144,1.7500639527047603e-08
18145,-6.359764157407572e-10
18146,-4.874188599160056e-10
18147,3.523757599482114e-09
18148,4.378727646866101e-09
18149,5.98608440526583e-09
18150,1.3108347812069012e-08
18151,7.129617422744256e-09
18152,-9.192080546678581e-09
18153,-1.2542740561108322e-08
18154,3.959165681939937e-09
18155,8.69738874433157e-09
18156,7.829742481953872e-09
18157,-1.1579808451437224e-08
18158,-1.1309035560861467e-08
18159,-2.2994481536463852e-09
18160,-1.1707694962147117e-08
18161,2.8460886172594304e-09
18162,9.6769811193691e-10
18163,3.912335946792853e-09
18164,-9.573884228220077e-10
18165,-6.07596505516915e-09
18166,-3.482976779945651e-09
18167,-3.196897650561143e-09
18168,-1.0044986076558349e-09
18169,1.0207662815647668e-08
18170,1.5926145825794524e-09
18171,1.5356819784882624e-09
18172,-2.078444438158488e-09
18173,8.049633417562843e-09
18174,-3.3260046985344396e-10
18175,4.648549538825083e-09
18176,2.0313186756604177e-08
18177,-2.2851652968722978e-10
18178,-8.643361960651526e-09
18179,-7.157170221958141e-10
18180,1.154372716118655e-09
18181,-4.303434138612528e-09
18182,-1.0437359084425296e-08
18183,1.2496476527849637e-09
18184,-5.177623415034661e-09
18185,-2.5286600352482246e-09
18186,-1.5059855216536147e-09
18187,-5.689469516769239e-10
18188,8.40972254076702e-09
18189,-1.051133794941488e-09
18190,1.9188325501262594e-08
18191,8.247444618127144e-09
18192,-1.3930118892046423e-08
18193,-3.8313281718725075e-09
18194,-1.0677051556990577e-08
18195,-7.213828844983957e-09
18196,-8.988133277955438e-09
18197,-6.407024123554754e-09
18198,2.284661008850658e-09
18199,1.21607253123179e-08
18200,1.8141112777634432e-08
18201,-1.7608941958039338e-09
18202,-1.4302751003408526e-09
18203,1.5685818418855252e-08
18204,-6.344003863527831e-09
18205,1.2836613794543305e-08
18206,4.379454383661189e-09
18207,-1.3114206572395202e-08
18208,2.931333234552719e-08
18209,-3.476357380297226e-09
18210,-6.729927913979179e-10
18211,-1.1166069695756613e-08
18212,-8.404528687064742e-09
18213,1.1425168484690032e-08
18214,-1.6419185619171154e-09
18215,-3.724162710051355e-09
18216,2.327137237134145e-10
18217,1.9067333385549087e-08
18218,-1.5921845297176054e-09
18219,1.1191920469557813e-09
18220,2.0122045393080693e-10
18221,-5.7858468818568815e-09
18222,7.991595815591362e-09
18223,-4.7531382018288705e-09
18224,2.0654266375337477e-08
18225,-7.817636139416284e-09
18226,-2.902082132060208e-08
18227,-1.970406295559526e-09
18228,-1.2823260000543099e-08
18229,8.106923292608782e-10
18230,4.756020428984457e-09
18231,-6.175408072401181e-10
18232,9.451186556832014e-09
18233,-1.787100953645593e-08
18234,1.7387029106633264e-08
18235,2.6963005868314216e-09
18236,1.2176049802190475e-08
18237,2.430544102270582e-09
18238,-2.2295082220855353e-08
18239,-3.161228178878409e-09
18240,-1.332065991587296e-09
18241,3.144524241926915e-09
18242,-3.964867803319663e-09
18243,-1.8588730182600585e-08
18244,1.2838328607614324e-08
18245,2.3283640371277392e-09
18246,2.4023399793549316e-09
18247,1.4413919642637852e-08
18248,-9.753353554280457e-10
18249,3.3365351297005124e-09
18250,2.8891680487671353e-08
18251,2.9146025567097184e-09
18252,1.2530276627065569e-08
18253,3.664391708534755e-09
18254,-9.879155797917186e-10
18255,1.2408541553941629e-08
18256,-2.554107379317463e-09
18257,-2.599158865330953e-09
18258,-5.40503705762485e-09
18259,9.900240396135056e-09
18260,-4.816558063458381e-09
18261,1.5645903702329034e-08
18262,-3.1048184345266593e-09
18263,1.0548045965135241e-08
18264,-9.449363391244145e-09
18265,-1.4345028317441124e-08
18266,-1.748910926706268e-09
18267,-1.2147741120808029e-09
18268,-1.6250111768313776e-09
18269,-3.4544229857979424e-09
18270,-5.916320756586727e-10
18271,3.038353124253166e-08
18272,-1.7930893790304834e-08
18273,8.657880521843428e-09
18274,-1.4839837765459812e-09
18275,-5.306673621222699e-09
18276,5.314671790133169e-10
18277,-8.900809171780062e-09
18278,-7.485523554208278e-10
18279,3.120809320469384e-08
18280,1.7359702551569362e-09
18281,-8.0290402030573e-10
18282,-1.1985659018306704e-08
18283,1.5937491421867377e-09
18284,-1.5581530941931179e-09
18285,1.1509835874839158e-08
18286,9.111593506674673e-10
18287,7.404706397073989e-10
18288,-7.862970149041799e-10
18289,-5.874970555307485e-09
18290,-6.548549937438774e-09
18291,8.803105939130166e-09
18292,2.6931558524661163e-09
18293,-4.650327620116214e-09
18294,-3.8846779408096715e-09
18295,-5.3742583484443275e-09
18296,1.748491907018839e-09
18297,1.4837783811600024e-08
18298,-2.9213034532344707e-09
18299,-4.161338304180808e-09
18300,7.468180316222012e-09
18301,-3.828374116261443e-09
18302,-3.4044740681983767e-09
18303,-8.533129809247564e-09
18304,1.1006717853335044e-08
18305,-3.3266177396528676e-09
18306,2.2375157958480424e-09
18307,-1.849078726302273e-09
18308,-4.596065983072842e-09
18309,-2.8685689050772956e-09
18310,-4.683091862221906e-09
18311,-1.6258654423089182e-09
18312,-4.1243292278783764e-10
18313,-1.8040864056497586e-09
18314,-1.4035781175903924e-09
18315,3.882146198980278e-09
18316,-7.08560222689445e-09
18317,1.1747682329613602e-09
18318,-2.474218023408718e-09
18319,-8.918903688418366e-09
18320,1.885792028124321e-09
18321,-1.6950192885135343e-08
18322,-7.649561652521226e-09
18323,8.224462098636662e-10
18324,1.2492998951043967e-09
18325,-2.1617253296320896e-08
18326,-1.0607862545141567e-09
18327,-7.241156608547794e-09
18328,1.7223020312316094e-09
18329,-1.2284432021161404e-08
18330,8.26154915547408e-10
18331,-7.84157872115694e-09
18332,-3.726670843471058e-08
18333,-1.6812440723046468e-08
18334,-1.4073854152465734e-09
18335,7.898009068132229e-09
18336,1.1695364303622267e-08
18337,-3.3319163507444533e-10
18338,-8.260971958525991e-09
18339,-8.60199222511072e-09
18340,7.972796352569625e-09
18341,6.877653205920592e-09
18342,-1.4149451357732669e-08
18343,-1.035329433516132e-08
18344,-1.07632742586818e-08
18345,2.801324309951042e-09
18346,3.566141947008766e-09
18347,-6.925472845756645e-10
18348,7.417352676963117e-11
18349,-4.616006294401837e-09
18350,1.0399155621760797e-09
18351,-4.0304832524448495e-09
18352,-6.3274509157749695e-09
18353,6.09259628356389e-10
18354,1.1388203239121745e-08
18355,-2.6923648245639155e-08
18356,-1.965510938166597e-09
18357,-1.1737527764828891e-08
18358,7.050762732070322e-09
18359,-4.532261993894722e-09
18360,-1.274989062984672e-08
18361,-2.446769546142662e-09
18362,1.0567433709941168e-08
18363,-2.1605946084987486e-09
18364,3.8837646035197e-09
18365,-2.0877012318097244e-09
18366,-7.674331928812181e-09
18367,-1.0535091988488707e-08
18368,-1.1579864622866378e-09
18369,-7.497142087630012e-09
18370,-1.1509795371898269e-08
18371,-1.6624945268174278e-09
18372,-8.719511706130177e-09
18373,1.2570917644220937e-09
18374,-3.4801988038717935e-10
18375,-6.724977923225721e-09
18376,9.29534807677491e-09
18377,-5.644705042122061e-09
18378,-6.055957694325816e-10
18379,1.4189647570465524e-09
18380,1.7568757047524795e-09
18381,-6.394694084773303e-09
18382,-4.049007600673252e-09
18383,-3.012094503483059e-09
18384,-1.2174150979899786e-09
18385,-1.3606418401071045e-09
18386,5.230702547438959e-09
18387,-1.7244472750224854e-09
18388,-7.385972736075873e-09
18389,9.640015798448011e-09
18390,1.6079036200737272e-09
18391,3.3658225428611044e-09
18392,7.180987059370689e-09
18393,-4.343003861062704e-09
18394,-2.624470185897466e-09
18395,4.750345525590534e-10
18396,-9.22566184691819e-09
18397,2.797852142325057e-09
18398,3.1547300378291357e-09
18399,6.151786091288488e-10
18400,8.84245519058485e-09
18401,6.299503986490325e-09
18402,6.105139726604816e-10
18403,-1.7319464638948481e-09
18404,5.861365638498685e-10
18405,1.519342091270685e-08
18406,-1.0181012165163504e-10
18407,-3.6225845837023705e-09
18408,-2.278043567133895e-09
18409,-2.308689947353294e-09
18410,-5.739794303656009e-09
18411,-1.9697379462984503e-09
18412,-7.754870156956674e-12
18413,-2.9930430506880856e-09
18414,-4.170345039306972e-09
18415,-1.2306994553733426e-09
18416,-6.868851630053685e-09
18417,-1.5000621954435543e-09
18418,-1.1492088250664326e-08
18419,1.2390797283698707e-09
18420,6.575743236217035e-09
18421,-7.834669313186869e-10
18422,3.0692413966937637e-09
18423,7.329906563451889e-11
18424,-5.616286183556677e-09
18425,6.809124406026681e-09
18426,3.8432220963362745e-09
18427,4.477998421911758e-09
18428,-6.426750454645523e-10
18429,-3.1843099390958154e-09
18430,-7.537495370748349e-10
18431,5.0435481279733915e-09
18432,4.795794939279438e-10
18433,-6.243295808227952e-09
18434,-2.947502190960147e-09
18435,-8.329970682605111e-09
18436,1.6248528244811753e-08
18437,1.2058825853529094e-08
18438,-1.1202610953682339e-08
18439,-1.475164567057967e-08
18440,-1.4568928542862448e-09
18441,-1.0286076535377575e-09
18442,8.793362241570793e-09
18443,-4.94757420381255e-09
18444,-9.334810162286142e-09
18445,-6.744965109601015e-09
18446,-6.4771527733701425e-09
18447,-6.820483042351888e-09
18448,-4.719051737870358e-10
18449,-1.365170754180548e-08
18450,1.1850303691783575e-08
18451,-9.669556870830335e-09
18452,1.3560192007191734e-09
18453,-6.359220543260868e-09
18454,6.711962054877581e-09
18455,7.481983362908601e-10
18456,-3.2270011380578836e-09
18457,3.036803844954832e-09
18458,-3.017823965791553e-08
18459,1.4698425758183853e-08
18460,4.950684054603297e-09
18461,-9.83856933500152e-09
18462,5.593024013883295e-10
18463,3.867517605773358e-09
18464,1.7030499143558186e-09
18465,1.2042631413966922e-08
18466,-3.477927795887362e-10
18467,-3.4519462097171044e-09
18468,1.4962475259658733e-09
18469,-2.4371228461049993e-09
18470,7.810793130405402e-09
18471,-3.686938810971581e-09
18472,2.76218204465053e-09
18473,-9.729903681406466e-10
18474,-2.6192552627828497e-10
18475,2.497333236302179e-09
18476,-8.398939704377961e-09
18477,2.968470016822324e-10
18478,9.611070070630997e-09
18479,4.892459259778889e-11
18480,5.44298062327439e-09
18481,-1.2045813386136176e-08
18482,1.7081089057579956e-09
18483,-3.504063648985087e-09
18484,1.377317911363407e-09
18485,-1.895915335173073e-09
18486,-2.413161784523383e-09
18487,-4.470543191182357e-09
18488,-6.149953785582477e-11
18489,9.23057436567483e-10
18490,1.7167311291560474e-08
18491,-2.5279466595241436e-08
18492,-2.6701609729671686e-09
18493,-1.8937887804660343e-08
18494,-3.0325300191902135e-09
18495,3.6275621125082498e-09
18496,-3.10326611569764e-10
18497,-2.2046437966815763e-09
18498,-2.7332660679113624e-09
18499,2.18010718912837e-10
18500,-2.6600327722694114e-08
18501,-5.024786618508484e-09
18502,5.839880096512724e-09
18503,-7.047035429612053e-09
18504,5.985926204765532e-09
18505,-8.286571826211225e-09
18506,-3.793644776989448e-09
18507,1.7629288916398108e-08
18508,-2.522120673006877e-09
18509,8.624539015860312e-11
18510,4.4345664895555854e-10
18511,8.165328947595587e-09
18512,3.123586433711817e-09
18513,-6.670239170134045e-09
18514,-1.4752327685545104e-10
18515,-6.526858606479796e-09
18516,4.707266932153987e-11
18517,-3.4159797727120664e-09
18518,-2.180669704604356e-08
18519,1.9214397397145325e-09
18520,4.268740638522149e-09
18521,2.726277321971627e-09
18522,2.1973943786992586e-10
18523,1.6846983092397722e-08
18524,6.934089907850054e-09
18525,-7.645286540402211e-09
18526,-1.2334721361862188e-09
18527,1.0342689276591302e-08
18528,1.3491427745535714e-08
18529,-3.467349172262473e-09
18530,2.0646122891113032e-09
18531,-8.794817904970538e-09
18532,-1.4791656628607232e-09
18533,-2.0353887132790533e-09
18534,-2.6769900216019634e-09
18535,5.752815812202581e-09
18536,-4.31596529748623e-09
18537,1.4054977488503255e-08
18538,2.303119910475934e-10
18539,-2.158143453640191e-09
18540,1.2729137623751115e-09
18541,-1.3468129308608508e-09
18542,1.268885807382216e-09
18543,-3.6874183589649652e-09
18544,-1.4434118495520458e-08
18545,2.2937228910893655e-09
18546,-4.708815328766665e-09
18547,2.3870934477151437e-09
18548,3.3294397193010196e-09
18549,-4.356007712155188e-09
18550,-2.093055344869804e-09
18551,-1.215050067744091e-09
18552,8.42122615895845e-12
18553,-9.124963251326807e-09
18554,-1.2570272308121119e-09
18555,2.829409432393543e-09
18556,-1.189196171439323e-08
18557,2.269108613229545e-09
18558,-1.4086383705782875e-09
18559,-5.54073932578647e-09
18560,4.138913376913229e-09
18561,-5.098350292750835e-09
18562,2.48392723189579e-10
18563,7.980892315320888e-11
18564,-6.445650203100628e-09
18565,1.004617125678497e-08
18566,-1.4603280905777576e-09
18567,-6.903877052188931e-09
18568,2.0891976626671005e-09
18569,-3.1470064805578687e-09
18570,-5.761497871513496e-09
18571,1.2640063583298135e-08
18572,6.004741510686028e-09
18573,-2.8853408718922094e-09
18574,7.054342542036261e-09
18575,-1.1309128021408636e-09
18576,4.426963006850445e-09
18577,2.9369455971269984e-09
18578,1.1685116109302507e-09
18579,-1.4302148859106834e-09
18580,-8.44701947090117e-09
18581,-2.072740899315215e-09
18582,5.724951876710978e-09
18583,2.4294272692281487e-10
18584,-3.4637657753706495e-09
18585,-7.771589541720647e-09
18586,1.5449438201862665e-09
18587,2.486621043516369e-09
18588,-1.3844229456145169e-08
18589,3.255180759632254e-09
18590,1.6440704697681598e-09
18591,-7.900022942954507e-09
18592,-3.8929602814959294e-09
18593,-5.288608447886634e-10
18594,-1.751839168677413e-09
18595,-3.9012002362130265e-09
18596,-6.909402153724479e-11
18597,6.210484026057653e-10
18598,1.0805434828145505e-08
18599,-5.129277933645804e-09
18600,-1.6256796204093865e-08
18601,-3.3449947523860243e-09
18602,-3.22217264905809e-09
18603,3.759353788323741e-09
18604,-1.3149333646020977e-09
18605,-1.7870425609009592e-09
18606,8.642858650016317e-10
18607,-3.5936230481785644e-09
18608,-9.204973580013121e-10
18609,1.4934423782893613e-08
18610,-5.751855272153912e-09
18611,-4.3056463965815045e-10
18612,2.9454488486834443e-08
18613,1.6725835034497346e-08
18614,-8.399939384087553e-09
18615,2.2725231471689993e-09
18616,-8.938996477826686e-09
18617,1.3613073994965627e-09
18618,-9.136801208937966e-10
18619,1.2883327814194271e-08
18620,-1.3864720914626287e-09
18621,-1.5682439891895887e-08
18622,-2.5628882774557825e-09
18623,-2.292940214317288e-09
18624,-2.1940034673337128e-09
18625,1.4259457997449664e-08
18626,-5.8460895627703215e-09
18627,1.3036760150717922e-11
18628,-1.5754828716782504e-09
18629,5.689350893529945e-09
18630,-5.395979290600425e-09
18631,1.4584066670110436e-08
18632,-9.472714142593798e-09
18633,-1.6059894294319708e-09
18634,-4.933713896183657e-09
18635,-1.3530540097657378e-10
18636,-8.979561036174674e-09
18637,-1.1418663209649687e-09
18638,-1.483176752630363e-08
18639,-1.0458250170483116e-08
18640,1.0055341174065503e-08
18641,1.6764193430906775e-09
18642,1.4649778181511469e-08
18643,2.7560795653522337e-09
18644,-4.209240153744443e-09
18645,-3.022992988380662e-09
18646,8.038986034416496e-10
18647,-2.097116962189559e-09
18648,-1.370429698052518e-09
18649,-7.289003431258387e-09
18650,4.33535774917364e-09
18651,4.603023969874186e-09
18652,-4.2590612591538974e-09
18653,-3.3082775818867726e-10
18654,-2.409366220209734e-09
18655,-4.699383369539969e-09
18656,-1.1842527232429596e-08
18657,7.0315210264837565e-09
18658,2.1735739670586313e-08
18659,-7.051882804311019e-09
18660,-3.4685967665498434e-09
18661,9.198460107303734e-09
18662,6.136000766782835e-09
18663,-3.936576772168193e-10
18664,-5.140746125800395e-09
18665,1.8490378038418407e-10
18666,-6.267275809832694e-09
18667,-3.861781178586837e-09
18668,-6.902268179128861e-09
18669,-6.414120652638468e-09
18670,1.12499065634697e-08
18671,1.219459858920509e-09
18672,1.007112560260729e-09
18673,-1.9298709256791798e-09
18674,-1.0535414692077439e-08
18675,-8.11099201258729e-09
18676,-1.087284724286102e-08
18677,-1.2613177912039178e-09
18678,5.2731799204333494e-09
18679,-2.417880311917162e-10
18680,-1.8516088436111804e-09
18681,-6.309942516391144e-10
18682,-4.909015303228012e-09
18683,-1.577336392565914e-09
18684,-7.585513004103775e-09
18685,4.5902605927406725e-09
18686,-1.488274086275801e-09
18687,1.1694003416011033e-08
18688,9.61966888501776e-09
18689,-3.5186498546074506e-09
18690,-7.056869337573634e-09
18691,-1.766391113328058e-10
18692,-6.437493602426584e-09
18693,-3.3034707829808667e-10
18694,-4.0075703619290725e-11
18695,1.5496088115579568e-08
18696,-2.328014530218065e-09
18697,2.0235008107066753e-09
18698,-3.1620351696202006e-09
18699,-4.545161971012409e-09
18700,6.669715674139085e-09
18701,-1.0678611013505885e-08
18702,3.855754921750669e-09
18703,-2.8431167461610695e-09
18704,1.552486501132632e-10
18705,-1.896853566882504e-08
18706,6.691397195056366e-09
18707,3.861916852004466e-09
18708,-1.358822801077028e-08
18709,-6.8558028011838695e-09
18710,1.0211043305744726e-09
18711,-7.385856530638245e-10
18712,-1.5187968961685178e-09
18713,-4.2046001451394216e-09
18714,2.6608024586167426e-08
18715,1.3276054628775089e-08
18716,-2.9616827862000215e-09
18717,1.8582943185985356e-09
18718,1.5474495674669914e-09
18719,3.2163750973963904e-09
18720,-1.992772312729177e-09
18721,-4.62778836497807e-09
18722,-7.659286663999372e-09
18723,5.5492734027880454e-11
18724,1.4985387317395952e-09
18725,-1.305725922108704e-10
18726,-2.742441604659159e-08
18727,5.3744221820730055e-09
18728,-2.5671887064574273e-10
18729,2.7773259787971097e-09
18730,-2.570515031102171e-09
18731,6.191589216915776e-10
18732,-1.7276652738085737e-09
18733,-1.4261912815658439e-08
18734,-9.3940675578203e-10
18735,2.2351235894437584e-10
18736,-1.8008302089662792e-09
18737,-2.1298407492335787e-09
18738,2.2813498431111713e-09
18739,9.619671692538712e-10
18740,-2.8363671038030366e-09
18741,-2.3661513570571648e-09
18742,-5.154802598938422e-10
18743,-3.6844274095414563e-09
18744,1.2111151007614755e-09
18745,-7.89144433231794e-10
18746,2.429786875432265e-09
18747,-2.611595134233415e-09
18748,-1.0132796526048675e-08
18749,2.3430459842190658e-08
18750,-1.973953343881844e-09
18751,-3.6442466055859307e-09
18752,-6.8227166646442095e-09
18753,-1.4772340241693004e-08
18754,-5.385407649830771e-09
18755,2.1103823956591545e-09
18756,-1.2655655792993638e-08
18757,-1.3598633582708187e-08
18758,1.0660502245171541e-09
18759,2.950063798605972e-09
18760,-4.81596067227553e-09
18761,4.061544718501084e-09
18762,-1.7613394714520733e-09
18763,3.959514324560241e-09
18764,-1.4207022635530542e-10
18765,1.0197590124857533e-08
18766,-1.7934859948751373e-09
18767,1.5733303493683917e-09
18768,2.634036696009496e-10
18769,1.1064888642530882e-08
18770,1.951030171367617e-08
18771,-3.4125322872938404e-10
18772,-7.527122131584018e-09
18773,-2.2377160205592254e-08
18774,-5.229771398698974e-10
18775,-1.0137098318096055e-08
18776,1.3919361052093676e-08
18777,-9.315902257948292e-09
18778,1.664578498949489e-10
18779,-1.1223034061583003e-08
18780,-6.40904391591027e-11
18781,-1.3975533836775256e-09
18782,5.074662333660424e-10
18783,-4.849153375237293e-09
18784,9.107203853735292e-10
18785,-4.291341305654186e-09
18786,-4.626146072137187e-09
18787,-2.2098625515951678e-08
18788,1.9218452417085335e-09
18789,-7.0513723320196695e-09
18790,-3.646250857586112e-09
18791,1.5755217751096438e-08
18792,-7.198127235620902e-10
18793,7.525437056420725e-10
18794,1.37773283240011e-08
18795,1.9607060420163385e-08
18796,-2.7005376591298897e-09
18797,-2.5813901937763712e-09
18798,1.0305077740436281e-08
18799,-6.97711123239148e-09
18800,9.018080727237763e-09
18801,-2.8515658758827753e-09
18802,-1.450119728118718e-09
18803,9.334012675819023e-09
18804,8.785099065761286e-09
18805,-1.203291048470155e-09
18806,-1.0084309004175183e-08
18807,-5.964726728982729e-09
18808,1.1620434923324772e-09
18809,-6.95696604542566e-09
18810,-6.0170065556100934e-09
18811,-1.2589527679443293e-08
18812,-7.116848841263288e-09
18813,-1.9301293348581223e-09
18814,8.887653991445356e-09
18815,1.421655534070655e-10
18816,2.339686376552272e-11
18817,-3.054240190616526e-09
18818,8.318387904487741e-09
18819,-1.773872536221602e-09
18820,8.170207428512078e-09
18821,-1.9980690709414656e-09
18822,1.716845106368725e-09
18823,2.511375051563362e-08
18824,-1.2034845937434142e-08
18825,-6.027536654821872e-09
18826,2.0713055233568696e-09
18827,-6.572752902416558e-10
18828,-1.6049507333843775e-08
18829,-1.2141106950088694e-09
18830,6.221748383914866e-09
18831,-1.993735547523345e-09
18832,-1.426066377775797e-09
18833,-1.337821737371659e-10
18834,1.0468057623861044e-09
18835,-1.7015278218350917e-09
18836,1.744540033369719e-09
18837,-5.657753640865331e-09
18838,1.0487037319990345e-08
18839,-3.0102986019405502e-09
18840,-5.798726154304508e-09
18841,8.703220884896122e-09
18842,1.49148015362117e-08
18843,-3.8109531622280895e-09
18844,2.870767782410686e-10
18845,-1.005040701794071e-09
18846,7.036518945124005e-09
18847,-1.359269783666071e-09
18848,-3.173566195856219e-09
18849,1.160769416413575e-09
18850,1.1006353185177676e-08
18851,-1.2037766357981481e-08
18852,2.7883794813093587e-09
18853,1.5401758278037918e-09
18854,-1.0675189807730614e-08
18855,2.342681276240772e-08
18856,-1.4257297167141339e-08
18857,9.214567848344379e-09
18858,9.228287523629211e-10
18859,-2.6520016839846882e-09
18860,8.190535378654731e-09
18861,-1.622885611627517e-08
18862,-4.17345777834897e-09
18863,-1.0665811404993978e-08
18864,1.4486025062147613e-08
18865,-1.2116714356227935e-10
18866,-1.125770456522108e-08
18867,-7.815801655356012e-09
18868,2.6903914303969745e-09
18869,4.439437875667359e-09
18870,3.2829215514691457e-09
18871,-1.713313765914737e-10
18872,-1.8758210387941393e-09
18873,-1.1449885052344958e-09
18874,-3.899229872728135e-09
18875,-9.400172648189625e-09
18876,-9.27970335402277e-10
18877,-4.3376560210459556e-09
18878,-3.900311613001635e-09
18879,1.8012943561803093e-10
18880,-1.7994988555991478e-09
18881,-6.907274203687909e-10
18882,-2.1442816005666213e-08
18883,-2.8975869588096505e-10
18884,6.036688452471106e-09
18885,1.983753555266563e-09
18886,1.7711453092060607e-09
18887,-1.444613951220465e-08
18888,-3.913364144823561e-09
18889,3.057875222374832e-09
18890,-1.0716701273226215e-08
18891,-4.295866047777755e-10
18892,2.7757996240782358e-08
18893,-5.178245492147629e-09
18894,-2.1365923556237887e-09
18895,9.641881096837582e-09
18896,3.5410826098555544e-10
18897,1.2370783853655434e-08
18898,1.5016756472068107e-08
18899,-5.129809390977109e-09
18900,-1.2201061392788445e-09
18901,-1.8264481920096717e-09
18902,-4.3223997329137116e-09
18903,-3.738277734293356e-09
18904,1.1545273027058027e-08
18905,-7.741033187683926e-09
18906,-4.419014423895904e-09
18907,-1.8510988076268422e-09
18908,9.032070708206094e-09
18909,-1.3642340473408633e-09
18910,1.2153901522690564e-09
18911,5.127218094661793e-10
18912,4.988091645713031e-09
18913,-1.2386534148713956e-08
18914,4.589988120159786e-10
18915,8.878385631598307e-09
18916,-2.6423134536444667e-08
18917,1.0870573077479829e-08
18918,-1.0571308105221055e-08
18919,-1.1456023815879774e-08
18920,-3.291258270241606e-10
18921,-5.588544224473093e-09
18922,3.5438312889579504e-09
18923,-2.698415705252081e-08
18924,-1.3573690184143725e-11
18925,-5.734240743279546e-09
18926,-3.5594021893965883e-09
18927,1.97782664251672e-08
18928,1.7729157627511862e-08
18929,-8.942070358367688e-10
18930,5.045292616574227e-09
18931,-9.229313928216084e-09
18932,1.650369297941809e-09
18933,-1.9884693725965275e-09
18934,1.0202561211517775e-09
18935,-4.9942390553746515e-09
18936,-3.2950428877017586e-09
18937,-1.0279009332219646e-09
18938,-1.798437622406208e-09
18939,1.9619433041052173e-09
18940,-2.625262867522625e-08
18941,-4.6545797690962445e-10
18942,2.157384526638091e-09
18943,-8.635097516166753e-09
18944,-2.2305719811862066e-09
18945,-1.0708841086753011e-08
18946,3.948288119188128e-09
18947,4.397387775431721e-09
18948,9.839864086455265e-09
18949,-5.446026086565866e-09
18950,-3.5936221869319105e-09
18951,1.506368662575888e-08
18952,-4.470872991121272e-09
18953,9.97043539723914e-09
18954,-1.4450984413111057e-09
18955,1.2714647228246754e-09
18956,-4.077906948179264e-09
18957,9.202620550205123e-10
18958,3.6948618491105562e-09
18959,-1.4171680973832747e-09
18960,-1.1581758680450365e-08
18961,-1.8282734797011549e-09
18962,-1.1354453802203054e-09
18963,-1.8261852477021907e-09
18964,3.727287121321877e-09
18965,-1.102730889884559e-09
18966,-1.6833441981702564e-09
18967,1.2293174133259995e-09
18968,7.727605261227865e-10
18969,-6.020518815740096e-09
18970,-2.974041214433601e-09
18971,1.4410962703790535e-09
18972,-2.2195649044990912e-09
18973,4.457556180610433e-09
18974,-2.1619479073303775e-09
18975,6.579438355186052e-09
18976,2.217028393535652e-08
18977,-1.926037372410105e-09
18978,-1.3043446688590838e-10
18979,-8.958360550977277e-10
18980,4.909014979148904e-10
18981,8.12937027761481e-10
18982,-2.21866876849886e-09
18983,-5.442765556099124e-09
18984,8.56770272975818e-09
18985,-2.8856954578348222e-11
18986,-1.9681703538030228e-09
18987,-4.1534608022873435e-09
18988,-1.730155851707196e-08
18989,-2.2973223131336417e-08
18990,9.139469508248897e-10
18991,-9.358846147317965e-10
18992,8.278147147892204e-09
18993,1.3272651434254029e-09
18994,1.216626890750764e-08
18995,1.6803343226801888e-09
18996,9.081936233245814e-09
18997,3.9359021337527077e-10
18998,-3.017137000705127e-09
18999,-1.29705683326423e-08
19000,6.935581565197043e-10
19001,-5.091137171811344e-09
19002,-8.665687041895491e-09
19003,-4.617505434983205e-09
19004,-3.2004729246748596e-09
19005,-7.515092876965289e-10
19006,-7.015373307028314e-09
19007,5.938578731824284e-09
19008,-3.4923510634993156e-09
19009,1.1145047215061665e-08
19010,1.469053567366185e-10
19011,-6.5237535858592385e-09
19012,-5.696666940992902e-09
19013,1.0588910855692351e-09
19014,4.866979324371715e-09
19015,-1.5306868412693182e-09
19016,-8.139082187661783e-10
19017,-1.0935171898399902e-08
19018,1.5301898150926734e-08
19019,-4.561959626830797e-09
19020,-2.91973387596076e-10
19021,2.312073895965683e-09
19022,6.460117558835844e-10
19023,3.423672050217109e-08
19024,-4.2310853181593696e-10
19025,9.510951767784594e-09
19026,-8.314248586455097e-11
19027,-1.1208988178530133e-09
19028,3.760638807289558e-09
19029,-1.9744084103123272e-08
19030,9.667928831125408e-10
19031,-1.4107831183710764e-09
19032,1.1090098093580012e-09
19033,7.928341304692373e-09
19034,-2.4800078284697424e-08
19035,7.431534051611776e-09
19036,3.5590457816883914e-08
19037,-6.514574193063362e-09
19038,-5.349620038636931e-09
19039,-2.601088480243339e-09
19040,-1.0229641995234898e-09
19041,3.783414876578285e-09
19042,8.204608633528007e-09
19043,9.99909676371971e-09
19044,-3.5543094970193297e-09
19045,-1.1016704850084784e-08
19046,3.6533156464529186e-09
19047,-3.9272106216145226e-09
19048,1.2892118194574961e-08
19049,-3.109491737288041e-09
19050,1.1832079032942462e-09
19051,2.7004116238918947e-09
19052,-2.3735553998964453e-09
19053,1.3516923045262203e-09
19054,-4.465476057388569e-09
19055,-1.3103075401390323e-08
19056,-2.3130352369234915e-11
19057,-2.432606714310073e-09
19058,1.5678199126070088e-08
19059,1.7511254901586263e-09
19060,9.67178330101394e-10
19061,-9.632101999810922e-09
19062,2.9079580163324458e-08
19063,-2.3707019939573872e-09
19064,-4.884874092769558e-09
19065,-5.07669905464403e-09
19066,5.6969243649673794e-09
19067,1.1171740158685886e-08
19068,3.581019810616259e-09
19069,-3.0477473922351753e-09
19070,-1.2156251785150226e-08
19071,8.129986367653567e-11
19072,1.2053561882857115e-09
19073,3.801873977659113e-09
19074,-3.314616118752176e-09
19075,-2.6150714420720327e-08
19076,-1.1892372355085654e-08
19077,1.0299229161418555e-08
19078,-2.826812786720637e-08
19079,1.5826651741522835e-08
19080,-1.5497679998876958e-08
19081,7.2009670603343525e-09
19082,7.09297601892014e-09
19083,-8.027712031944976e-09
19084,3.1666874210384256e-09
19085,-8.363055172320576e-09
19086,9.403485460793036e-09
19087,-4.870399977512085e-09
19088,-3.755765765829692e-09
19089,-2.842021135844079e-09
19090,-8.712229781575329e-09
19091,-2.628137981343428e-09
19092,-1.5471883027974524e-09
19093,2.292282452444847e-09
19094,3.739452015994614e-09
19095,-5.3922004217866475e-09
19096,8.659826647734582e-09
19097,-4.36554604964823e-09
19098,1.1832465436985464e-08
19099,-9.863489307214857e-09
19100,-1.6036305289047515e-09
19101,1.4150728279677413e-08
19102,-1.6849510429655692e-10
19103,-5.3728126996221474e-09
19104,-3.2973625800951917e-09
19105,3.370428410844917e-09
19106,-3.6081396412087846e-09
19107,5.4149248253886695e-11
19108,1.603262629595422e-08
19109,-4.732456915848613e-09
19110,1.0346251518069613e-08
19111,-1.7065507926330855e-08
19112,-3.1052477575594108e-09
19113,3.847754447842059e-09
19114,7.68903249706584e-10
19115,2.0896978101785317e-08
19116,-6.117901773581364e-09
19117,-1.0858008968899523e-09
19118,-1.0549012673126827e-08
19119,8.361934433279651e-09
19120,-6.2747526197726595e-09
19121,1.1402332728985163e-10
19122,7.600556970257869e-10
19123,6.330579182700042e-09
19124,1.6243229372609435e-09
19125,-3.842562815560739e-09
19126,-2.4302796859704824e-09
19127,-6.745591508541697e-09
19128,-6.244686451218287e-09
19129,3.0367823602700882e-09
19130,-4.408842476259526e-09
19131,-4.055997529570166e-09
19132,-9.755969144707577e-10
19133,6.395213488447675e-10
19134,-3.0271441523069406e-10
19135,-5.392431446627244e-09
19136,-2.928391437434654e-08
19137,5.84978356580613e-09
19138,-3.0954462358797727e-09
19139,-2.4198414313306538e-09
19140,-9.758360902299696e-09
19141,-6.602239324164241e-09
19142,-8.091095472734683e-09
19143,-3.35718563229129e-10
19144,-1.8659896387502455e-08
19145,-3.6524451749657045e-09
19146,1.1328730135885026e-09
19147,-2.1189527951861427e-09
19148,6.432590405000667e-09
19149,-1.7073151527083477e-10
19150,-2.406498807032135e-10
19151,-2.1029094184246242e-09
19152,1.1839132324985905e-09
19153,-4.348443257426915e-09
19154,2.3466041939943286e-10
19155,4.53586927275007e-09
19156,1.1937094805722104e-09
19157,4.9635239116181416e-09
19158,4.945998450302563e-09
19159,-3.5549596595425783e-09
19160,5.279946379150823e-09
19161,-6.309258962809604e-09
19162,3.008811474171221e-08
19163,5.359139614646298e-09
19164,-1.4713313975582381e-08
19165,5.410162809300517e-09
19166,-8.256542843517935e-09
19167,-3.4256223578040793e-09
19168,-9.404302401220379e-09
19169,1.4773287414626982e-09
19170,1.279127705066264e-08
19171,-1.0058918617673676e-08
19172,-1.0024626692684511e-08
19173,-3.6309764521747467e-09
19174,8.703047469353243e-09
19175,3.649463885772482e-09
19176,-1.1578945587422037e-08
19177,-4.114970220519657e-09
19178,-1.81435957668493e-08
19179,1.111586548710904e-09
19180,-8.487800823551083e-09
19181,3.629209929512363e-09
19182,1.0943991832855142e-09
19183,2.6575329259540927e-08
19184,-6.579765429664888e-09
19185,-1.7118822829386533e-09
19186,1.896447207633404e-09
19187,4.450585107649224e-09
19188,-2.73005854299428e-10
19189,-5.262658826788492e-10
19190,-5.181485017119666e-09
19191,3.533091761141904e-10
19192,-1.003352889558647e-08
19193,-6.877124005494015e-09
19194,1.872571524049662e-08
19195,2.595261523959336e-09
19196,-1.037109849098774e-08
19197,1.7948656858041504e-08
19198,-8.672911674755129e-09
19199,-8.910279546952505e-09
19200,5.682440542138839e-10
19201,-1.3638758276321478e-10
19202,6.495120132790381e-09
19203,-2.6217249732434868e-09
19204,-3.1700636557570605e-09
19205,-8.348343471698979e-10
19206,1.0132588754398863e-09
19207,-7.713273350897502e-09
19208,8.359828420223539e-10
19209,2.610657881552196e-10
19210,-9.764256086977187e-09
19211,7.107757000097661e-09
19212,-3.7626232150808436e-10
19213,1.896545274638334e-09
19214,8.214510166924518e-10
19215,8.819489549051144e-10
19216,2.710922822559823e-08
19217,2.0597593473604163e-09
19218,8.113038700760945e-09
19219,-5.770332371691115e-09
19220,-3.353350646138509e-08
19221,-3.557067855758561e-10
19222,2.795900337484374e-10
19223,-1.248227018858859e-08
19224,-2.401729076973878e-10
19225,-3.874607243657597e-09
19226,1.243357645394458e-08
19227,-2.0937084645994856e-09
19228,1.350340711718093e-08
19229,-8.522777486721122e-09
19230,-5.7185453794643004e-09
19231,-5.766330302693511e-09
19232,5.321281013934275e-09
19233,-1.1635142129566395e-08
19234,-9.817076425563053e-09
19235,5.719857720323186e-09
19236,-5.487427197255196e-09
19237,9.041719707886839e-09
19238,-1.3183046776717256e-08
19239,-9.516523566678997e-10
19240,6.4151824645717734e-09
19241,-6.984724477461864e-09
19242,2.269478413709147e-09
19243,-6.1910333257394235e-09
19244,3.7145491909936425e-09
19245,1.9358722615733563e-08
19246,8.275960586113353e-09
19247,-3.0135883661361315e-09
19248,-1.1318722739893617e-09
19249,-1.7333541471296776e-09
19250,-2.2631771510074948e-09
19251,5.011501149263213e-09
19252,-4.499164049451422e-09
19253,-2.677707848524912e-09
19254,-5.3463429041152025e-09
19255,-2.1744427741268218e-09
19256,1.061607594791446e-09
19257,-3.826452293465111e-09
19258,-4.704329823934114e-09
19259,-8.955823841377312e-09
19260,1.4177109587281312e-09
19261,-3.4538553593504257e-09
19262,3.0633735996740477e-09
19263,2.400981243605004e-10
19264,-1.2679210758383493e-08
19265,3.649451631877928e-09
19266,-2.733420764041203e-09
19267,-1.8555261385690442e-09
19268,-2.4300953372212233e-09
19269,-4.955608405430631e-09
19270,-1.256720094753701e-08
19271,5.040729787705761e-09
19272,-2.155108423075872e-08
19273,-2.3349835360961577e-09
19274,1.1057371945071755e-09
19275,-6.8814620556280994e-09
19276,4.155665234624577e-09
19277,-5.3821161061717215e-09
19278,9.38811451173307e-09
19279,4.529443615711554e-09
19280,4.445022531539752e-09
19281,-2.186326210256953e-09
19282,-3.6128142493944456e-09
19283,-4.266269126132504e-09
19284,9.409529429681689e-10
19285,-6.7281051190539775e-09
19286,1.2168226248067723e-08
19287,3.1196680844168156e-09
19288,1.2360693483778798e-09
19289,-4.969457664351443e-09
19290,2.5693694665202436e-08
19291,1.229670554570659e-08
19292,1.192178534436193e-09
19293,-3.4265026880921955e-09
19294,7.453538803410271e-10
19295,3.543572451143965e-09
19296,-4.544815527554545e-09
19297,-2.586744917742991e-09
19298,4.72942634207576e-09
19299,-5.209390895899177e-09
19300,-1.928359549221258e-11
19301,-1.7812263847822372e-09
19302,-1.8501252410967486e-09
19303,-9.590261796423413e-10
19304,9.36889353256832e-09
19305,3.135547357337049e-08
19306,-9.861203798589985e-09
19307,-3.989822567178368e-09
19308,1.6539703560160228e-08
19309,9.812753700898434e-10
19310,6.141476993441437e-09
19311,7.556772300263376e-09
19312,6.303855891060886e-09
19313,-5.3616723927792394e-09
19314,2.4664027205584236e-09
19315,-1.9882319356973094e-09
19316,-1.0186127946595711e-08
19317,1.5552297265795297e-08
19318,1.6031724042280314e-08
19319,-5.296379170654479e-09
19320,-2.1065912841356146e-09
19321,4.729692795661523e-09
19322,-4.854774982966853e-09
19323,-1.6272684049304169e-09
19324,-2.0797079081308353e-09
19325,-1.2571107010019994e-08
19326,-8.335969292971457e-10
19327,-1.0758868634557953e-10
19328,-4.478878093272034e-09
19329,-1.4158319766125764e-08
19330,4.88753642598346e-10
19331,1.786521352357154e-08
19332,1.9401783032677903e-09
19333,-1.1334976920411502e-09
19334,-9.479951285631294e-10
19335,-2.3753615414348955e-10
19336,1.79618907973314e-08
19337,9.580792063024969e-09
19338,2.070260837399423e-09
19339,-1.7025469293302273e-08
19340,-3.637159186870711e-10
19341,1.0326413299609858e-09
19342,-2.073611123653229e-09
19343,-2.743059907223898e-09
19344,4.801906717613416e-09
19345,-9.208690576998563e-09
19346,-1.1514609172853979e-08
19347,1.0304475269522173e-09
19348,2.404533739871771e-09
19349,-7.4016040384439694e-09
19350,-1.2760720055776092e-08
19351,-2.0173778010970918e-10
19352,4.911244328760384e-10
19353,1.3544515577404593e-09
19354,-9.458020242478978e-09
19355,4.190253065815515e-09
19356,-7.3240536267761454e-09
19357,-1.6809151692632356e-09
19358,-1.0866471243014138e-09
19359,5.390208060829766e-09
19360,-8.941552324787077e-10
19361,-7.410062068927705e-11
19362,-4.180487684547805e-09
19363,8.941374397666769e-09
19364,-9.179282176926323e-09
19365,-4.08689929478413e-09
19366,4.722611949766151e-09
19367,2.6229835374325695e-08
19368,-4.504836137026585e-09
19369,-2.428895678706897e-09
19370,2.077255421612019e-09
19371,-2.1468875343967944e-09
19372,1.8508733079866056e-08
19373,-5.678352892321887e-09
19374,5.8695055531677206e-09
19375,9.199883615811123e-10
19376,2.8505454622261613e-09
19377,2.8974918127648964e-10
19378,-1.4237670495184413e-09
19379,-3.1060735279775786e-09
19380,4.3406297779622933e-10
19381,2.515394780728016e-09
19382,-4.4853839407316605e-09
19383,-1.1854303608305866e-09
19384,3.895523278932556e-09
19385,-1.0880137780532843e-09
19386,-3.923749473646932e-09
19387,8.91760263575088e-09
19388,-1.159880643184674e-09
19389,-3.9262797212373904e-10
19390,-1.5321047947467972e-10
19391,-2.8386000035972915e-10
19392,-6.592227016791316e-09
19393,-3.939497591716997e-09
19394,-1.5785230040495402e-09
19395,-1.9353650776136866e-09
19396,8.241828336199665e-09
19397,9.540972565810583e-11
19398,-9.936847439394607e-10
19399,-8.912514629857146e-09
19400,-6.713493065572705e-09
19401,-5.689554465327207e-09
19402,-2.8677365528869604e-10
19403,4.6823079936589094e-09
19404,1.7186083344998567e-08
19405,-1.9200218248166553e-09
19406,-2.516519758443364e-10
19407,-4.0310309277648456e-09
19408,-4.967109063714366e-09
19409,2.5691043336701456e-09
19410,9.991003552257363e-09
19411,4.5962591287220453e-10
19412,-3.330602766531089e-09
19413,1.1828906133298105e-08
19414,2.8772785644632165e-08
19415,-9.783227373094187e-10
19416,1.9371431830521403e-08
19417,-6.355904987195888e-09
19418,-8.56797761843234e-09
19419,1.2473481096986071e-09
19420,1.7418247105927934e-09
19421,1.6856917537395321e-09
19422,-1.1482669252918616e-09
19423,4.6198920658347334e-10
19424,2.1916966636409014e-09
19425,-6.649470541965769e-11
19426,3.766253134830523e-09
19427,-1.495522249058929e-09
19428,-6.1845105272337784e-09
19429,-9.03496914002654e-09
19430,-6.232628012201781e-10
19431,1.7919048728417422e-09
19432,-7.965198699765836e-09
19433,-7.068960104534208e-09
19434,-6.98347347637002e-11
19435,-1.4302323375591302e-08
19436,-2.241111032130901e-09
19437,1.3272514453012281e-08
19438,1.041159686511742e-08
19439,-3.2246713693105746e-09
19440,9.353693112341037e-10
19441,-5.488439980793108e-10
19442,-3.6058626116229962e-09
19443,-3.237116454263381e-10
19444,-5.769868586863188e-09
19445,5.619535759905696e-09
19446,1.1746703552262327e-08
19447,1.3475288258854593e-08
19448,8.214696074424338e-09
19449,-3.1184498084792552e-09
19450,-5.588949958414606e-10
19451,-7.99723084337515e-10
19452,-2.824192289535669e-10
19453,1.171725325555496e-08
19454,2.8542777116762436e-09
19455,-2.182319891073613e-08
19456,-2.563595734888431e-09
19457,-1.1890722859096372e-08
19458,9.572751503709246e-09
19459,1.4076697823817111e-08
19460,-9.998221927064647e-10
19461,1.128209272787675e-08
19462,-1.5288321653616132e-09
19463,9.47703955531442e-09
19464,-2.4545106760470202e-09
19465,-3.935146495847005e-09
19466,2.9678495556239527e-09
19467,-1.9776090552738007e-09
19468,1.6048983218278437e-08
19469,-3.021999579291751e-08
19470,-8.600549464317277e-09
19471,5.421744812962389e-09
19472,-2.979260266301613e-09
19473,-2.5109964260886576e-10
19474,-7.967946215098318e-09
19475,-1.0316423727562613e-08
19476,4.019395078625695e-11
19477,-8.334605995144048e-09
19478,-7.499884867176015e-09
19479,1.5300848389925546e-08
19480,-2.5669188824299953e-10
19481,-2.421362806335725e-09
19482,9.417318197760339e-09
19483,-1.2069145142488353e-08
19484,1.3336436803874292e-08
19485,-2.541724900280966e-09
19486,-7.689207490416628e-09
19487,2.278067061609481e-09
19488,-4.938301632340008e-09
19489,-3.904861375650939e-09
19490,5.493117865075681e-10
19491,5.072302601000219e-09
19492,-1.146336672090634e-09
19493,-1.5273445847374364e-08
19494,3.403374008640334e-08
19495,9.922811019109454e-10
19496,-3.0397795295348827e-09
19497,1.2446540239565709e-09
19498,-2.6640386349825333e-09
19499,1.2994348563855032e-08
19500,1.759890192681739e-08
19501,-1.39875821133641e-08
19502,-8.515280478511668e-09
19503,1.248359731659145e-08
19504,2.5184793449051965e-09
19505,-3.6448541255660194e-09
19506,-6.098438927033901e-09
19507,-1.0262951867833754e-09
19508,-2.2677013879520548e-10
19509,4.2726623405774636e-09
19510,-4.6317859762173954e-10
19511,-3.7629156306975485e-10
19512,1.874062713865141e-09
19513,-6.757064238340114e-09
19514,-6.428402724690414e-09
19515,-2.4799631856879576e-09
19516,4.4084630078426425e-10
19517,1.6561103502008673e-08
19518,7.015340696675963e-09
19519,9.855256259666622e-09
19520,-1.179578597605864e-09
19521,-2.7340621116361542e-09
19522,7.753708268522773e-09
19523,-3.616875021535315e-09
19524,-6.169671251980187e-09
19525,-1.4594496692828815e-09
19526,-1.9518986287520328e-09
19527,-1.3858883113754473e-09
19528,4.740603173022866e-10
19529,2.1428661507126024e-08
19530,6.744856151834567e-10
19531,6.8069210584185974e-09
19532,1.685473633932785e-08
19533,-3.225611457456766e-09
19534,-2.6747086415174353e-08
19535,3.0811519635510457e-09
19536,1.425211930253012e-09
19537,8.113937588068819e-09
19538,3.763185520151611e-09
19539,-2.23032453514749e-09
19540,-9.095705886506618e-10
19541,-1.998549389862347e-09
19542,-6.631892702937739e-10
19543,4.173270856536264e-09
19544,-1.7476655910266763e-09
19545,6.8026401109114396e-09
19546,-1.18135369516965e-09
19547,-9.609331947113658e-10
19548,-2.0342589431945808e-08
19549,2.5613288963085095e-08
19550,-5.031292260013563e-09
19551,1.8846868074353847e-10
19552,8.892023158934488e-09
19553,-1.6099595536228786e-09
19554,4.144102867541549e-09
19555,8.969528410928489e-09
19556,6.369521157956489e-10
19557,2.642964426874591e-08
19558,-5.706885027770229e-10
19559,6.479097690977777e-09
19560,-1.527439341455257e-08
19561,-4.178624258067123e-09
19562,4.951174782423926e-09
19563,1.757713049058761e-09
19564,1.154149651060136e-08
19565,-8.575468573714612e-09
19566,-3.483202382382233e-10
19567,1.065668062389231e-08
19568,-4.4669181737245565e-09
19569,3.3865020706429515e-09
19570,5.056523600551126e-09
19571,5.188995674617389e-09
19572,-5.0776331632093495e-09
19573,3.657439324459362e-09
19574,-9.163884341696924e-10
19575,-1.1591295217472641e-08
19576,8.644040142619036e-09
19577,8.2866122903521e-09
19578,3.4516808551301354e-09
19579,2.4795515232406826e-08
19580,-3.233625790424192e-09
19581,-1.8696617105634935e-09
19582,1.3416868465351538e-08
19583,-1.6182952159510714e-09
19584,1.332454155262461e-09
19585,-1.1958167743895455e-08
19586,2.5340134598205402e-08
19587,-6.78122621282586e-10
19588,-4.405314316558288e-09
19589,-8.626181624775959e-09
19590,3.3429459455123315e-08
19591,3.2003816317250295e-08
19592,5.616924810736587e-09
19593,-3.0845649803033732e-09
19594,2.889606603943218e-09
19595,-2.080167230803316e-09
19596,9.981029936593881e-09
19597,-4.15914770205072e-09
19598,9.444312729312428e-09
19599,6.935802809110796e-09
19600,-1.658507203553812e-08
19601,-6.917320132570648e-09
19602,1.6069293515051399e-09
19603,1.0290198874569322e-08
19604,-1.494869114555575e-08
19605,-2.427170363360066e-10
19606,4.035050083387077e-10
19607,5.3967152321789575e-09
19608,-2.405526927333442e-09
19609,3.879040144425727e-09
19610,-3.172434479847043e-09
19611,-7.058401208431364e-09
19612,-2.5908936483984723e-10
19613,-9.462855623174314e-09
19614,1.1123667129080318e-08
19615,1.94223914523151e-09
19616,-4.4602680507598356e-10
19617,2.0289836261507452e-08
19618,-1.1024300334890304e-08
19619,1.696949895826737e-08
19620,2.5902049076457814e-08
19621,-6.658777846480141e-09
19622,-8.874025705416632e-10
19623,-1.3510140359463382e-10
19624,2.846833116645868e-09
19625,-4.578401932485068e-10
19626,2.948721866525995e-09
19627,7.644099277779698e-09
19628,3.1853265561034654e-09
19629,1.28827369241618e-10
19630,-7.512166681495473e-09
19631,3.3777134120488097e-09
19632,1.869419560509733e-09
19633,-1.0686848177073387e-09
19634,4.40615905415541e-09
19635,1.757996554082871e-08
19636,-2.5320698976152113e-09
19637,-1.5637798192310932e-09
19638,-3.668847828631857e-10
19639,7.672473165215255e-09
19640,1.0551307615530179e-09
19641,7.487063065113528e-09
19642,7.182658288339016e-10
19643,-4.15663837673748e-10
19644,-2.390709613028978e-10
19645,7.200572851954184e-09
19646,6.378034175571957e-09
19647,-8.343895921312118e-09
19648,-2.119241663941804e-09
19649,-9.529748345164087e-10
19650,-6.12512639053093e-10
19651,-3.982617221114257e-09
19652,6.910586673581253e-09
19653,3.5215886914208496e-09
19654,-3.6899218151110473e-09
19655,5.479208314286955e-09
19656,-1.9502181699287965e-09
19657,-1.072101507661286e-08
19658,-2.1141324393890793e-09
19659,3.98261386820183e-09
19660,-1.3953671695727754e-09
19661,5.736665362494906e-09
19662,8.353072456929786e-09
19663,-5.230136726111211e-09
19664,2.6586511743834845e-08
19665,3.1542632038019595e-11
19666,2.6603024455526626e-09
19667,-1.308896395400642e-10
19668,-2.2534032219892043e-09
19669,2.4393049719669764e-09
19670,9.202928700951379e-10
19671,1.0202811448578626e-08
19672,-3.827134246967782e-09
19673,5.5114426661443605e-09
19674,-1.35429749283151e-08
19675,1.4394938790029858e-08
19676,1.422058499753725e-09
19677,-8.365714875637958e-10
19678,-4.067038605461088e-09
19679,2.4845141661251484e-09
19680,-1.5770125665671833e-08
19681,-1.0560410765551278e-08
19682,-1.028125219846063e-08
19683,-6.795929178168974e-10
19684,-2.115641464665442e-09
19685,-9.963173649361414e-09
19686,-1.5258401247232012e-08
19687,-1.0243304050334516e-09
19688,-7.954630470877283e-10
19689,-4.6144898167694985e-09
19690,-1.5297062044104074e-08
19691,4.433588805250996e-10
19692,8.33863940461458e-10
19693,-6.933228032343443e-10
19694,3.78355132405499e-09
19695,7.867153033686386e-10
19696,1.9684557623944143e-09
19697,1.905105990860234e-08
19698,-2.471658453058876e-08
19699,-3.040572279934219e-09
19700,-2.416406708231518e-09
19701,-1.73431384749623e-08
19702,6.1218019075374665e-09
19703,1.016395248684292e-08
19704,-1.1841263526857416e-08
19705,-1.42810640736186e-10
19706,-9.628952961591678e-09
19707,4.489222875818349e-10
19708,-2.490776776925211e-08
19709,-1.7209479250518295e-08
19710,-5.8795703651590805e-09
19711,-2.8958668160827193e-09
19712,-4.259258927724331e-09
19713,-6.6546201081544444e-09
19714,1.0810815849203784e-08
19715,-7.869831202888445e-09
19716,1.844810137165545e-08
19717,2.7570125046314737e-09
19718,6.7355639261694715e-09
19719,-3.376109685068075e-10
19720,-4.873160510166571e-09
19721,-1.4581832613985954e-08
19722,2.4427152786505844e-10
19723,-1.1197491705382342e-09
19724,-3.812739394615431e-09
19725,-3.001485102226778e-09
19726,-1.8634186059981996e-08
19727,-2.6918971250411718e-09
19728,1.3886802964719873e-09
19729,-3.2267034704339836e-09
19730,1.0222487583637517e-09
19731,9.937768893586454e-09
19732,3.071996190836784e-08
19733,-5.6196463668317645e-09
19734,6.136359228000635e-09
19735,-1.1251274578953838e-09
19736,7.540010589039716e-09
19737,-4.5963437031668715e-09
19738,-1.5411097523756857e-09
19739,-8.657670462432477e-09
19740,-6.182089486130592e-09
19741,1.3614460076931526e-08
19742,-3.525676006151856e-10
19743,-1.897699252270782e-09
19744,8.413228843028899e-10
19745,-6.023284859935941e-09
19746,7.611251734637436e-10
19747,-4.966721450034414e-10
19748,7.206179779433254e-09
19749,6.7561101190261035e-09
19750,-7.237111186094806e-10
19751,-1.0432213915773021e-09
19752,-1.8720992895262047e-09
19753,-5.647609543683061e-09
19754,4.820136849808088e-09
19755,4.8777046565791994e-09
19756,-2.7028003867079027e-09
19757,4.879564917652104e-09
19758,1.7351807635619218e-08
19759,-1.7907284112468472e-09
19760,-3.9262434066140174e-08
19761,2.908209099988771e-09
19762,-6.864654982997689e-10
19763,3.036011051694751e-09
19764,2.773333269554229e-08
19765,2.413237748018307e-08
19766,-5.779057927821506e-10
19767,-2.5128413482187317e-09
19768,-4.607424290516805e-10
19769,1.9745225013539737e-08
19770,3.1168681537981495e-09
19771,-2.1162115596243136e-09
19772,1.1999816188508948e-09
19773,4.862202053783313e-09
19774,-1.3485653552051213e-08
19775,2.0701838266019473e-09
19776,9.089533848085473e-10
19777,9.27620514218867e-09
19778,1.676526010681867e-08
19779,-4.890297020717888e-09
19780,1.1479980588862588e-08
19781,-8.456492548849314e-09
19782,4.317196924062497e-10
19783,-2.9356549271981396e-09
19784,3.4639108100872146e-10
19785,-4.20216779282404e-10
19786,1.3370010940721465e-08
19787,-8.932417762315624e-09
19788,9.6375589773996e-10
19789,-6.485242945394132e-09
19790,-1.774000198152507e-09
19791,-7.270751250297736e-09
19792,7.302613410516061e-09
19793,-2.0220759320106767e-09
19794,-3.184001067299515e-10
19795,-2.229554133793922e-08
19796,1.1041586995228168e-08
19797,3.2848939402016364e-09
19798,3.4154632017360634e-09
19799,8.307731485797489e-10
19800,-2.418390696937657e-08
19801,1.5302887163298796e-08
19802,-4.389812687398806e-09
19803,1.7523599169675277e-09
19804,5.7749963524001804e-09
19805,-1.5733874035530878e-09
19806,6.708766637407796e-12
19807,-1.4977277317614033e-08
19808,2.855203057372611e-09
19809,1.499450541851088e-10
19810,5.2749922922276605e-09
19811,-8.245260092150928e-09
19812,2.0677978827678725e-08
19813,-1.0351493999671229e-08
19814,-1.8121373038013704e-09
19815,2.0209941706815727e-09
19816,2.3969232671834326e-09
19817,-2.2785769860937887e-09
19818,3.678039708036132e-09
19819,-4.166307584688375e-10
19820,-1.9558226493172526e-10
19821,-2.398654112251408e-09
19822,-1.3014704937920052e-09
19823,3.09967973624047e-09
19824,1.3921178527322638e-08
19825,3.1678845459918544e-10
19826,3.5531766489375466e-09
19827,-1.0863335338165866e-08
19828,1.434299359995012e-09
19829,-4.712953131712324e-10
19830,4.66418707704199e-09
19831,-1.5261128193072174e-09
19832,-4.746039364883092e-09
19833,-2.3816865885149674e-09
19834,-1.017872248708802e-08
19835,-3.028877402648496e-10
19836,1.3254644662445983e-09
19837,6.3137612373351025e-09
19838,-8.587251239381985e-09
19839,5.421145244117715e-09
19840,-7.031067993322051e-09
19841,-1.0927885379542943e-09
19842,-1.5757938991892472e-09
19843,-6.173726667463568e-09
19844,2.0567030905500542e-08
19845,-5.437632485497313e-09
19846,1.164603141266529e-08
19847,1.3171348147571898e-08
19848,-1.0369917316225093e-08
19849,8.929543175153299e-10
19850,1.768399844767715e-08
19851,-9.330393349123483e-09
19852,4.733058730390255e-10
19853,-7.3990272702605055e-09
19854,4.1133783627128065e-09
19855,5.697158153817897e-09
19856,4.233436615679503e-11
19857,-3.435779890281271e-09
19858,-2.124267271383788e-09
19859,-1.4331877191125194e-09
19860,-8.238057820134523e-09
19861,-1.1544402626179595e-08
19862,2.1721742703603407e-09
19863,-1.3613776116106234e-08
19864,-1.0333959256746698e-08
19865,1.4947233444975464e-09
19866,6.560881618568005e-09
19867,-6.216235093305852e-09
19868,-1.039828679303549e-08
19869,-4.794684731444704e-10
19870,5.011048259701416e-10
19871,-1.1263331818135607e-08
19872,-2.09303482722647e-09
19873,-2.7926105666758624e-09
19874,7.496737406740865e-11
19875,-1.9696889680110664e-09
19876,-1.59018432282615e-08
19877,6.123507904811157e-09
19878,-3.1402507227528807e-09
19879,-9.210448740409223e-10
19880,-1.2652801418323886e-08
19881,1.506505068167608e-08
19882,-2.6315828157940685e-09
19883,-1.0150284504599865e-08
19884,2.3838039637934745e-09
19885,1.2293233302683144e-09
19886,-8.82719455614858e-10
19887,-2.0552691806033366e-09
19888,7.319934459998553e-09
19889,-4.3527453182276155e-09
19890,-1.0756090488079106e-10
19891,2.0576082647378737e-08
19892,-3.313423699080196e-10
19893,2.1834525909298287e-08
19894,-3.0263095702816567e-09
19895,-1.7364677762747354e-09
19896,1.1707610242725663e-09
19897,2.6956869822228953e-10
19898,-1.2467901163075155e-09
19899,7.667806709660898e-09
19900,-8.387803496044506e-09
19901,-1.3639449079348038e-08
19902,-2.961764487274118e-09
19903,-1.2705006136762728e-08
19904,6.042463717137308e-09
19905,-7.257732787516117e-09
19906,-4.7397563023926206e-09
19907,-1.1644509916733044e-08
19908,-2.108648878864005e-09
19909,-4.784032602647414e-09
19910,-3.228993936732553e-10
19911,-1.8105657287595423e-08
19912,2.9762385979472293e-09
19913,-5.140378382207672e-09
19914,1.3503994429939976e-08
19915,8.254032935814173e-10
19916,-3.7625675079676384e-10
19917,-1.2628963753627927e-09
19918,-2.7772611524648216e-09
19919,6.521856388995185e-10
19920,-1.2697829068940886e-08
19921,7.172886529532787e-10
19922,4.649380429438358e-09
19923,-4.783490552225305e-09
19924,-1.5333554792138367e-10
19925,-5.40357325644107e-09
19926,-6.838920707393046e-09
19927,-3.2240356632425183e-09
19928,-3.779694237215653e-09
19929,1.7887904523252528e-09
19930,-6.475730174147933e-10
19931,-1.7179731713920117e-09
19932,3.4729015407955543e-09
19933,-1.3573806340616576e-08
19934,-4.050532587813833e-09
19935,-4.1440210217415605e-09
19936,-7.470899294300349e-09
19937,5.260846410025521e-09
19938,-7.273001717497848e-09
19939,-1.2066031358402411e-08
19940,-6.077092854050604e-09
19941,7.305340990398708e-09
19942,2.0936647925692206e-08
19943,-1.1897302858086566e-09
19944,8.268161204543891e-10
19945,-5.811499724866193e-09
19946,2.4871999941470063e-09
19947,-1.8271335723712642e-09
19948,-5.535568399933257e-10
19949,1.146686843432756e-09
19950,-3.1465197856049087e-09
19951,-4.044304614274855e-09
19952,-1.178955772966306e-10
19953,-1.7933179575171794e-08
19954,-6.95787340658493e-09
19955,-3.6198249898881926e-09
19956,-2.29122905025065e-09
19957,8.49317061830685e-09
19958,1.0209862505187578e-08
19959,8.855797307275376e-10
19960,3.9841315061851405e-09
19961,-5.446278276860158e-09
19962,2.9554961809489887e-10
19963,-6.384430455306964e-09
19964,-3.842823549265577e-09
19965,-3.179366061610384e-09
19966,2.4573220493796546e-08
19967,1.0081008146841364e-08
19968,2.6140339306358562e-08
19969,1.2051014278301358e-08
19970,-2.520888228121944e-09
19971,-2.93513419095178e-09
19972,-1.379165778789901e-09
19973,6.114200060751729e-10
19974,2.5697197160557965e-09
19975,-2.212378986317538e-08
19976,-4.893965080075195e-10
19977,1.2596794158202561e-08
19978,2.5002361561639166e-08
19979,1.5791359878613854e-09
19980,1.2074328745191369e-09
19981,-3.211587905347076e-09
19982,-1.458563693762156e-09
19983,-1.9811012815314732e-09
19984,3.0332853756016855e-09
19985,-1.9300840320362974e-09
19986,-2.1411273196674646e-10
19987,-8.401243498754435e-10
19988,1.0605235478893302e-09
19989,-2.1331938595548718e-10
19990,-3.6256054581107256e-09
19991,1.0940393505204158e-09
19992,-2.464187458598052e-09
19993,7.654081916919397e-09
19994,6.6943437960945675e-09
19995,-8.213241241533863e-12
19996,-4.035621690829411e-09
19997,-3.0291669064113554e-09
19998,1.4276127697323145e-08
19999,-1.5086133479013208e-09
20000,4.528834953388522e-09
20001,-1.3208147916726317e-09
20002,-3.551617584363439e-09
20003,7.2294474334744e-09
20004,8.995452582245413e-09
20005,7.54131963514475e-09
20006,4.169720987040936e-09
20007,-2.2565114547420318e-10
20008,-2.390993033380947e-09
20009,8.623325056894104e-09
20010,-9.377725406170368e-09
20011,-3.9751345119829196e-09
20012,3.1326327871016695e-09
20013,3.706785086741029e-09
20014,-7.41061455103857e-11
20015,7.938215602509157e-10
20016,-4.845423254877184e-09
20017,2.2415433123645414e-09
20018,6.826804974060304e-10
20019,7.67162754360567e-09
20020,-4.557137725292214e-09
20021,2.0344224287950034e-09
20022,-2.4025769094157763e-08
20023,2.5902090623585998e-08
20024,-2.031153638253364e-08
20025,-5.789218466441944e-09
20026,-2.2323239436917776e-09
20027,7.535321769249616e-10
20028,-4.009840259725585e-09
20029,-7.1779973613622354e-09
20030,6.553015447303633e-10
20031,-2.6230360688125216e-10
20032,-2.5823735315875447e-09
20033,-3.2558405692343365e-09
20034,-5.7168986947037974e-09
20035,-6.747785123664095e-09
20036,4.283237969847658e-10
20037,-2.814212130585272e-09
20038,-8.832516916160069e-09
20039,5.462139841674077e-09
20040,-1.7829053020714304e-09
20041,-1.032090173356565e-08
20042,-6.161529497187154e-09
20043,-6.736572195823708e-09
20044,-3.2396681292933355e-09
20045,3.9123178972212895e-09
20046,3.0563808017260468e-09
20047,2.2016779569112276e-09
20048,1.2264351611616497e-08
20049,1.069445779043604e-08
20050,-2.8565815678475683e-09
20051,-1.2335290745950394e-09
20052,-6.794377831167185e-09
20053,5.750820317558734e-09
20054,-3.2255523235753123e-09
20055,-1.898934185904149e-09
20056,5.579007075858167e-09
20057,-7.141818923424017e-09
20058,6.051572043116598e-09
20059,-3.0519614080423598e-09
20060,-5.52364596294881e-09
20061,-3.836988066336462e-09
20062,-9.432665042557606e-10
20063,1.4367661116851637e-08
20064,8.941656652287251e-09
20065,-1.3773878223618838e-08
20066,-4.5872127198803744e-09
20067,5.535966906116258e-10
20068,-2.0050388508064097e-09
20069,1.2508982083087992e-10
20070,5.605320041977727e-09
20071,9.583390522918577e-10
20072,-1.6736944092691006e-09
20073,-1.8732578288896443e-09
20074,5.241821942235466e-09
20075,-8.426895673025973e-09
20076,-1.982591100662258e-09
20077,1.8359213104427743e-10
20078,3.3396699473337714e-09
20079,-1.4504423643307214e-09
20080,9.262175842514458e-09
20081,-1.2175264229950979e-08
20082,-1.0114604388484325e-10
20083,4.822765496498786e-09
20084,1.3750640949220615e-08
20085,-1.3205925734129372e-08
20086,1.6651697092969106e-09
20087,6.785802419380089e-09
20088,8.663691194400469e-09
20089,-8.18642676881792e-09
20090,-1.5922429900891474e-08
20091,-5.311640167631484e-09
20092,2.1520729579392345e-08
20093,-7.832728048270135e-09
20094,-1.3239544729151554e-08
20095,1.3396862653527538e-09
20096,-2.656352761011028e-09
20097,-2.351015245797965e-08
20098,1.4570375012980377e-09
20099,1.0811672868244428e-08
20100,3.924665229341634e-09
20101,-8.161579593901944e-09
20102,-2.3627985611013045e-09
20103,-4.2567372407209504e-10
20104,6.46013183659192e-09
20105,1.5181785661035716e-08
20106,-3.426834058118638e-11
20107,1.3970073356643064e-09
20108,4.3788069441669535e-09
20109,4.2174437330689726e-09
20110,2.5444143890520814e-09
20111,-5.532739906357958e-09
20112,5.00716724774203e-10
20113,2.5773142775892782e-08
20114,8.636605485361216e-10
20115,1.1192747975675132e-09
20116,1.102968769317892e-08
20117,-1.4615274974528762e-08
20118,6.770643622533869e-10
20119,-3.842660083853883e-10
20120,3.996934516722924e-10
20121,-9.51104543787311e-10
20122,2.7982636035388798e-09
20123,1.8197328300680278e-08
20124,5.90591956851137e-09
20125,3.491653221470501e-08
20126,2.684859810670397e-08
20127,1.060025044021503e-09
20128,-5.374628128755057e-09
20129,-4.330090794880246e-09
20130,2.8660063090964524e-09
20131,1.7724742658134391e-10
20132,-1.0454305611049044e-08
20133,4.177500202945996e-09
20134,6.483708267556666e-10
20135,-6.39460048401422e-10
20136,-7.012245214879023e-09
20137,-9.088808405983588e-10
20138,-4.570530079046617e-09
20139,-3.0437403909467797e-09
20140,-3.4501756579143752e-09
20141,-1.2082696228477442e-09
20142,1.4325546548724533e-08
20143,-2.2761104399968214e-08
20144,-3.6281338940673684e-09
20145,-4.0384936109417823e-10
20146,1.0093655527390424e-10
20147,3.814678622938464e-09
20148,5.539625504676085e-10
20149,-6.271070517464897e-09
20150,8.612661003252823e-09
20151,7.027608301958839e-09
20152,1.9795191264556743e-08
20153,-3.3033747947471506e-09
20154,1.7056055947153166e-08
20155,-1.1083831227772636e-08
20156,-1.0233255396186913e-09
20157,8.027579871842776e-09
20158,-3.706161138042929e-09
20159,-1.2255384949650108e-08
20160,-4.084088903007667e-09
20161,-4.832842512457462e-09
20162,7.90676234064476e-09
20163,4.863497642982909e-10
20164,-1.8132576361460396e-09
20165,7.732760483117348e-09
20166,-1.1696951546976144e-08
20167,2.966154584907974e-08
20168,9.348748546767328e-09
20169,3.849389589263713e-10
20170,8.822869551592706e-09
20171,2.05198049086269e-09
20172,6.439337793928644e-09
20173,-4.715871071937806e-09
20174,-1.4919539558917236e-09
20175,-2.11414208944559e-09
20176,1.8245647364173368e-09
20177,-3.053531054056008e-09
20178,-1.6264993585296122e-09
20179,-1.3275094862973257e-08
20180,-4.148524154539821e-09
20181,-6.6658035519753166e-09
20182,2.1562078362925283e-09
20183,-4.4404835798808126e-09
20184,-2.424294804631909e-09
20185,-2.3550132077584507e-09
20186,3.657936814966986e-10
20187,-6.190914497336597e-09
20188,6.429900039536813e-09
20189,-6.39441484477693e-09
20190,-2.941024226299753e-09
20191,4.9162539028349554e-09
20192,-4.14032911358336e-09
20193,-9.853711897961078e-09
20194,-2.3360339977368995e-09
20195,2.3842398807423747e-09
20196,-1.1770829012009711e-08
20197,1.1676529067009416e-09
20198,-1.3092662371439424e-09
20199,-5.117139104441414e-09
20200,1.9252629714449123e-09
20201,-1.964156697457733e-09
20202,4.974453169974419e-09
20203,1.4380624601221705e-10
20204,-4.22257083024207e-09
20205,-2.5598043750886237e-09
20206,2.2143354900987823e-09
20207,-8.12650174076745e-10
20208,2.6549963981838866e-09
20209,-6.253373561449221e-09
20210,-1.7731376592960007e-08
20211,-4.733174122248636e-09
20212,-5.374229789156717e-10
20213,-7.915069884000215e-09
20214,4.826588009425422e-09
20215,-8.521407049376483e-09
20216,3.99494314672119e-09
20217,-5.425663081633512e-09
20218,-3.1962035893373562e-09
20219,-3.759401617844958e-09
20220,2.3376102100914552e-09
20221,-1.1518538297008465e-08
20222,2.6838232927881497e-08
20223,7.380322879950863e-10
20224,5.8444395732219e-09
20225,-4.57309615365162e-09
20226,-1.2891045226918582e-09
20227,-4.557492327416828e-09
20228,1.6916642542688554e-09
20229,2.839480665432332e-09
20230,-9.619127255977594e-09
20231,-2.2175602772462553e-09
20232,1.5233909105134874e-09
20233,-8.767544237737779e-10
20234,1.3733685172311325e-08
20235,-1.2075050271896643e-09
20236,-1.4168524480943069e-08
20237,2.3656241198790713e-09
20238,1.146342081695744e-08
20239,3.603776593471838e-09
20240,3.532761807582598e-10
20241,8.593351302965079e-10
20242,-2.057523470344228e-09
20243,-3.5233494928080758e-09
20244,4.997235401535773e-11
20245,1.2571786310793213e-09
20246,-9.973874468611325e-10
20247,-4.804203828288683e-10
20248,-1.0158192456485132e-08
20249,1.8072284932012565e-09
20250,-3.0183300495814204e-09
20251,-1.089267458002467e-08
20252,5.193020064373262e-09
20253,-1.4986703140397819e-09
20254,-3.682956646715822e-09
20255,-2.344543009561371e-09
20256,-5.453240141798092e-09
20257,1.837749321422637e-10
20258,4.447306704032496e-10
20259,-7.465086719465456e-10
20260,-7.499732903633874e-09
20261,5.603642108402464e-10
20262,-2.3284703820423954e-08
20263,1.6296951107295644e-09
20264,-3.820564332982892e-09
20265,-5.82707426697141e-09
20266,-4.842396783521114e-10
20267,-1.3319184012896024e-08
20268,-1.2700804891021204e-10
20269,7.243299444268976e-09
20270,6.861757259985978e-10
20271,1.8955275318076606e-08
20272,2.628899472267713e-09
20273,-5.331191109844673e-09
20274,-6.809782424499813e-09
20275,-5.190665956102042e-09
20276,-6.350799756883607e-09
20277,-5.26611459504667e-09
20278,2.597376352937791e-08
20279,7.847920851915877e-10
20280,1.4951570200588134e-09
20281,1.3547941910852416e-08
20282,-2.0660922612887494e-09
20283,3.39032800281817e-10
20284,-4.111556380441824e-10
20285,-1.7199160456923748e-09
20286,1.6334622794223248e-08
20287,-3.4145034358947185e-09
20288,1.4086633576202994e-08
20289,-6.326368196537814e-11
20290,1.3726052709865286e-09
20291,-1.1482087420381394e-08
20292,2.957262976044339e-10
20293,2.851150330126884e-09
20294,6.463681900890318e-09
20295,-1.164189847728595e-09
20296,6.780423654179747e-10
20297,4.507560779818177e-09
20298,1.752158013216625e-08
20299,1.0927230013335442e-09
20300,-4.423389593206307e-09
20301,4.910877834159294e-10
20302,-1.9472543106186846e-09
20303,-3.976630037016417e-09
20304,7.649492200126052e-10
20305,-3.793513913304923e-09
20306,-7.618841221881496e-09
20307,2.1481530621527792e-08
20308,-5.4133579782973435e-09
20309,4.349404688802497e-09
20310,2.280197276427961e-09
20311,6.85143077102042e-09
20312,3.12083965403049e-09
20313,-5.491580982299437e-09
20314,-4.177698090309497e-09
20315,-7.336000321967826e-09
20316,-2.7450303803419557e-09
20317,3.7726169056988906e-11
20318,-1.7855706742481378e-08
20319,-1.0483717103530576e-08
20320,-1.110720922561759e-08
20321,-4.798381481884386e-10
20322,-4.548560344490684e-12
20323,-1.546314671174714e-09
20324,2.1069675763382486e-08
20325,-6.930234834854533e-09
20326,1.8787065633657148e-09
20327,-2.840515961118084e-09
20328,2.472432905852437e-08
20329,7.795136570985746e-10
20330,-1.869656674527912e-09
20331,-3.157787923160558e-09
20332,-1.166192344675157e-08
20333,8.208076917858763e-09
20334,9.17065175322621e-10
20335,-1.7271355319461883e-09
20336,-6.3911735862392755e-09
20337,-1.4160445389667066e-09
20338,-2.7303152697309334e-09
20339,-1.0929746238820845e-10
20340,-3.9764159167984324e-09
20341,-1.2864295878340382e-08
20342,-3.584893469204529e-09
20343,-1.1514305429907345e-09
20344,2.2870806325003942e-08
20345,-2.3611366625277117e-09
20346,1.4487806426272866e-08
20347,-7.547662194254533e-09
20348,-3.1983046350909085e-09
20349,5.225739723842326e-09
20350,3.3059571885822188e-09
20351,-8.765180309290966e-09
20352,8.380047571828599e-09
20353,2.708650394093978e-09
20354,3.981914728596037e-09
20355,-1.5080728054723312e-08
20356,1.508251768891943e-08
20357,1.847408324038874e-08
20358,7.322885952335679e-09
20359,-3.0154480754772524e-09
20360,-9.230161357449188e-10
20361,-8.518816319551402e-09
20362,2.68937901632928e-09
20363,2.80813884337795e-09
20364,-2.025666650543017e-08
20365,-8.898064599415747e-10
20366,-3.950939391620045e-10
20367,-4.298549257325886e-09
20368,2.293909668403934e-09
20369,2.8771753756911605e-08
20370,6.966979242720408e-10
20371,-9.949634825223593e-10
20372,-2.195322561089282e-09
20373,2.4917581994470514e-08
20374,-5.650848056566314e-09
20375,-3.686821492641682e-09
20376,-2.251610925656564e-08
20377,-9.66089103681778e-09
20378,-1.647469182185192e-09
20379,2.2786078559870245e-09
20380,-5.493176179560918e-10
20381,2.8014412865600678e-08
20382,-3.5931133515255887e-09
20383,-1.750893236845239e-09
20384,1.2022686127686695e-09
20385,-3.4548205117012908e-09
20386,-6.2584712860033755e-09
20387,-1.4478704523788126e-10
20388,9.000764963909981e-09
20389,-7.454135278694399e-09
20390,-8.946756132088444e-09
20391,2.697505569759975e-09
20392,3.4326514920293528e-09
20393,-5.835259272310429e-09
20394,2.467670012497434e-08
20395,-3.3840676196176e-09
20396,4.33251243822195e-09
20397,5.743379936510762e-10
20398,-6.029182009900774e-09
20399,-6.293217634826654e-09
20400,1.5323985552248476e-10
20401,-2.1094726832637692e-08
20402,-4.0444461308018895e-09
20403,1.3076316982622748e-08
20404,2.944171109015848e-09
20405,-9.589424686397957e-09
20406,-1.149187877411855e-08
20407,-4.857030008187958e-09
20408,7.779745836184492e-09
20409,-3.686495557434733e-09
20410,1.1600569112740235e-09
20411,-1.9610659403659354e-09
20412,-3.1776744248722548e-09
20413,2.0514706561968847e-09
20414,7.911302555384466e-09
20415,1.2696212239418544e-08
20416,2.409747207052365e-08
20417,-1.5660411918527357e-08
20418,-5.263336199009547e-09
20419,-8.555363803035274e-10
20420,2.9816396520082075e-10
20421,-2.3120974620403586e-09
20422,1.6841330177690444e-08
20423,-4.786107910077454e-09
20424,2.1169769980135026e-08
20425,-1.2250617920570965e-08
20426,3.729047145625677e-10
20427,1.1590977794023778e-08
20428,-6.4903891999312726e-09
20429,9.986679655213508e-09
20430,-6.8730241214526885e-09
20431,-3.0171962317359368e-09
20432,9.701171907080139e-09
20433,3.5278470379655712e-09
20434,-2.678487779564261e-09
20435,1.0422192408534016e-08
20436,-1.616858352315929e-09
20437,1.0029263751383065e-08
20438,1.3855210832689051e-08
20439,1.1477409934314756e-08
20440,-7.26031774679298e-09
20441,1.1329241198647992e-08
20442,3.2515398687651543e-09
20443,-1.0647441803328695e-08
20444,1.3711357894768995e-08
20445,2.2473723802925855e-09
20446,-3.994507333118762e-09
20447,3.1394803878527155e-09
20448,3.508560287433396e-09
20449,5.893685600055231e-09
20450,-2.0589844566102067e-09
20451,-4.322253530467378e-09
20452,-2.766122889163603e-10
20453,2.6285136757854576e-09
20454,-1.6898535214062933e-08
20455,3.61812568902124e-09
20456,-1.4332571501046085e-08
20457,-4.959589508814482e-09
20458,-1.4420518372201983e-09
20459,-6.230825998323879e-09
20460,1.0009816637914607e-09
20461,3.789840008442713e-09
20462,1.404540182818811e-08
20463,-1.6067611982512427e-08
20464,-9.358705559405344e-10
20465,3.51770966147425e-09
20466,-3.1917867098045284e-09
20467,-1.3409259152236799e-08
20468,6.020569375643926e-10
20469,-1.6539596203070413e-08
20470,5.944838198307037e-10
20471,2.6453181855649546e-09
20472,-5.697403502101822e-09
20473,-1.3432322690711919e-09
20474,6.5319012635787895e-09
20475,1.3322505045954413e-08
20476,-3.3020383251234573e-09
20477,-3.4127330831184905e-09
20478,-3.357282324721064e-09
20479,-8.144927233011112e-09
20480,4.0396409183018225e-09
20481,2.999076538343428e-09
20482,6.536315245372545e-10
20483,2.2184157168307524e-09
20484,-1.149960801061881e-09
20485,6.642090286772084e-09
20486,-7.173892827752513e-09
20487,-1.880073839956477e-09
20488,-3.600216874642064e-09
20489,-1.1610020241645754e-08
20490,1.4359782084295694e-08
20491,-2.7793201449759143e-08
20492,1.3590262506636282e-08
20493,-8.704526118675123e-09
20494,5.85853884917173e-10
20495,1.987303284044688e-08
20496,2.438601140166342e-09
20497,-3.72866708974697e-10
20498,4.799091211027615e-09
20499,-2.6255042721365135e-09
20500,-4.636742620608956e-09
20501,1.1176115966562716e-09
20502,-7.804046479564868e-10
20503,6.598240940431038e-09
20504,-8.54350258692923e-09
20505,3.8595791284392405e-09
20506,-1.8177548438926727e-08
20507,4.710487986078236e-10
20508,-1.7315638795207612e-08
20509,-1.649219510827143e-08
20510,-3.4607872589801287e-09
20511,-5.442654021629214e-09
20512,-7.279993529874785e-09
20513,2.8336650971626045e-09
20514,-9.851299539894057e-09
20515,-5.553510115310401e-09
20516,-4.90628854475809e-10
20517,-1.4254177300076612e-09
20518,3.349711384712221e-09
20519,3.811924810075585e-09
20520,-6.52831733179922e-09
20521,1.0378004275227115e-08
20522,-3.926956005973707e-09
20523,-6.38007052782364e-09
20524,7.602049015841762e-10
20525,-7.93189496952238e-09
20526,-9.613533394013065e-10
20527,1.2158167174925243e-09
20528,-9.970451047409415e-10
20529,-3.789687640222364e-09
20530,1.101238738833508e-08
20531,1.0868766121359634e-09
20532,-7.369995293466917e-09
20533,-2.6440536378874447e-09
20534,-2.6351021943912973e-09
20535,-2.4000163719174124e-09
20536,-3.152461722655643e-09
20537,4.556179037802631e-09
20538,-1.5503836238272616e-08
20539,-6.411599011818301e-09
20540,-1.5360089329446895e-09
20541,-1.847591736873369e-08
20542,-4.575053362646314e-09
20543,2.8029193386963167e-09
20544,-1.8629466451131264e-09
20545,2.516912647424473e-09
20546,-2.339378454756512e-09
20547,-2.888029074193984e-09
20548,8.773915481209526e-10
20549,-4.967688863651915e-09
20550,-8.668590634700693e-09
20551,-1.4888397711854612e-08
20552,1.0084652097570737e-08
20553,-8.290138316467306e-09
20554,1.550756400683005e-09
20555,-1.2261494752339397e-08
20556,-1.924613474135634e-09
20557,-6.616584522284599e-09
20558,1.8553408477720378e-09
20559,-4.348831298583772e-09
20560,-9.974854755852105e-09
20561,-1.3560400770384963e-09
20562,-3.211098818418099e-09
20563,-1.768706265519019e-10
20564,-5.084959779516798e-10
20565,2.8263999466196587e-10
20566,-5.859654321912226e-09
20567,-2.6543637948438593e-09
20568,-8.973296426389559e-10
20569,1.1129123780155844e-08
20570,-2.811153868638234e-09
20571,-1.3954155503221253e-08
20572,-7.695058972786917e-10
20573,-1.0710344163744709e-08
20574,-1.647884083438432e-09
20575,2.472161006714368e-09
20576,-3.075786589107218e-09
20577,-1.9003865991633176e-09
20578,-6.087681319247533e-09
20579,-5.295429252802191e-09
20580,-1.082612161414604e-08
20581,-7.96663471103038e-09
20582,-2.2520942732086394e-09
20583,-8.261239348198586e-09
20584,4.610436133739395e-09
20585,-3.6987140360070176e-08
20586,-1.6448793583454269e-09
20587,-2.1186021507446892e-08
20588,-6.437167505093277e-09
20589,-9.899320090552114e-10
20590,-6.5251348620027e-09
20591,-4.664744334298525e-09
20592,2.955011192130955e-08
20593,-1.950908808395987e-09
20594,-8.796971052191665e-09
20595,6.54781672656684e-09
20596,-1.6986405777503015e-09
20597,-5.99234506177868e-09
20598,3.881700455776005e-09
20599,-8.942639434686742e-09
20600,9.175902834024405e-09
20601,-4.169926557844484e-09
20602,1.5839398351677513e-08
20603,1.2455514320054754e-08
20604,-1.3347601678271638e-09
20605,8.069863176203854e-10
20606,2.645640663504138e-10
20607,1.8181377604207855e-08
20608,1.7725729973545896e-08
20609,2.0769900155297158e-09
20610,-1.548629061850273e-09
20611,-3.0009754964201777e-09
20612,7.673279130159105e-11
20613,8.46572002158056e-09
20614,5.659346003683757e-11
20615,-3.763152238433038e-09
20616,-4.135490101007941e-09
20617,-1.2777050744523682e-10
20618,-1.1934650759555615e-08
20619,-1.2010076770187126e-09
20620,-2.4128566238141022e-09
20621,-3.1369114255529087e-09
20622,6.760210664924698e-09
20623,4.401534780513007e-09
20624,2.503205461731134e-09
20625,-5.431631788993628e-09
20626,7.087811695214318e-09
20627,-3.3185237131741518e-09
20628,-1.0802155171766037e-08
20629,4.9984100197625686e-09
20630,3.2316338814950957e-09
20631,-7.040890262122662e-09
20632,4.043356385547884e-09
20633,-5.146971253469014e-10
20634,1.1375280010815098e-09
20635,-6.502620697122988e-10
20636,-2.835409413608903e-09
20637,-2.677983171969491e-08
20638,-4.437357979133686e-09
20639,1.3532878137464941e-08
20640,-1.1563996969513841e-08
20641,1.8239301639086265e-08
20642,3.4110819017893087e-09
20643,-9.802688578442246e-09
20644,9.23309075206391e-09
20645,-1.3292613695013856e-09
20646,-1.030640552674811e-08
20647,1.946549093840049e-09
20648,5.586608079234753e-10
20649,1.287228038146686e-09
20650,-2.844313023584232e-09
20651,-3.069225531506962e-11
20652,-1.9538422411786118e-08
20653,2.033624618287924e-09
20654,2.1520666304170604e-09
20655,-1.1804080017669637e-08
20656,-1.2828358863295261e-08
20657,-1.0740965206732822e-08
20658,2.8318409981027843e-09
20659,-2.6886042241013155e-09
20660,6.552145928598195e-09
20661,2.471191064316934e-09
20662,-3.596519356196868e-09
20663,1.5668665737618176e-08
20664,-9.88214176897876e-09
20665,1.383987463080415e-08
20666,7.48567257006979e-09
20667,6.794291803121263e-09
20668,-1.1879855520160817e-08
20669,6.040936302089831e-09
20670,3.984520204080586e-09
20671,-4.625505384465734e-09
20672,1.7531601272148615e-09
20673,1.997935646663346e-09
20674,9.462850808335963e-09
20675,-4.246834265935884e-09
20676,-5.736653263180132e-09
20677,1.3536050744425799e-09
20678,-6.7978186993828645e-09
20679,-2.1322870435661174e-09
20680,-9.698921886190845e-09
20681,-1.244947785673932e-09
20682,6.697257855306751e-09
20683,-1.638866581458402e-09
20684,-2.4849862483857175e-08
20685,1.3991351585880484e-08
20686,-4.629110156991747e-09
20687,3.4052859218624517e-10
20688,-1.5047624765938472e-08
20689,-5.09541238590112e-10
20690,-1.6341938619107297e-09
20691,-2.2760352019237812e-08
20692,-7.630460003971457e-10
20693,6.699565873055709e-10
20694,-2.6605289921508503e-09
20695,7.484280378983601e-10
20696,-2.5764946264171253e-09
20697,-5.430048486951783e-09
20698,-1.0781738399480183e-10
20699,3.497365812409748e-09
20700,-1.1012145987936456e-08
20701,1.4639898278775521e-08
20702,1.617665672607037e-08
20703,-2.292775601887533e-09
20704,7.2831458211118925e-09
20705,-2.4811433927888237e-09
20706,-1.8124716984137676e-09
20707,6.174837184675232e-09
20708,-5.815207089313901e-10
20709,3.427650150895981e-09
20710,-1.5104788043124982e-09
20711,-1.2487870410470562e-10
20712,-2.1120453447162694e-09
20713,-1.9848231085226626e-09
20714,-3.716838571278934e-09
20715,-5.677143001998489e-09
20716,-6.545097381968494e-09
20717,1.2641225035119201e-08
20718,1.5046547721876434e-09
20719,-4.284652167391306e-09
20720,2.3714234736780725e-08
20721,-2.1675383302761455e-09
20722,4.1165554983810945e-09
20723,2.528049849903834e-08
20724,1.7417796054322368e-09
20725,-3.5193122487472745e-10
20726,3.714524336406701e-09
20727,-2.8722927613272705e-09
20728,-7.32181667494418e-09
20729,-1.235132197452459e-08
20730,1.1162480831384582e-09
20731,-1.3926816415668268e-09
20732,3.1320666909036297e-09
20733,-2.8400030535401286e-09
20734,1.3817705606388679e-08
20735,-1.2439500530723896e-09
20736,8.433229282823891e-09
20737,2.9626679594662377e-08
20738,-1.0976536246059323e-09
20739,1.8056659709722438e-09
20740,7.9957797705435e-09
20741,-6.849477105516969e-10
20742,-5.707233481190801e-09
20743,-2.9838953120700096e-09
20744,1.317200027558558e-08
20745,-2.2555059080185964e-10
20746,1.2913670754859483e-08
20747,-1.0979136184736363e-09
20748,-1.5437907801189402e-08
20749,-9.994872352560388e-09
20750,-2.5633522483204546e-09
20751,4.6398887245055513e-10
20752,2.8613592562377288e-09
20753,-1.991236513450677e-09
20754,-3.8624798054377456e-10
20755,5.50031557327432e-09
20756,-4.270211415625774e-10
20757,1.790958665290897e-10
20758,-1.1330511330195213e-09
20759,6.977857569967026e-09
20760,-2.2775248653129153e-09
20761,5.0541445896463224e-09
20762,-5.9879572303837385e-09
20763,8.480453924389777e-09
20764,-7.44799931074828e-10
20765,-6.984120336229757e-10
20766,6.388640155681277e-10
20767,-1.73108644559042e-09
20768,-1.5967355371259266e-08
20769,-3.080331811997931e-09
20770,2.436139573695527e-09
20771,-8.821843344593352e-10
20772,7.97108524414205e-09
20773,3.6783948809853305e-09
20774,-2.9947301610696214e-09
20775,-5.6921072671328734e-09
20776,3.3834801332319656e-11
20777,-6.169264295789043e-09
20778,-1.1393792949587623e-08
20779,-1.7289707812205603e-08
20780,4.574277367203701e-09
20781,2.9711271185682577e-09
20782,-4.96241326257103e-09
20783,2.3416287405237928e-09
20784,2.4831897904311777e-08
20785,6.244638545744755e-09
20786,-9.046879052848598e-10
20787,4.648389669864854e-09
20788,3.940092828821547e-09
20789,-2.0906646975417095e-09
20790,-2.1027458094776757e-09
20791,-5.78963742906534e-09
20792,-1.7393511704197741e-09
20793,-5.0403884846525e-09
20794,-4.046685587928599e-09
20795,-6.778567632693375e-10
20796,-1.1720939769970111e-09
20797,-4.234808266881529e-09
20798,5.358906585531363e-10
20799,-4.804270834502513e-09
20800,-9.375182861356617e-10
20801,-6.710895873190628e-09
20802,-4.165478276555243e-09
20803,-5.491991825311543e-10
20804,-4.865362368699284e-09
20805,9.84425611189284e-09
20806,2.395510511361544e-09
20807,2.1846404737438453e-09
20808,3.755303994817875e-09
20809,-5.67110477265852e-09
20810,-7.18139276234732e-09
20811,7.691529198994341e-09
20812,9.699175981444237e-09
20813,1.3901916140143986e-09
20814,2.4057686132580815e-08
20815,-2.9083981415838937e-09
20816,2.4104980667186905e-09
20817,-1.179557498763832e-08
20818,-2.693474826189779e-09
20819,5.911192209609123e-10
20820,-5.383314444103522e-09
20821,-1.9228859834608616e-08
20822,7.826401296011183e-09
20823,-3.4059673137843432e-09
20824,-2.9146134398622944e-09
20825,9.18910669410451e-10
20826,-4.639183476905819e-09
20827,-3.751253521771489e-09
20828,-2.043522397123736e-10
20829,-2.4079413335052465e-08
20830,-2.98611430157185e-08
20831,2.919534599197037e-08
20832,-4.555590598466372e-09
20833,-6.428300759419875e-09
20834,-3.380875945400587e-09
20835,1.0613336315629429e-08
20836,1.6663709482527735e-09
20837,9.153615466718357e-09
20838,-9.771945852994526e-09
20839,-2.1404243606739768e-09
20840,6.819632277700166e-09
20841,1.7516873460005025e-09
20842,-5.307943127783322e-09
20843,-1.0745693827810271e-08
20844,-1.8838647563260152e-08
20845,-4.071650079957282e-09
20846,-2.845791547807679e-09
20847,-1.0067212381334132e-08
20848,3.9424632613944024e-09
20849,1.1064827122622e-08
20850,5.588970350833561e-10
20851,3.507479519268393e-10
20852,2.646624958908855e-09
20853,-1.1383128064009692e-08
20854,-6.395483921982156e-09
20855,-1.2925845003920971e-08
20856,-4.692492290993246e-09
20857,-4.417453985314847e-09
20858,-1.5104556407273662e-09
20859,-4.728705853848471e-10
20860,-1.9433240959948977e-10
20861,1.5811238098535272e-09
20862,-2.874298406351283e-10
20863,9.259022973577781e-10
20864,-8.090380375143181e-11
20865,-1.108041531746703e-08
20866,2.986464115222476e-10
20867,-1.6381664606368764e-09
20868,-2.943882464228637e-09
20869,7.878296203683439e-10
20870,1.0634931633587156e-10
20871,-5.921774979584977e-09
20872,-2.755995431546254e-09
20873,1.0112170679722833e-08
20874,3.3391816598116998e-09
20875,-5.979954730948452e-09
20876,-3.235920095018286e-09
20877,6.464352782439112e-09
20878,-1.3693875865864227e-09
20879,-1.2181253239315963e-09
20880,3.870394461317839e-09
20881,6.052685597104003e-10
20882,-3.0305677867341376e-09
20883,3.790230693796483e-11
20884,3.668896438345421e-09
20885,-4.296400892723981e-09
20886,-1.1612959517231637e-09
20887,-7.167775495400552e-10
20888,3.8371166261700605e-09
20889,6.94670113210814e-09
20890,-2.36622399262808e-09
20891,1.1675378732693912e-09
20892,-7.182503286629676e-09
20893,-1.7187317097370714e-09
20894,1.72563628458319e-08
20895,-7.859209188034827e-10
20896,-4.162609682765307e-10
20897,-2.9558606664482528e-09
20898,1.785863478076186e-08
20899,9.045780274440875e-10
20900,-6.90414603299844e-09
20901,-6.907582309540708e-09
20902,8.422671985764128e-10
20903,2.0107046490516506e-09
20904,1.8063484438042774e-08
20905,-2.8789188175594896e-09
20906,-3.9467743781747855e-09
20907,1.7354923767193128e-09
20908,-3.104150880598029e-10
20909,4.729382232860278e-09
20910,3.4255786010325014e-09
20911,3.3299563527860444e-09
20912,-3.820520994322695e-09
20913,1.3649715615253164e-08
20914,2.5444059064335414e-09
20915,1.954477509221601e-08
20916,1.0198061250436437e-08
20917,1.358822331555649e-08
20918,7.304302042204494e-09
20919,2.8083141382689124e-09
20920,-4.7984180638868325e-09
20921,1.2263900098110295e-08
20922,-1.0865267919548643e-08
20923,-8.487281263293957e-09
20924,5.415467421247324e-10
20925,7.645214912701114e-10
20926,5.546787916228758e-09
20927,2.402296238487964e-09
20928,5.97672719820228e-09
20929,-7.260703575970705e-09
20930,-1.5297006803018948e-09
20931,-1.532403346738024e-09
20932,-8.5868648537241e-09
20933,-5.4876515528834224e-09
20934,2.0541405263201756e-09
20935,7.174606891672907e-09
20936,8.261542425232057e-09
20937,-3.263056784421518e-10
20938,-1.4800919877631693e-08
20939,-5.743888975839512e-09
20940,-2.7800816137141288e-09
20941,-9.442737136174803e-09
20942,-2.426843554403327e-09
20943,-5.839561992895452e-09
20944,9.742575421362396e-09
20945,-3.027234366184608e-09
20946,-9.552102743571596e-09
20947,5.983527327454186e-09
20948,1.8069197636934925e-09
20949,-1.081993730349069e-08
20950,6.349226577182309e-10
20951,7.786915966719416e-09
20952,7.950972020534915e-09
20953,-1.758994634187748e-09
20954,-1.6015114227230553e-09
20955,1.0472298612387496e-08
20956,-8.245819780216669e-10
20957,7.285540106005863e-10
20958,2.123726281484128e-08
20959,-5.633215173892672e-09
20960,3.0844628086596256e-09
20961,6.687257177070558e-09
20962,-3.473304196839353e-09
20963,-4.461717457475394e-10
20964,-2.5670345320777707e-09
20965,-4.712904578190634e-09
20966,-1.0738364252167302e-08
20967,-1.1408505066062683e-08
20968,-1.2208806526076402e-09
20969,4.502096042579537e-10
20970,1.6082073023064642e-09
20971,-4.270237397009574e-10
20972,-3.603161647109589e-09
20973,-7.811172164132857e-10
20974,6.694008747384967e-09
20975,-4.054217417017399e-09
20976,1.7857411301976432e-09
20977,9.126901915278949e-09
20978,1.3332329932363608e-08
20979,1.3986386420953426e-09
20980,-2.486631388152952e-09
20981,3.392053627744256e-09
20982,-8.481581522374769e-09
20983,-1.8172689386380766e-09
20984,1.2851553193548777e-09
20985,4.038832104927819e-09
20986,4.697859344912087e-09
20987,-1.546782710798112e-09
20988,-1.136214053475658e-09
20989,-2.526310124256067e-08
20990,4.231122578118114e-09
20991,-6.476802078379692e-10
20992,-4.648385604462545e-09
20993,-4.213704268150779e-09
20994,-9.621071925061132e-10
20995,-2.1586074506539163e-09
20996,1.589622868742455e-08
20997,2.3282243163602334e-08
20998,-1.1010899648660122e-08
20999,3.825933877912938e-11
21000,2.019281012904504e-09
21001,1.0640915998568194e-08
21002,1.2953718600215123e-09
21003,-3.0819374198267597e-09
21004,3.981898867483577e-09
21005,1.4784444584350657e-08
21006,-1.973746879122099e-09
21007,5.2607623811007e-09
21008,-1.773480177937975e-08
21009,1.040255211976953e-08
21010,-1.1793318110171048e-08
21011,-1.2670713007111169e-09
21012,-2.9975581093315274e-09
21013,-2.5067471044049975e-09
21014,-3.618286945523063e-09
21015,-3.097182069719815e-09
21016,-8.964908283687648e-09
21017,-2.3066864399053787e-09
21018,3.2441203310934473e-09
21019,-9.798568260381226e-10
21020,1.2078411582859257e-08
21021,6.371850428363227e-10
21022,6.169183759140866e-09
21023,-8.462445898071925e-09
21024,1.524237724298817e-08
21025,1.0283694351345661e-08
21026,8.123434668240328e-09
21027,-5.249684328160387e-09
21028,-2.348249821878421e-09
21029,-1.1974796037222972e-09
21030,-5.697999162648875e-09
21031,-3.5632392424494312e-09
21032,1.1117755644375453e-08
21033,2.045415914068111e-08
21034,-1.2640118996725137e-09
21035,-6.462523049264943e-09
21036,-2.630410812965322e-09
21037,1.3887151850621094e-09
21038,2.7583560086740028e-09
21039,-5.319923950362549e-10
21040,-8.12395880882174e-09
21041,1.5861801933109143e-09
21042,5.014924031472506e-11
21043,3.4805188825487716e-09
21044,-6.70038710727344e-10
21045,-5.0632597111187745e-09
21046,1.1070227718211526e-09
21047,6.088100083394051e-09
21048,7.76438775215253e-09
21049,-1.1918845369322226e-09
21050,1.4083163931964106e-09
21051,6.687954841713945e-09
21052,2.9337043684039026e-09
21053,2.091878078944915e-08
21054,-5.964119099730704e-09
21055,-1.012741240443781e-08
21056,7.786719525172676e-09
21057,7.771148390615222e-09
21058,-2.87677572526423e-09
21059,3.211497711026987e-09
21060,9.224069884804973e-10
21061,-7.672390362198269e-09
21062,1.3664861706869383e-09
21063,4.992851241736921e-09
21064,2.6729486916170555e-09
21065,-9.939245574012221e-11
21066,-8.394711188196828e-09
21067,4.249263564896556e-10
21068,-1.3496645827338013e-08
21069,9.157194682320612e-10
21070,9.746982292273253e-10
21071,6.5420601568884476e-09
21072,-4.6373656274657575e-09
21073,8.695320290319316e-09
21074,-8.897487535889069e-09
21075,-8.474602845292166e-10
21076,-9.201292874541591e-09
21077,-1.1493605700974358e-09
21078,4.328857085098406e-10
21079,1.531838129031743e-09
21080,6.9475601027445795e-09
21081,5.05843320445234e-11
21082,-6.834925239761945e-09
21083,6.1743513493190665e-09
21084,-1.8186858290353737e-09
21085,3.904111379600075e-09
21086,-7.640236545291682e-10
21087,-5.712735444329598e-09
21088,2.8632740553817483e-08
21089,2.6212955238104697e-08
21090,-2.099689971863961e-09
21091,-2.397053206797056e-09
21092,3.43513131710457e-09
21093,2.1054676706475603e-09
21094,5.320846861792148e-10
21095,6.451154175839455e-09
21096,-1.3534686813650242e-08
21097,2.7416246243965772e-09
21098,2.0177938526731776e-08
21099,6.0739719954933725e-09
21100,1.5166107013286485e-08
21101,-1.300523846490765e-09
21102,5.324954164973035e-10
21103,1.1915171588626602e-08
21104,6.480384002267644e-09
21105,-2.243535046108015e-09
21106,-3.4061456548109114e-08
21107,-1.0774474264948306e-08
21108,5.752330403841504e-10
21109,-1.926173799504169e-08
21110,-3.7730621454474254e-10
21111,-2.466305025076781e-09
21112,-1.5525144225794547e-09
21113,-5.455212955236218e-09
21114,5.6049125459057015e-09
21115,-6.483205540870856e-10
21116,-1.5658964214153163e-09
21117,1.5097279524493183e-08
21118,3.807847975040083e-09
21119,-1.2203971720760497e-09
21120,5.310634826812176e-09
21121,-1.2754332513701312e-08
21122,-8.706824296977552e-09
21123,-6.789085328094535e-09
21124,-1.087665005703098e-09
21125,7.719792823189746e-09
21126,-1.3194800524023622e-08
21127,-1.1079763427180127e-09
21128,-3.184965880850022e-09
21129,-1.0408275143071218e-08
21130,5.269073531923477e-09
21131,4.3756222679679694e-10
21132,-1.3078524094496626e-09
21133,4.526827467795347e-09
21134,-7.119292492626894e-09
21135,2.428007208869387e-09
21136,-4.178339759413797e-09
21137,-1.444583294495921e-08
21138,-7.727227591329159e-09
21139,-8.456666651819916e-09
21140,3.22685107853915e-09
21141,-9.012013136928829e-10
21142,1.2205109453946851e-08
21143,-2.748631595589518e-10
21144,1.5244303907844395e-09
21145,3.911317327508288e-09
21146,3.587959529773788e-09
21147,4.607582335881964e-09
21148,4.426958289231692e-10
21149,-2.575098120953547e-09
21150,6.830822430158552e-10
21151,-1.289142474917355e-10
21152,8.79446739855831e-10
21153,5.002078421973765e-09
21154,2.477059795836478e-10
21155,7.865810762451852e-09
21156,-5.010582678507785e-09
21157,-4.002189723738437e-09
21158,-3.2572362787377147e-09
21159,1.2987947778188999e-09
21160,1.650826087265372e-08
21161,-9.72009986195249e-09
21162,4.317720053937179e-09
21163,-1.4035232249264811e-09
21164,-4.175056821407612e-09
21165,-2.005873213399938e-09
21166,1.2781759218131764e-09
21167,-7.997879638060904e-09
21168,3.153432312146145e-09
21169,5.919140217231583e-09
21170,-3.751031504921455e-09
21171,3.409681354866109e-09
21172,-2.6638563502871665e-09
21173,-1.0828299042231715e-08
21174,-2.8192223723410933e-09
21175,2.2287315700510534e-09
21176,-2.6658646261315227e-09
21177,-5.776240134640382e-10
21178,5.930032401010847e-10
21179,1.3626760380357562e-08
21180,6.3987750022445126e-09
21181,-6.650565166772752e-09
21182,-7.185195651014741e-10
21183,8.442077441320188e-09
21184,1.1251574101112747e-08
21185,-3.527641561114243e-09
21186,3.766757955166143e-09
21187,-3.943915187504104e-09
21188,1.3928257299139367e-09
21189,-7.879533634750733e-09
21190,-1.7965452434128722e-10
21191,-6.841645321551305e-10
21192,-3.912286369935297e-09
21193,-8.79000326244416e-10
21194,-3.0646233587476913e-09
21195,7.598455719035932e-10
21196,-7.364705351042947e-10
21197,1.8541189233291827e-09
21198,5.405790473184694e-10
21199,-1.1594222786570854e-09
21200,1.144120137312954e-08
21201,1.950614736355993e-08
21202,-3.1660798672119136e-09
21203,-1.0134507669961027e-08
21204,6.1895083644699324e-09
21205,1.2809804939575412e-09
21206,1.2495071398867906e-08
21207,-2.551135891413639e-11
21208,-1.400845340146863e-08
21209,-9.577967885451692e-09
21210,3.80445092555392e-09
21211,2.8269907724227455e-08
21212,-1.0356560438185028e-09
21213,6.5651844803515625e-09
21214,-3.696186551847077e-10
21215,1.6748683929362555e-09
21216,-3.1586074845581672e-09
21217,-1.3554278661023339e-08
21218,2.4577629557390042e-08
21219,-9.898724378457637e-10
21220,-1.3956461953244644e-09
21221,1.80016977314572e-08
21222,2.1952781955002956e-09
21223,-6.665318204162738e-09
21224,1.8559068130408732e-09
21225,-4.3970637457990335e-09
21226,-5.43978119704849e-09
21227,7.538237781806476e-09
21228,8.949124043763108e-11
21229,-2.6476030072721962e-08
21230,5.220975131458946e-10
21231,2.5578377023359837e-09
21232,2.531683475267247e-09
21233,2.8370485701345983e-09
21234,-5.2076226190326854e-09
21235,-1.8873325245744425e-08
21236,-9.021794861750413e-09
21237,1.3679874625706498e-08
21238,5.43050082901431e-10
21239,-5.350484971281101e-09
21240,-3.5398389471632367e-09
21241,-3.152138879213835e-09
21242,1.5672920729497195e-08
21243,-1.0311669960447786e-08
21244,-2.658630393822374e-09
21245,2.2686993825219843e-09
21246,-1.0325864492190337e-09
21247,9.600019882952585e-09
21248,3.613623099246421e-09
21249,9.431394707292742e-09
21250,-7.514492999528878e-09
21251,-9.727075647837767e-09
21252,2.6751031305413782e-09
21253,4.945184262220643e-09
21254,-5.3478931894687236e-09
21255,-2.320120145683328e-09
21256,-4.150999706860388e-09
21257,-1.0954523480398548e-09
21258,3.5674832345507514e-09
21259,1.3907180623299574e-09
21260,3.301807711572166e-09
21261,-3.5735448753117614e-09
21262,3.070594170246581e-11
21263,-5.350974771720761e-09
21264,-5.148833214087895e-09
21265,-3.0366757515501317e-09
21266,1.6977793007570412e-09
21267,1.1376222515768718e-08
21268,-1.2576143164089777e-09
21269,-7.782540131214532e-09
21270,-1.0505013951644666e-08
21271,3.940152455290006e-09
21272,-2.6664457728803012e-09
21273,1.0718834186418672e-09
21274,-1.1452316083100886e-08
21275,-4.5635308562342755e-09
21276,-1.1953680535869254e-08
21277,-6.900500604346519e-10
21278,1.2889500222535783e-08
21279,9.296869833382553e-09
21280,-2.12336731923117e-09
21281,-1.8059380452622236e-09
21282,-3.514442124882566e-10
21283,6.680676686328136e-09
21284,-7.4394076474391155e-09
21285,-7.510863889636884e-09
21286,-4.7231959659669755e-09
21287,6.651643623489014e-09
21288,1.158791378874295e-08
21289,-3.1258188866067466e-08
21290,6.446115676869012e-10
21291,-6.3655109844061915e-09
21292,1.0431444746807374e-08
21293,6.325425374351254e-11
21294,3.218242540179226e-09
21295,-4.2346718904137245e-09
21296,-6.121445881601012e-09
21297,-4.504670867489885e-09
21298,6.34471218712705e-10
21299,3.9815757073852746e-10
21300,-7.337455334337699e-09
21301,-3.3080865271836977e-09
21302,-2.2395858944785948e-08
21303,-4.470740813010995e-09
21304,-2.772323228322787e-09
21305,4.855116795371175e-09
21306,-2.117057606356147e-09
21307,-1.4089482403861608e-08
21308,-3.913106629273688e-09
21309,3.3491763076421305e-09
21310,-4.5478909581926495e-10
21311,-3.5889145304371404e-08
21312,1.0573211806392412e-08
21313,1.491804205946787e-09
21314,-9.201309007243852e-10
21315,-8.315608410345833e-09
21316,7.48472369818108e-11
21317,-5.0973545574872565e-09
21318,6.099889250639795e-10
21319,2.3537471492591682e-08
21320,-3.2635192670281826e-09
21321,-3.9267934574335385e-09
21322,1.0277434533729692e-09
21323,-1.083967970584175e-08
21324,-5.314985080750755e-09
21325,6.969397478141695e-09
21326,-5.466049076467283e-09
21327,-7.32511620378405e-09
21328,1.7552730484931507e-09
21329,-2.342472330221666e-09
21330,-7.406041521737967e-10
21331,7.397248228388491e-09
21332,2.829500703190678e-10
21333,-1.3431915987071757e-09
21334,2.167745311212327e-09
21335,-2.283542912111758e-09
21336,1.9798844576920097e-10
21337,-1.900576149344313e-09
21338,-1.7696527772272682e-08
21339,-1.3855623093227797e-08
21340,1.6439075090361366e-08
21341,-3.4617937030358627e-09
21342,-2.673081136741993e-09
21343,-1.603442928764579e-09
21344,3.0333941306264367e-09
21345,-1.271558221943015e-10
21346,4.634090774375171e-10
21347,-8.916701331010054e-10
21348,1.8089708908198756e-08
21349,-7.491688445499295e-09
21350,2.2344024213800707e-09
21351,-2.7357243424440278e-08
21352,8.203573285004557e-09
21353,2.910608157146405e-08
21354,-4.501656240523465e-10
21355,7.773108409768132e-09
21356,-5.803355282247503e-09
21357,-2.0748800839791587e-09
21358,-2.5897316988057977e-09
21359,4.392488255961332e-09
21360,2.6705630000042648e-08
21361,-1.316333330698394e-09
21362,-2.007660395713619e-08
21363,1.0234807005500582e-08
21364,-2.372168206295518e-09
21365,4.595854494305723e-09
21366,1.9237369447239166e-09
21367,8.098786394984021e-10
21368,-3.8821268963793034e-09
21369,-3.553446769844478e-09
21370,-1.0405748740948795e-08
21371,5.195961786501418e-09
21372,-8.184211334085346e-10
21373,-9.116451689010674e-11
21374,-4.778524559801957e-09
21375,6.241050360547409e-09
21376,-1.7810947054546173e-09
21377,-1.9518308035182278e-10
21378,9.178363288979755e-09
21379,-9.404218740498393e-09
21380,1.8900849349828597e-08
21381,3.6968019268330365e-09
21382,1.1017925138683916e-08
21383,-3.784920305061987e-09
21384,-4.183265485865939e-09
21385,-1.6987529201320672e-09
21386,8.599942574423105e-10
21387,1.9908846559501284e-08
21388,-1.122512322289939e-08
21389,-1.496057428584651e-08
21390,6.715273627187041e-09
21391,5.4881294549648795e-09
21392,6.700626888410167e-09
21393,7.294794978296622e-09
21394,4.299088376467169e-09
21395,-7.857408532046827e-09
21396,1.7924363723619425e-08
21397,-9.216417248843495e-09
21398,-1.390192040466822e-09
21399,1.0730161731047858e-09
21400,-4.0496763552069854e-09
21401,3.444794724338788e-09
21402,1.183417287278898e-08
21403,-2.8038127278901576e-09
21404,4.202773055793271e-09
21405,-1.2420248328339914e-08
21406,3.237616341601339e-08
21407,-4.3911896232224846e-10
21408,-6.707858975980992e-10
21409,-3.7525882867513957e-10
21410,8.75172089450226e-09
21411,8.025892639318954e-09
21412,-1.0075658756692513e-08
21413,9.66125498177142e-09
21414,-1.1643361588289066e-08
21415,-5.782409691080028e-09
21416,-5.48693580137166e-09
21417,-1.186812066368692e-08
21418,7.383749613558201e-09
21419,-6.125914197286647e-09
21420,-3.8941299577530705e-09
21421,-9.609419764396533e-09
21422,-1.4727123252951396e-09
21423,8.409290920267162e-11
21424,5.855907121734694e-09
21425,-2.0796304719401625e-09
21426,1.5594419169753938e-08
21427,2.136358792730194e-08
21428,8.303773704879418e-09
21429,-8.566716098017571e-10
21430,-7.262705442469791e-09
21431,-2.2345944021398294e-09
21432,2.0403006838278146e-08
21433,-2.230049072690369e-09
21434,1.9492497970528786e-08
21435,4.58417702148172e-08
21436,4.3170919928374806e-09
21437,-7.988021678856698e-09
21438,2.2324353962019071e-10
21439,-1.292634432838885e-08
21440,5.8934080259867835e-09
21441,-2.2082565211476996e-09
21442,-5.689460151774967e-09
21443,-3.2694427410741503e-09
21444,-8.236504897914922e-10
21445,1.7649484734405567e-08
21446,-2.3863826864966564e-09
21447,-1.0083364069530045e-08
21448,1.7917361529843147e-09
21449,6.1327576920111805e-09
21450,4.205788857823295e-09
21451,2.709392423106552e-08
21452,5.111238584289425e-09
21453,-5.724950098492107e-09
21454,-4.114064293908383e-09
21455,-1.0105142943925085e-08
21456,-2.6474414153575934e-10
21457,-5.175607643890162e-09
21458,1.248392776047693e-09
21459,-4.928949402189629e-09
21460,-2.6094399491767555e-09
21461,-5.093994419514373e-09
21462,-2.5826205899598704e-09
21463,-1.4451880273406627e-08
21464,-4.824472782452742e-09
21465,-4.6065075549692334e-09
21466,-4.040426956983271e-09
21467,2.0426413558979238e-10
21468,1.500045646165557e-09
21469,-2.693763296230816e-09
21470,9.936046048554806e-09
21471,-6.480220555703401e-09
21472,-4.389073392806782e-10
21473,5.510715575120398e-10
21474,-7.859041019957632e-09
21475,-9.135175339695187e-09
21476,1.062725140138384e-08
21477,-1.2125047776974776e-08
21478,5.181485589831872e-09
21479,-1.353979214377158e-08
21480,-1.4565427104861645e-11
21481,-7.753909369471534e-10
21482,-1.2553871829000772e-09
21483,2.8393350627348375e-09
21484,9.003551468533163e-09
21485,-3.1469313852361723e-10
21486,3.988679263897731e-10
21487,-1.8403047075076374e-09
21488,-1.5851194178480526e-08
21489,-1.3896711278013795e-08
21490,-2.0104426310563584e-08
21491,-6.480519837877614e-09
21492,-8.168556079376841e-10
21493,-1.3533614180920365e-09
21494,-3.0879030983459446e-09
21495,1.82991935891405e-08
21496,-6.06632680755092e-09
21497,-6.163350215323785e-09
21498,-4.150132836768552e-09
21499,3.968316201736344e-09
21500,-4.0578229918578235e-09
21501,1.1928606062718105e-08
21502,-7.07312290871772e-09
21503,1.7563790518400506e-08
21504,5.29420074403327e-10
21505,-4.590387162332148e-09
21506,-1.4765217037453697e-09
21507,1.2612492719206694e-08
21508,-4.890488330240173e-10
21509,8.552099312818304e-11
21510,-3.492955679331737e-09
21511,-8.551048840367649e-10
21512,-1.7799952721298253e-09
21513,-7.733641914186578e-09
21514,1.4265409498504027e-09
21515,-1.1088923098211215e-08
21516,-2.030950700462513e-09
21517,-6.379266723984885e-09
21518,3.615781123656651e-09
21519,7.77438241975268e-09
21520,-2.4727820663393963e-09
21521,7.399898325972825e-10
21522,-6.354391569187076e-09
21523,2.2276115736492244e-09
21524,-1.974576799426e-09
21525,-5.553516084720117e-09
21526,9.622039417439786e-09
21527,-1.19763026551463e-09
21528,-3.0361860994957193e-09
21529,-7.705853604164015e-09
21530,-7.77602443295942e-09
21531,-1.2424962269213342e-08
21532,1.5148906445253684e-08
21533,-9.428340074300363e-10
21534,-6.860580306336123e-09
21535,2.3265683016628796e-09
21536,-6.685010191715607e-10
21537,-3.081604522996304e-09
21538,2.8046050575769975e-09
21539,9.295153638151658e-09
21540,6.618698538493978e-10
21541,-1.3740342442393595e-08
21542,3.1312193868161014e-09
21543,4.844182024773974e-09
21544,1.4415377284383207e-08
21545,-3.4263488567585854e-09
21546,-4.820466939115347e-09
21547,-2.133661415706986e-09
21548,5.307443701165688e-09
21549,4.887594330888064e-09
21550,1.585198526846166e-08
21551,1.582853507971749e-08
21552,1.1965027161119181e-08
21553,4.367865087380733e-10
21554,-5.801803284110378e-09
21555,-4.249288000595691e-09
21556,-1.0232409939325157e-08
21557,-3.4738721376504846e-09
21558,-3.4519747848768466e-09
21559,-3.1945034416390874e-10
21560,-5.8744328095884345e-09
21561,1.5986145901282653e-08
21562,-7.1758105174982134e-09
21563,-8.218568223941789e-10
21564,-2.1031052221688643e-09
21565,-1.8159108279967105e-08
21566,2.614967613105999e-09
21567,-2.0160649370657255e-09
21568,-3.522963069475412e-09
21569,-1.5129497797187737e-08
21570,3.3958820959223097e-09
21571,9.314051782610888e-09
21572,-4.2704520657746127e-10
21573,1.7189861853815736e-09
21574,-2.2914389713506357e-09
21575,8.560974988276361e-09
21576,-2.3065989800107028e-09
21577,3.2138598580491505e-09
21578,-8.072367086994973e-09
21579,5.919520853286135e-10
21580,2.223283463944945e-08
21581,-7.939093163679276e-09
21582,2.8670174794397434e-08
21583,4.601959364305355e-09
21584,2.3546104121811618e-08
21585,-3.950701712197795e-09
21586,5.473177965921164e-09
21587,2.5076639194439074e-08
21588,1.0560162097893514e-08
21589,-3.4771166124006577e-09
21590,-3.390547529946169e-09
21591,-3.843355579954327e-09
21592,7.800896922224282e-09
21593,-1.493951540330327e-08
21594,3.030143803634841e-10
21595,-7.853217703945922e-10
21596,-4.93828418119625e-09
21597,4.912937458656218e-09
21598,-3.5557006215883397e-09
21599,-3.794144040021841e-09
21600,-2.5279879940998124e-09
21601,-7.160760150037661e-09
21602,-7.007397533337573e-09
21603,8.522044529290314e-10
21604,-4.832224718236244e-09
21605,6.430711281562391e-09
21606,8.371616966615612e-10
21607,2.203115079261281e-09
21608,1.2833624730665503e-08
21609,3.082961789728308e-09
21610,-4.580492299321496e-09
21611,-2.3410762322053416e-09
21612,3.521240526623282e-11
21613,-4.512733151503866e-09
21614,1.7116856998914576e-09
21615,1.590996155790806e-09
21616,1.1851392940035091e-08
21617,-4.908374976469145e-10
21618,-9.580217729787514e-09
21619,2.1307317809114216e-08
21620,-1.3873516313562616e-08
21621,7.643025943394942e-10
21622,-6.263405504469691e-10
21623,7.53892342196016e-09
21624,2.6292128722895963e-08
21625,9.427264356054197e-11
21626,-3.736490558866337e-10
21627,6.117707185887432e-09
21628,-1.2205625222426276e-08
21629,7.171009223949843e-10
21630,-8.968140958675926e-09
21631,-8.16508910936753e-09
21632,6.891392844454419e-09
21633,-2.2093853682080875e-09
21634,-2.6526762037561742e-09
21635,2.2757603616019845e-09
21636,-1.991353797987985e-09
21637,-3.8653864934765734e-09
21638,1.3122949599816697e-09
21639,-1.702335111621183e-10
21640,4.6381606224612365e-09
21641,1.3247784271124744e-08
21642,9.004633896123366e-09
21643,-1.583973649146564e-10
21644,-2.9388777342478323e-10
21645,1.5196938222262174e-08
21646,8.869103467039854e-10
21647,-4.702300107709354e-09
21648,-8.997125646966082e-09
21649,2.2309080928591263e-09
21650,9.303703594035313e-10
21651,-1.0666762165280938e-09
21652,7.985965427804593e-10
21653,2.4690764906597214e-09
21654,5.690597615254103e-09
21655,6.772123448255832e-09
21656,1.4280396121462912e-08
21657,-2.097075371716544e-09
21658,-3.210077254010118e-10
21659,-2.9862657287899655e-09
21660,2.6484623892957255e-09
21661,9.475450128821053e-10
21662,1.687897698057744e-09
21663,1.0812197096684936e-08
21664,-3.134647542295226e-09
21665,-1.5612360915904576e-09
21666,4.3501553082862214e-10
21667,-1.584218894550588e-08
21668,-1.0812915988023388e-08
21669,-9.80599151761461e-10
21670,1.37653273932541e-08
21671,-5.990710591130681e-09
21672,-1.993821205689574e-09
21673,-5.863670276295459e-09
21674,-1.2593985163558588e-08
21675,2.9613135442574705e-10
21676,-9.476728144984549e-09
21677,7.787452665843411e-10
21678,-1.5931100132197707e-08
21679,-7.133688844135089e-09
21680,-6.190587553313628e-11
21681,-2.365645202716936e-11
21682,-2.744684459558524e-09
21683,4.286082795509316e-09
21684,4.667904288923011e-09
21685,-1.793958705105475e-08
21686,-2.105299273534931e-11
21687,-1.81339400892884e-09
21688,-1.8752142138500958e-08
21689,-8.549542661374348e-09
21690,1.2488207052774454e-08
21691,4.5193364595083265e-10
21692,-8.791719051202233e-09
21693,-2.65660351351489e-09
21694,3.0707137324349624e-09
21695,-7.938269302677734e-10
21696,6.199693341300312e-09
21697,7.719992924565337e-09
21698,-1.7086787292253893e-09
21699,-1.9505451573112167e-09
21700,-1.0287986510030107e-10
21701,-9.930805648739724e-09
21702,-3.749810363871187e-09
21703,-9.83206396214763e-09
21704,9.628064440680711e-10
21705,3.1468657154894667e-10
21706,1.7601057358725482e-08
21707,-1.8626347131495488e-09
21708,-3.061459762126147e-10
21709,-1.5533078386291145e-08
21710,-9.888555973521809e-10
21711,6.070914565008003e-09
21712,1.0067869963939167e-08
21713,-1.7878362335114603e-09
21714,-8.576124777287837e-10
21715,3.956758885587141e-09
21716,-1.3670868239350146e-09
21717,3.439646238769829e-09
21718,-8.725377137976682e-09
21719,2.638007623823263e-09
21720,2.069427493320105e-09
21721,-2.5694983508635048e-09
21722,-1.1330731630463475e-08
21723,1.8484839354371563e-09
21724,-2.147370195979213e-09
21725,-2.177768403052226e-08
21726,4.795896448719887e-09
21727,-1.7675902281332048e-09
21728,-3.91382968380023e-09
21729,-6.622783223056515e-10
21730,-2.8903314332031104e-09
21731,3.7149679056802677e-09
21732,-2.3679896866364023e-09
21733,1.1548573539104333e-09
21734,-3.47673729704997e-09
21735,5.918970738794446e-09
21736,4.277789621465882e-09
21737,-2.5258967775504927e-10
21738,5.139267792821401e-09
21739,-1.0077696757061574e-08
21740,3.737855086781444e-09
21741,1.6668230584943388e-09
21742,3.8069747659391475e-09
21743,2.9048429298365265e-09
21744,-3.5140886140170103e-09
21745,-1.0775967255400279e-08
21746,7.280694427696286e-09
21747,-9.362377777814501e-09
21748,1.1918789983739838e-08
21749,-6.268127356041713e-09
21750,5.91310995575027e-10
21751,1.6960964296171036e-08
21752,-1.622726596894316e-08
21753,-4.178723169836948e-09
21754,-2.0062533733430922e-08
21755,-6.379909578413256e-09
21756,-3.5906115218461542e-09
21757,-6.467358078340527e-09
21758,3.091578888183156e-09
21759,-2.0263044942208277e-08
21760,8.33546204290976e-10
21761,-1.0100833936362513e-08
21762,-3.1953651964376222e-09
21763,6.3933382261256774e-09
21764,2.6902469291855374e-09
21765,-1.1702412838012444e-08
21766,4.363895064942939e-09
21767,2.3571325715328006e-09
21768,-5.695453457873034e-09
21769,-1.2368661862266593e-08
21770,-2.8390388234087913e-09
21771,1.1246500751254122e-08
21772,7.435672873592892e-10
21773,4.2020060605313923e-10
21774,3.452246430034636e-11
21775,-6.779739253696191e-10
21776,-5.263878950119186e-09
21777,-1.6009288019617098e-08
21778,-2.2185517919365e-10
21779,-7.890358328613246e-09
21780,-3.213774133114895e-09
21781,8.528754355318624e-09
21782,1.985336661620482e-09
21783,-1.4266048652559757e-09
21784,-1.0004354116868789e-09
21785,-1.0236635858319916e-08
21786,2.1604712274939207e-08
21787,1.6770786729380617e-08
21788,-1.8801410615548926e-09
21789,4.1243700469691293e-10
21790,-5.368513633778432e-09
21791,-1.7641562784314151e-09
21792,-5.469300266939656e-09
21793,-4.525813575509415e-10
21794,-3.3330081503776175e-09
21795,6.693645441069544e-09
21796,-1.3824954803467927e-08
21797,1.4739613871646727e-09
21798,1.3935702460734387e-08
21799,1.082858723802855e-08
21800,-1.6081161397847966e-08
21801,-1.8143744250609061e-09
21802,4.4128255031419845e-09
21803,1.7671431999508538e-09
21804,-4.103521069044069e-09
21805,6.719851623949619e-09
21806,-6.8340172164104766e-09
21807,4.999858282479155e-09
21808,-3.1730820191346933e-09
21809,3.281129533946124e-09
21810,-1.911796668516748e-08
21811,-9.246332530810174e-09
21812,1.854870663874997e-08
21813,9.481674131645115e-10
21814,7.961956180931293e-09
21815,-3.6128846585089533e-09
21816,-9.484000610610081e-09
21817,3.4411544939956283e-09
21818,3.2076138711565194e-10
21819,-8.652828360643879e-10
21820,6.8947674672081586e-09
21821,-4.750561894352089e-10
21822,-1.2284843077002252e-10
21823,2.6877096182026043e-09
21824,7.142728972298707e-09
21825,7.53535056815648e-09
21826,-3.1618931732969107e-09
21827,-3.0769940884687207e-09
21828,-1.7262425406665254e-09
21829,-5.248350344265803e-09
21830,2.905689581159303e-10
21831,3.5568560952256703e-09
21832,-1.2548854843941352e-08
21833,-8.192262911183496e-09
21834,-2.5882783442897075e-09
21835,-8.431039320233002e-09
21836,1.279449169502977e-09
21837,2.9971471049286288e-09
21838,4.065105198387601e-09
21839,-3.1284174254587066e-09
21840,-8.931414372562292e-09
21841,8.634517845170646e-10
21842,1.7892404280959706e-08
21843,6.88692535437032e-10
21844,2.1713235648938863e-08
21845,2.488344856493005e-09
21846,-9.284708735595433e-09
21847,2.2224638559878217e-09
21848,-2.0347896377492744e-09
21849,7.816885574267738e-09
21850,1.1623484988947664e-08
21851,1.4219861979522219e-08
21852,7.0840852312031865e-09
21853,3.429548470333552e-09
21854,-1.968693412510153e-09
21855,-6.266394677428235e-09
21856,9.223759493567104e-09
21857,3.5341839556727264e-09
21858,2.1449390565393913e-09
21859,3.6713640551111123e-10
21860,-1.8325296469176814e-10
21861,-1.426329190000498e-08
21862,-5.169551313837163e-10
21863,6.275834231693157e-09
21864,-2.3172118543876537e-09
21865,6.158110534646965e-09
21866,6.188451318212931e-10
21867,-2.823548765877584e-09
21868,3.3907051699820395e-08
21869,-7.163420506102048e-09
21870,5.480141364500597e-09
21871,-4.181874959860737e-09
21872,3.568064737948134e-09
21873,-4.486743863512829e-09
21874,-1.2099162964238024e-09
21875,3.8111068251409674e-08
21876,-5.0218958891043606e-09
21877,-4.098056895330676e-10
21878,7.95482144139641e-09
21879,-2.719657722785364e-09
21880,1.2768647825598918e-08
21881,6.8426415860380486e-09
21882,-1.4301178821975367e-08
21883,-8.218345433263572e-09
21884,1.550657569820797e-09
21885,-6.7430524621256395e-09
21886,-3.955456369879576e-09
21887,-1.0204145514936885e-08
21888,-3.938279596239948e-09
21889,-1.3213244256430088e-08
21890,-6.453416798423549e-09
21891,2.0168356751008343e-09
21892,-8.013237354811739e-10
21893,2.22904323641958e-08
21894,2.2009292617662066e-09
21895,2.274227193291696e-10
21896,-5.9205087894813326e-09
21897,-1.5072211044745235e-10
21898,5.4805406150757715e-09
21899,-5.093238548212507e-09
21900,1.1362247528490917e-08
21901,1.938297384430517e-09
21902,3.097274673741361e-09
21903,-7.613252198875123e-09
21904,-4.274031420095554e-09
21905,-8.84445548425065e-09
21906,-3.095507478776631e-09
21907,1.0408245254905366e-09
21908,-3.403845197452319e-09
21909,-9.65002337658757e-10
21910,1.2573787698540623e-08
21911,-2.596121884712199e-09
21912,-2.97124628065496e-09
21913,9.825099412014658e-09
21914,-1.0964446169810903e-09
21915,2.381804545535952e-11
21916,1.0487890733403045e-10
21917,-1.871490726930803e-09
21918,7.259172526337781e-11
21919,5.07020188069754e-09
21920,-6.84316664614147e-09
21921,-1.563490078597618e-08
21922,8.334212484494855e-09
21923,-3.3247552784708558e-09
21924,5.306365203075794e-09
21925,7.144627856782856e-09
21926,2.2291545876698776e-10
21927,-7.317802009738089e-10
21928,-1.1732642279349566e-09
21929,2.2083429619305653e-09
21930,3.3925344393265703e-09
21931,-2.3960649733916367e-09
21932,-1.0102052839050247e-08
21933,-2.6831725492594123e-09
21934,-5.709180083643122e-10
21935,-1.2440043117540417e-09
21936,-6.051430164581533e-10
21937,1.8383911492476758e-09
21938,-1.0784412039674085e-09
21939,-3.887763634511114e-09
21940,1.3830963301194733e-09
21941,-1.0388998296355226e-08
21942,-3.960928822774427e-09
21943,-7.0456757921782e-10
21944,-2.8074999243327805e-09
21945,-9.846743598197436e-09
21946,-2.6804253020724156e-09
21947,2.370241272455974e-10
21948,-4.979521549687012e-10
21949,-2.1633791696967786e-09
21950,2.1785399242143705e-09
21951,-1.1886931728869474e-09
21952,3.88599468280926e-09
21953,-5.0776597377927026e-09
21954,1.8906132728693943e-09
21955,6.246416683363653e-09
21956,-1.2762525262817523e-09
21957,-1.2326019502619003e-08
21958,-1.0390540057801514e-08
21959,-3.931767251283615e-09
21960,9.64195500464525e-09
21961,1.021082318142526e-08
21962,2.254431909917909e-09
21963,1.0206018452921664e-08
21964,1.0513155520924351e-09
21965,1.5202734226766701e-09
21966,-6.0907957114667374e-09
21967,1.4443353910908162e-09
21968,4.58741198504296e-09
21969,3.643622200271883e-09
21970,-1.7156747879909057e-08
21971,-6.984156167433036e-09
21972,-2.9351601447263973e-09
21973,-9.635137587581813e-09
21974,-2.9869335375618514e-10
21975,-3.4471194427454257e-10
21976,-1.6349965507042971e-09
21977,-4.520146052988586e-10
21978,-5.987221305829568e-09
21979,-6.179321312514492e-09
21980,1.863959402735408e-08
21981,-1.1637720949733945e-10
21982,-1.214894861244311e-10
21983,-6.81253631119557e-09
21984,-7.533218615175871e-09
21985,-1.6233515148234892e-09
21986,3.531001000862675e-10
21987,8.12437610046268e-10
21988,-2.0468410514096662e-11
21989,-1.3660262358776351e-08
21990,1.3449631860448096e-08
21991,-7.287636543021846e-09
21992,-2.0818899910563716e-09
21993,3.741061369421253e-10
21994,-7.769157768686158e-10
21995,-5.136994814727061e-09
21996,-3.806024529280382e-09
21997,-1.2947450899507882e-08
21998,-3.444490863291056e-10
21999,6.251459033816268e-10
22000,2.2481517964050885e-09
22001,4.999822855920379e-12
22002,1.5081153936406918e-08
22003,2.0570444249331005e-09
22004,-3.8108726574127395e-09
22005,3.481304379809233e-11
22006,-3.3486163056937323e-09
22007,-1.1459937796784337e-08
22008,-5.978075526056205e-09
22009,2.5840348226283174e-09
22010,-1.1626798113693244e-09
22011,8.62936115684375e-09
22012,8.489475002137696e-09
22013,1.5470778798161133e-08
22014,-7.172619971390009e-09
22015,-2.9704230797933035e-09
22016,-1.5384549991250594e-09
22017,8.477738996478829e-09
22018,-3.277260630269664e-10
22019,3.347330781484805e-09
22020,1.2485687981673605e-08
22021,-7.83082230435438e-10
22022,2.421819280630511e-09
22023,2.604812649253505e-09
22024,-7.934603350878082e-09
22025,1.0573324635779475e-08
22026,-4.968346742162694e-09
22027,2.016383665533296e-08
22028,4.3303409688471505e-10
22029,-1.1307495124459242e-08
22030,5.064914815301964e-09
22031,-1.4181869745462897e-09
22032,7.405186764466783e-09
22033,2.4909763610462407e-09
22034,-3.4496721148788525e-09
22035,1.4849672130853794e-09
22036,-2.4429155465198753e-09
22037,-9.509866187182275e-10
22038,6.747811349543519e-09
22039,-6.543446727140211e-09
22040,5.607315060554084e-11
22041,-7.331909763284674e-09
22042,-1.227791892027884e-08
22043,-1.3528778221071502e-09
22044,-5.403785131579932e-09
22045,-4.609887099761172e-09
22046,-5.287456961575449e-09
22047,-2.401670005541387e-09
22048,3.305967521691689e-09
22049,-5.916511678784853e-09
22050,-6.551146585119217e-09
22051,-1.2513502006107467e-08
22052,-1.3510345214992644e-09
22053,-1.3100274955708725e-09
22054,-2.846588290811271e-09
22055,1.5716203034980762e-08
22056,-8.75352050166003e-10
22057,1.0218188683560578e-08
22058,-2.251492546300998e-09
22059,-1.3758392908065276e-09
22060,-1.508037773454277e-08
22061,-7.283567080707562e-09
22062,-1.9865678379070603e-10
22063,1.630366525691537e-08
22064,-5.4675820153580164e-09
22065,-1.6480400357762042e-09
22066,-1.3535520962699583e-08
22067,1.5767418985610445e-09
22068,-4.4675633559561484e-10
22069,-7.3831636664892275e-09
22070,-7.721731549491937e-10
22071,-2.648404698395064e-09
22072,-9.71680631406045e-09
22073,-3.29918188233954e-09
22074,-1.1273789152072867e-08
22075,1.9889994365927375e-08
22076,-3.822532244608531e-09
22077,-1.1433865409237618e-09
22078,-4.9572991303458706e-09
22079,-2.0738975013769808e-09
22080,-5.546866816002266e-09
22081,2.467582602159663e-09
22082,-1.915229675057279e-09
22083,-3.062327131345989e-09
22084,2.535621647448633e-09
22085,3.6189016396184607e-09
22086,-5.145002147562881e-09
22087,-3.558889398700121e-09
22088,2.151867202669007e-09
22089,-1.0757290589668278e-08
22090,-2.132141936194263e-09
22091,1.172219256334773e-09
22092,3.879516836863159e-09
22093,1.5050441788915486e-08
22094,-4.565467081275929e-09
22095,-4.394756032581196e-09
22096,-4.520502181267281e-09
22097,4.277593497806846e-10
22098,-3.3025898778693037e-09
22099,6.056547333920074e-09
22100,-2.103474417085628e-08
22101,9.291725406962654e-11
22102,2.405434830215525e-10
22103,-1.9652672090292233e-09
22104,-1.3453512205617753e-09
22105,-8.07622819678372e-09
22106,-1.0210269927711954e-09
22107,-1.1476525598305348e-09
22108,-1.0207927254159457e-09
22109,-1.5494803968642774e-09
22110,6.98983129691585e-09
22111,5.269858677688796e-09
22112,1.5010928076914613e-08
22113,8.83563503943665e-09
22114,-4.753078493353689e-10
22115,-4.928519997877035e-10
22116,6.0277928396661885e-09
22117,-8.411546910262617e-09
22118,1.3821866699883158e-08
22119,-9.464258102910785e-09
22120,1.615944721047687e-08
22121,-1.168938533907456e-08
22122,1.3388563322358372e-08
22123,-1.1897624930128105e-08
22124,4.809263764953284e-09
22125,-7.473546012357657e-09
22126,-6.131515326977052e-09
22127,2.4487642817576907e-09
22128,-8.78601784058418e-09
22129,-4.535298880574949e-09
22130,-1.0136822603056177e-08
22131,-1.0134065715775988e-11
22132,1.0835988148092411e-08
22133,-6.174551338225519e-09
22134,6.967088842330997e-09
22135,-1.4778337496255984e-08
22136,5.171011451330255e-09
22137,6.927239655059416e-09
22138,-1.1661123063086912e-09
22139,-2.5156211644540324e-09
22140,1.1083532833676477e-08
22141,1.7876700493279206e-09
22142,3.988401712740221e-09
22143,-1.0324926227400522e-09
22144,1.364729299651338e-10
22145,-5.135086004417423e-09
22146,7.029778501982778e-10
22147,-6.9187288797669656e-09
22148,-4.146997300112774e-09
22149,-1.892165237669666e-09
22150,3.303473570935529e-12
22151,1.0802085933700662e-08
22152,-6.4720106778847375e-09
22153,7.1453214137946515e-09
22154,-7.697848577303317e-10
22155,3.1674407978235615e-09
22156,-4.172295988254656e-09
22157,-1.1367553191244002e-08
22158,7.663081157696367e-09
22159,-2.57862884630764e-09
22160,-2.5198498408474857e-09
22161,-6.99152116033111e-09
22162,-2.31169072411925e-10
22163,-4.0796839435639344e-09
22164,-4.758662480476612e-09
22165,-2.150025539700272e-09
22166,-1.378693714587144e-08
22167,-5.978414275263469e-09
22168,-2.2127274461033685e-09
22169,-8.920123242184755e-09
22170,-4.330038796844429e-09
22171,2.018807002096739e-08
22172,-1.0805353340285573e-09
22173,1.3572051436649558e-08
22174,6.403665815159908e-09
22175,-8.935904190180917e-09
22176,7.680334969113424e-09
22177,-3.711069544826861e-09
22178,1.800326702393536e-09
22179,-6.068119378899265e-09
22180,8.305823932644997e-10
22181,1.9571486061045175e-08
22182,-7.236730693228464e-09
22183,1.5513113787032857e-10
22184,3.996553331340626e-09
22185,-6.694420830657746e-09
22186,-8.055315472712485e-10
22187,-2.065077582511307e-09
22188,3.645152663019929e-09
22189,-3.2539440497945193e-09
22190,-8.305698791736335e-09
22191,-5.544350657386365e-09
22192,9.754557524464323e-10
22193,4.2131948528717026e-09
22194,2.2585654298952024e-08
22195,-1.1052914452751323e-08
22196,-1.0644487381274988e-09
22197,-5.553437928987449e-10
22198,3.84099295136517e-09
22199,-2.709599272419918e-09
22200,4.667029800428686e-09
22201,-1.717847871743543e-09
22202,2.1577950232673327e-08
22203,-3.441388955380456e-10
22204,6.641628209293559e-10
22205,5.028662106371934e-09
22206,3.7075375356586364e-09
22207,-3.1894441610357316e-08
22208,1.1756843038451162e-08
22209,-8.96784954437887e-09
22210,-5.306841603009408e-09
22211,-6.444605184610343e-09
22212,1.523597598211444e-08
22213,1.3348167937773944e-09
22214,-1.0577219922289184e-08
22215,2.590505216247154e-09
22216,4.110510206538512e-09
22217,-9.248930908643653e-10
22218,-9.162654518834307e-10
22219,-2.3159310628054617e-09
22220,-7.80471168012182e-09
22221,-1.58178405520048e-09
22222,1.2651456374962562e-09
22223,2.153605210828635e-09
22224,-8.856681735515794e-09
22225,3.354332778395774e-09
22226,-4.709507059709363e-09
22227,-1.4375795668122628e-08
22228,7.113943231208123e-09
22229,4.948944963562029e-10
22230,6.77974150156584e-11
22231,7.868183659157433e-09
22232,-8.98299196607367e-09
22233,-6.445671591644924e-10
22234,-3.056778181286043e-09
22235,-8.017912936740821e-09
22236,-3.147342858815071e-09
22237,-1.1506912943174337e-09
22238,-7.85538491918632e-09
22239,-7.743227787378294e-09
22240,3.081231315351103e-08
22241,4.4873459429672087e-10
22242,6.867600332253988e-09
22243,-7.2374540032927245e-09
22244,-4.853079197769669e-09
22245,1.3408690413545193e-08
22246,-4.5566347932487364e-10
22247,-1.186096689903857e-09
22248,-1.4436576391190681e-10
22249,3.5586414252922746e-08
22250,-1.0409426681342383e-09
22251,-1.6291318085689274e-09
22252,-5.952998946981119e-09
22253,1.3639782733044286e-09
22254,2.4898730135135913e-09
22255,-3.132016539537074e-09
22256,6.068647985509582e-10
22257,-1.5389065074095594e-09
22258,-6.22935777110646e-09
22259,1.3260602244451608e-08
22260,1.6296488908711695e-10
22261,-3.368312543238609e-09
22262,-5.127735251345172e-09
22263,-8.063041717767867e-09
22264,2.165379476766239e-08
22265,-1.3268177194968388e-09
22266,4.561865434428943e-09
22267,9.268934463518518e-09
22268,-1.2222761519496212e-08
22269,-5.334886642425544e-10
22270,7.83886571510115e-09
22271,8.400703195133953e-09
22272,7.043214670851236e-09
22273,2.1238154907571136e-09
22274,-9.398723325177442e-09
22275,6.364130865602223e-09
22276,-3.1125678463673386e-09
22277,3.0672178241229352e-09
22278,-1.7493351770144944e-09
22279,2.8675789122657528e-09
22280,2.679664383050905e-09
22281,9.77572541036842e-09
22282,-7.444236216910891e-09
22283,-1.1064238261673876e-09
22284,-5.704772882800826e-10
22285,-7.456843069136472e-09
22286,-6.97468040380633e-09
22287,-4.891161549672159e-09
22288,-5.909765955201095e-09
22289,9.982898342276624e-10
22290,-3.0169216961622075e-09
22291,-4.460028604244192e-11
22292,-1.1090315553366694e-08
22293,-3.0734175947680024e-09
22294,-3.2651331103904895e-09
22295,-3.1236781752358246e-09
22296,-1.1496563839984028e-09
22297,1.320178600681624e-09
22298,6.894206645409452e-09
22299,-7.585837534783302e-09
22300,-2.8093105596896486e-09
22301,-9.255673732650075e-09
22302,1.4556397015400635e-09
22303,9.536696778970472e-09
22304,-3.3060010801492025e-09
22305,-3.8727254291506235e-09
22306,-8.157185525518576e-09
22307,-1.3400490729932065e-08
22308,1.8444870602002292e-08
22309,1.3757379048097148e-08
22310,-4.848625810261886e-09
22311,-6.72057093430249e-09
22312,-2.5444447443256963e-09
22313,-1.2633642304314455e-09
22314,5.1111304849426035e-09
22315,-4.630768343348534e-10
22316,-2.9743070084185936e-09
22317,-5.589672555160806e-09
22318,8.709153256241567e-10
22319,5.3573650170196896e-09
22320,-2.549332192864433e-09
22321,1.152955518446148e-08
22322,1.8108440047887334e-09
22323,-5.030762267778501e-09
22324,-8.783274116155714e-09
22325,-2.1666195182054942e-10
22326,3.508205350576469e-10
22327,1.2922486557911364e-08
22328,1.452299338013618e-08
22329,7.168523272579618e-09
22330,3.6494678587644256e-09
22331,-3.0679899954538934e-09
22332,-3.4393240119029575e-10
22333,-2.6739730145932504e-09
22334,6.349696744915886e-10
22335,-3.894664301673561e-09
22336,-9.614741436586945e-10
22337,-8.065664801129977e-09
22338,9.407702226550792e-09
22339,-6.457323832755451e-10
22340,8.956861244106539e-10
22341,-1.4337149898980733e-09
22342,-1.9348145035602944e-08
22343,-6.758317069007754e-09
22344,5.53309091160651e-09
22345,1.1238649381707734e-08
22346,-3.416801867597057e-09
22347,1.3010553764692074e-09
22348,-7.225380582020114e-10
22349,2.806998781905235e-09
22350,-9.458328730962308e-09
22351,1.6143365516173475e-08
22352,-1.0253297080198917e-09
22353,-5.0547818982464015e-09
22354,-2.0432818824931684e-09
22355,-5.325644617323361e-09
22356,-3.600379469721752e-09
22357,-5.819342597216796e-10
22358,5.221934371831275e-09
22359,1.677616002463198e-08
22360,1.5963192840753146e-09
22361,-6.389336035004047e-09
22362,-2.9637906771728223e-09
22363,5.5149053560630094e-09
22364,3.8690776626408804e-10
22365,6.731154208814677e-09
22366,-6.498832508562928e-09
22367,1.5215440004564674e-09
22368,4.566703583343852e-09
22369,-8.411134927319058e-09
22370,-7.145358008250062e-09
22371,-7.140111144914297e-09
22372,2.6101004188943045e-09
22373,-1.5921400098893098e-08
22374,4.814037862112383e-09
22375,-8.634229585676187e-09
22376,-7.433273401921233e-09
22377,2.8698624319473544e-08
22378,-1.2448103260696573e-08
22379,-5.379991898807006e-10
22380,1.06099962703203e-09
22381,1.2048340991203139e-08
22382,-2.8096148733961535e-10
22383,1.8102265698812277e-09
22384,8.814178962613957e-11
22385,-1.897670049575991e-09
22386,-2.883463758751459e-09
22387,-5.214218280565745e-09
22388,-2.4261441061854533e-09
22389,-3.8366217722236804e-09
22390,-2.3620325587075797e-09
22391,-6.238005275942705e-09
22392,3.3167218508868128e-09
22393,-2.8686639863960085e-09
22394,-3.897170416689217e-09
22395,4.0540971691810324e-10
22396,2.4736096644735874e-09
22397,1.2274975224319594e-08
22398,1.794770644378774e-08
22399,2.0533608425938718e-09
22400,-2.561077341760256e-09
22401,5.064852463836202e-09
22402,4.236430799683571e-10
22403,-1.071387923687044e-08
22404,-8.41297910447583e-09
22405,6.4909217830692225e-09
22406,-1.3055840588946434e-08
22407,1.680015216659419e-09
22408,2.495935153008287e-09
22409,1.720218390409847e-09
22410,-4.232510600803667e-09
22411,-2.3221632761563104e-10
22412,-5.6292073214658665e-09
22413,7.514524559832851e-10
22414,-3.019191667251712e-10
22415,9.07076205309088e-09
22416,8.760882244427363e-09
22417,-1.8358110196363339e-09
22418,-6.232398479127912e-09
22419,1.546494348036599e-09
22420,-5.031698170002219e-09
22421,-4.3767139491307057e-10
22422,1.0605567902661047e-09
22423,-5.1367393707569076e-09
22424,-6.371949812208474e-09
22425,-7.187504420261796e-09
22426,-6.8012113521384186e-09
22427,-1.0700521868998112e-08
22428,-4.423333059192448e-09
22429,7.655886775042488e-09
22430,-8.731192866870569e-09
22431,4.4038677345641265e-08
22432,-5.06661392524176e-09
22433,-7.626824752293663e-09
22434,-3.5706866706032104e-09
22435,6.104062866093056e-09
22436,8.16463555823936e-09
22437,-4.192387519137348e-09
22438,4.5149688430986214e-10
22439,-4.39411077457877e-09
22440,-8.479140337016934e-10
22441,5.729478828187694e-09
22442,1.9048904450956572e-08
22443,-5.213268011498337e-09
22444,-8.929930107293047e-09
22445,1.0745345296892228e-08
22446,-3.6588661979556416e-09
22447,1.779467659660979e-08
22448,1.0574743523526768e-09
22449,1.3662142546913523e-08
22450,-1.0080254819258227e-09
22451,-2.821520074734441e-09
22452,-1.6843443516133076e-09
22453,7.90043691887045e-09
22454,-4.0829923190576655e-10
22455,4.633377322438505e-09
22456,1.0950191248139376e-08
22457,-1.6844041576559444e-08
22458,9.3555251580112e-09
22459,-7.2974782348429e-09
22460,2.031152231947865e-09
22461,-3.085449037456305e-09
22462,-1.97922906073226e-09
22463,-4.451328698757004e-09
22464,7.2868687113209135e-09
22465,-4.983761191101342e-10
22466,6.2840421581037756e-09
22467,3.4893864091776878e-09
22468,-9.339307586025875e-10
22469,-5.802748531914281e-09
22470,-4.069791419864613e-09
22471,1.627111509687554e-08
22472,-4.021327164897724e-09
22473,5.91471246081811e-09
22474,-3.8997631413505396e-09
22475,-6.8389014342172956e-09
22476,-3.122106358228405e-09
22477,-3.478833648222346e-09
22478,2.1892095877062292e-08
22479,-2.5544656520363868e-09
22480,-3.716828146689921e-09
22481,-1.1394374116269325e-09
22482,-1.1726996161116054e-08
22483,-1.5700285417838087e-09
22484,-3.0422220185837297e-09
22485,-4.131876426318932e-10
22486,-1.2826424670071642e-09
22487,3.983891696684645e-11
22488,-5.850518691348082e-09
22489,4.956506694660705e-09
22490,-1.1284415842891495e-09
22491,2.154257902674151e-10
22492,1.4425077875596725e-08
22493,5.209716091377472e-10
22494,-1.0320546455086925e-08
22495,-3.345263012715734e-09
22496,5.491054590882514e-10
22497,1.110813853728427e-08
22498,-2.5576456500978853e-09
22499,-8.183327774008736e-10
22500,-7.035624514387819e-09
22501,1.3227826324037846e-09
22502,1.4730803047696286e-09
22503,-5.594727020845733e-09
22504,-5.648296453006399e-09
22505,1.5974095843774317e-08
22506,-1.0056669122764815e-08
22507,-5.543374512809227e-09
22508,-7.250746207785632e-09
22509,-1.0863479819118268e-08
22510,-3.879426342965076e-09
22511,-1.612275954048098e-08
22512,3.1751792017032264e-09
22513,2.366408894649573e-08
22514,-8.775632413998795e-09
22515,2.1437372840707098e-08
22516,-9.030212514517542e-10
22517,3.323006478742841e-09
22518,-6.258659145396026e-09
22519,8.311249012518029e-10
22520,-6.3088324195454606e-09
22521,2.121672378957489e-08
22522,-7.4115671775535605e-09
22523,-9.621801338131385e-09
22524,3.093372197597211e-09
22525,-5.245785022867882e-10
22526,-5.240228305974483e-09
22527,-5.568761332105369e-09
22528,-4.044894771601918e-09
22529,-7.644440790737028e-09
22530,-1.0524804598754925e-08
22531,-8.178776007024204e-10
22532,2.7839991931248384e-08
22533,6.169699106036807e-09
22534,-1.5276726946178546e-09
22535,3.5678603349502584e-09
22536,-1.095152742849289e-09
22537,-1.986345643340789e-09
22538,-1.5879705537708677e-09
22539,8.85924233394779e-09
22540,-1.483886906884123e-08
22541,-2.4456555096842917e-09
22542,6.414980497808452e-10
22543,-3.967429308260159e-09
22544,-3.036484496644615e-09
22545,-6.735569993653463e-10
22546,4.8897054653707684e-09
22547,1.6181143869493416e-09
22548,-1.1090286677198005e-10
22549,-4.5841522921040875e-09
22550,-3.123995382463779e-10
22551,5.777684605955274e-09
22552,1.2389313026402584e-08
22553,8.929551916436733e-09
22554,-1.6639918415819954e-09
22555,-1.0043950500522917e-08
22556,-5.904993791107351e-09
22557,-3.075886556737426e-09
22558,4.682591231515642e-09
22559,2.405152052015619e-08
22560,-2.6981875764875233e-09
22561,-1.0305454710393918e-08
22562,-2.5785566785445343e-09
22563,-1.0764742899047101e-08
22564,2.4345044562004904e-09
22565,3.6471234287064834e-09
22566,-1.6412836947156136e-11
22567,1.9138011113140827e-08
22568,7.173422113922943e-10
22569,-4.205526817837192e-09
22570,1.9361233453135577e-08
22571,4.087614136848822e-09
22572,-3.096539864854115e-09
22573,-3.618998444862311e-09
22574,2.1720945793538865e-08
22575,-4.158199859130837e-10
22576,7.368305001713569e-09
22577,-6.45204299834575e-09
22578,5.026036551508532e-09
22579,-1.3104210557148868e-08
22580,2.9500353624390075e-08
22581,-5.283869033371371e-09
22582,-3.819805235152224e-09
22583,-1.2989932707004785e-08
22584,1.5985924671905096e-09
22585,-7.805617580270862e-09
22586,-2.6625133600376092e-09
22587,9.605400822935056e-09
22588,1.7246100769667227e-08
22589,-8.377316195830409e-09
22590,1.0287691301789812e-09
22591,1.7551958641483055e-08
22592,7.213509283216567e-09
22593,-2.468368254806816e-09
22594,-9.810891644718472e-09
22595,-1.5063141462303498e-08
22596,3.255874543320501e-09
22597,-7.92071983092726e-09
22598,-1.3273217708500764e-08
22599,8.084400987005661e-09
22600,-6.062993364831833e-09
22601,1.2632098565298953e-09
22602,-6.370575042667339e-09
22603,-4.2468156069235513e-10
22604,-1.824668514734493e-10
22605,8.690378089573638e-09
22606,1.623498263253444e-08
22607,-8.450623484414723e-10
22608,-1.9995421082005356e-09
22609,1.0614939113679696e-08
22610,-1.933053006174613e-09
22611,1.1433011071414009e-08
22612,3.1815023500611143e-09
22613,1.0796282684562188e-08
22614,4.1082577511037846e-09
22615,-3.4446198623088003e-10
22616,-6.478548586433562e-09
22617,-7.387341274622997e-09
22618,-1.8232083951084944e-08
22619,-6.139403845621007e-09
22620,1.0517099842604622e-09
22621,-6.697389382531383e-09
22622,-7.939335266656993e-09
22623,-1.8630838685926537e-09
22624,1.9637774266185968e-08
22625,6.055903600058901e-09
22626,1.247021643964625e-09
22627,6.053788674153364e-10
22628,-3.3864632519438696e-09
22629,-1.0846617382881218e-09
22630,1.142316771062233e-08
22631,-3.1965434094756902e-09
22632,7.620144713911464e-11
22633,3.819130078562007e-08
22634,-8.261543869676174e-09
22635,6.519294377976857e-09
22636,4.656215501855904e-09
22637,-5.930398682405361e-09
22638,-1.2502202271876486e-08
22639,-3.2241318015788622e-09
22640,5.538341985077182e-09
22641,6.337809883507429e-09
22642,-4.6160973919800516e-09
22643,-1.59729379933155e-09
22644,1.6724878519999403e-08
22645,2.6865883525332586e-08
22646,-1.1344637537679611e-09
22647,-3.707756320608405e-09
22648,-3.6990712104870753e-09
22649,7.848550651859467e-09
22650,7.535967783412159e-10
22651,1.8949139941581707e-08
22652,-6.696251101298151e-10
22653,-4.3454597678825665e-09
22654,1.5801926479119e-09
22655,1.8399263351754538e-08
22656,-2.771484264764552e-09
22657,7.2347836428504576e-09
22658,-1.2911314700396947e-08
22659,-2.1828515334394564e-09
22660,8.94967534037337e-09
22661,7.1152489619733735e-09
22662,-1.2291919380043705e-09
22663,-4.556057636422265e-09
22664,-3.6115347072372762e-09
22665,6.848527037110579e-10
22666,-1.676854718340017e-09
22667,1.1156433975313777e-08
22668,-5.0624511240669034e-09
22669,-3.016606787605504e-09
22670,-1.5323334148184998e-08
22671,-4.3559035747184125e-09
22672,7.719277653635672e-10
22673,-4.734006373695273e-09
22674,-3.077113658202717e-09
22675,-5.508547662542201e-10
22676,-1.5589062369797441e-09
22677,-6.5337682505486215e-09
22678,-8.142992735898557e-10
22679,6.7327753383255436e-09
22680,3.812142368400311e-12
22681,-3.1711014951285576e-09
22682,-6.274958020679818e-09
22683,8.011642192448982e-10
22684,-4.6335641830601455e-09
22685,8.277178429727024e-09
22686,4.8267733136966415e-09
22687,3.4731083847622087e-09
22688,5.819325857044235e-09
22689,-7.417377256377207e-10
22690,1.1527074514393095e-08
22691,-2.827018777480722e-09
22692,-1.996722067257691e-08
22693,-2.2436399028094966e-08
22694,-2.2394650964968227e-09
22695,-9.540321650604727e-09
22696,7.382036695726058e-09
22697,2.3943533846399432e-08
22698,-9.594017168778338e-09
22699,1.0526491331022496e-08
22700,6.077890104272442e-09
22701,-2.943298843351638e-09
22702,9.747487699058134e-09
22703,2.2004130599732951e-10
22704,-6.584856470992816e-10
22705,2.4679271743899896e-09
22706,1.1274649171192698e-08
22707,-4.133308236518001e-09
22708,-1.0796116249420707e-08
22709,1.1767136019865126e-09
22710,4.809220992642806e-10
22711,-3.461210358336899e-09
22712,-9.653699359279646e-09
22713,-7.653562179168023e-09
22714,-5.979827252567721e-09
22715,3.568314575984316e-09
22716,-2.5289616801611922e-09
22717,6.7173267124412735e-09
22718,-8.027335857501014e-09
22719,-5.366147638937399e-09
22720,-5.441844038513963e-09
22721,-1.1916727682224584e-08
22722,-2.3126979840900485e-10
22723,2.972966545386969e-09
22724,-5.267816899115005e-09
22725,-2.969708510668212e-10
22726,-1.1912340574154154e-09
22727,-2.0479835221598775e-09
22728,3.779774760844321e-09
22729,-2.2473639887303412e-10
22730,-1.3906753424771858e-09
22731,-6.748500805468524e-09
22732,1.249177576202509e-09
22733,-1.4394410627235396e-09
22734,-5.67083708949551e-09
22735,-8.129329413785414e-09
22736,-6.102829391659035e-09
22737,4.7153360325786085e-09
22738,8.811509058397143e-10
22739,-1.1620552028242268e-09
22740,-1.2967550829338864e-09
22741,-8.345900681611504e-09
22742,-8.36085579503405e-09
22743,-5.904251332137588e-10
22744,-5.8457489597473575e-09
22745,-2.5241317781635326e-09
22746,-3.764306176404277e-09
22747,6.072089445871763e-10
22748,-1.1004832148412895e-09
22749,-8.893422405336878e-10
22750,-5.1340496908498215e-09
22751,7.23717340637519e-09
22752,2.120602173976893e-08
22753,-4.3320887600232135e-09
22754,-1.0484682322049876e-09
22755,-3.030040048662942e-09
22756,8.527137553004674e-10
22757,-1.156815024191925e-09
22758,4.698589448152282e-09
22759,2.590223191765912e-09
22760,2.2149182664864126e-12
22761,5.945391411519698e-09
22762,-2.7782969476627008e-09
22763,8.43294305459078e-09
22764,-9.142609347807596e-09
22765,-5.656047465885793e-09
22766,1.448254578465621e-08
22767,-1.3996017319052088e-09
22768,-7.703818878195642e-10
22769,5.423730757299167e-09
22770,-1.4173098953711797e-09
22771,-4.368397928247021e-09
22772,6.130063286472857e-09
22773,-3.535579271663499e-09
22774,4.056455752321345e-09
22775,-4.465582749522795e-09
22776,-7.2109609316113324e-09
22777,-3.314895786137282e-09
22778,2.586051041643813e-09
22779,-1.5894010053488258e-08
22780,-1.9623722669967492e-09
22781,-8.391162291919254e-09
22782,-1.762297719165729e-09
22783,-1.632034565927761e-09
22784,-4.751220947926074e-09
22785,-7.139470578882641e-09
22786,3.589012096969951e-09
22787,2.7529737614921665e-09
22788,-1.7824522148716843e-09
22789,-6.866003359185022e-11
22790,-7.879349234499499e-09
22791,-6.772613573777569e-09
22792,-5.050539763433429e-09
22793,-2.0392941659252794e-09
22794,-5.5641977008599274e-09
22795,-2.0097110279408376e-08
22796,-9.139834758925594e-09
22797,-1.8237005462465331e-09
22798,1.832965851301178e-08
22799,-6.470058616014615e-09
22800,-4.862010530871526e-09
22801,4.487977910028094e-09
22802,-3.7106562733295924e-09
22803,-6.694377334357527e-10
22804,7.658335259156413e-09
22805,-1.888359146279708e-09
22806,1.8786961177251295e-09
22807,-4.551280860972008e-10
22808,-6.41824193792352e-10
22809,6.705304995325052e-09
22810,6.514712648798733e-11
22811,-1.2475634686110185e-08
22812,-4.986968326926913e-09
22813,1.077006386804895e-08
22814,1.6388842939690736e-08
22815,1.896296916439074e-09
22816,4.542234363706568e-09
22817,-1.8383224817769963e-09
22818,-1.0743519933905593e-08
22819,-1.1160107514322328e-09
22820,1.3008573668745974e-08
22821,7.220319407100831e-10
22822,8.772083689925614e-09
22823,-5.656507645127481e-09
22824,-8.37573157324671e-10
22825,-1.2901289875937666e-09
22826,-6.314129886112395e-09
22827,-3.566716128071034e-09
22828,2.7762994338209075e-09
22829,-4.923692040207012e-09
22830,-6.484983468216136e-09
22831,4.810074922376541e-09
22832,1.8660545561748983e-09
22833,3.758424857472685e-09
22834,-2.1790570673946273e-09
22835,-3.543069935053641e-09
22836,-6.337515535539355e-09
22837,-2.860322852472984e-09
22838,4.104630922971819e-09
22839,-3.2405837008051887e-09
22840,1.3778484932938593e-09
22841,-8.940731564470866e-09
22842,1.4480405571324434e-08
22843,1.3359543852647232e-08
22844,1.0210840963340005e-09
22845,1.6170253078303352e-09
22846,-4.721002281580225e-09
22847,-4.162598672830587e-10
22848,1.2454183650558006e-08
22849,-8.082076074136984e-09
22850,2.9469935555704016e-09
22851,1.1721238784262238e-08
22852,7.368713557064616e-10
22853,1.0203637213982203e-08
22854,-7.481641290794549e-09
22855,-1.1838069513121216e-09
22856,-6.4698523295741465e-09
22857,1.3316909016836987e-10
22858,-4.851683129978956e-09
22859,-3.5946710193656517e-10
22860,2.4744252648289064e-09
22861,-5.115241764988604e-10
22862,6.0803057462298294e-09
22863,-3.739254485757447e-11
22864,-9.813102997626339e-09
22865,1.3302936649770253e-08
22866,7.061045578556963e-10
22867,-2.300465474674836e-09
22868,-1.3709403492110164e-08
22869,5.719733086167527e-10
22870,7.2821866044349704e-09
22871,-4.325568506986953e-09
22872,-9.544064705306034e-09
22873,6.9093119459340344e-09
22874,1.86467190050661e-08
22875,-3.8934007978433227e-10
22876,1.337199808762675e-08
22877,9.248833007778466e-09
22878,8.833098797880552e-09
22879,3.1345566495870348e-09
22880,-5.3075488520474106e-11
22881,-5.347234294874129e-10
22882,1.9312464520780696e-09
22883,-4.4976890414929265e-09
22884,1.620370858541659e-08
22885,-4.3576149296580053e-10
22886,-5.107720726207979e-09
22887,-2.0901190394266382e-10
22888,1.6157961442871106e-08
22889,-1.4807107084474465e-10
22890,-1.4278041308429935e-08
22891,-1.1130459063694617e-09
22892,-4.858406557510711e-09
22893,1.691700811172136e-08
22894,2.468320988031374e-09
22895,1.202702610310777e-09
22896,-2.8863755829779704e-09
22897,-6.561488613494085e-09
22898,3.2317905799642097e-10
22899,3.3463472925930498e-09
22900,1.2556302890232515e-09
22901,5.08452991385333e-09
22902,-7.538848295482259e-09
22903,-6.020539787237532e-09
22904,2.705791716299126e-10
22905,-4.368783659042274e-10
22906,-1.1324187682251276e-08
22907,-5.075905579106033e-09
22908,5.310675045438074e-09
22909,-4.248240479908697e-09
22910,-8.793280665894933e-09
22911,6.689922062110511e-10
22912,2.9477375104501127e-09
22913,-3.2644272829491573e-09
22914,7.621054193643574e-09
22915,-1.777545106928312e-08
22916,-5.418806668788238e-09
22917,-4.0081398488715694e-09
22918,-5.155811881270459e-09
22919,2.510470768243582e-10
22920,-7.89795336263521e-09
22921,-2.3352724617301125e-09
22922,9.025072995857205e-09
22923,-1.4783386700065982e-10
22924,-4.6423732072724737e-10
22925,-1.0573261049745243e-09
22926,-2.4912373768491554e-09
22927,-2.5504005226035092e-09
22928,-5.289754340849e-09
22929,-4.300349373782507e-09
22930,-4.522434271933939e-09
22931,-8.001731180052855e-09
22932,-3.002439755784986e-09
22933,-1.1901883845081888e-08
22934,3.933700365475067e-09
22935,1.571164152979954e-09
22936,-4.172062610696694e-09
22937,-1.593751679693476e-09
22938,-7.952878024665595e-09
22939,5.817092354739049e-09
22940,-1.821502712380179e-09
22941,1.1509199728947012e-08
22942,-3.237038930949953e-09
22943,-9.338908437347908e-10
22944,-1.4238795201161322e-09
22945,-8.708201971235619e-09
22946,-2.257064359469609e-08
22947,3.891747375698024e-09
22948,-3.907060388773544e-09
22949,1.1868175298970849e-08
22950,-2.3035451815920956e-09
22951,-1.2605100124498292e-09
22952,1.1614940597968996e-10
22953,-1.5301766994369712e-09
22954,3.2069734593048033e-09
22955,2.4124445555353814e-08
22956,-1.9052167871372277e-09
22957,4.277872441324614e-09
22958,1.1708103669384894e-09
22959,-1.0979682370711878e-08
22960,3.3392014974488916e-08
22961,-1.3469478616477966e-08
22962,-9.27285513268177e-10
22963,-1.4760487688415272e-08
22964,1.001774082450752e-09
22965,-1.567633271042847e-09
22966,8.78197084593769e-11
22967,-6.960493049122008e-09
22968,-5.221013699712945e-10
22969,-4.0492374128818474e-09
22970,-4.238153544406646e-09
22971,-1.0982572171580935e-08
22972,-1.1682699464505905e-09
22973,-1.1329893404946943e-09
22974,-7.661180026897837e-09
22975,-3.0431024910932177e-09
22976,-1.3473188176752477e-09
22977,-8.801164152787432e-10
22978,-3.5241091639000926e-09
22979,-6.217003116816856e-09
22980,1.3906869636662299e-08
22981,-7.545032892991699e-09
22982,-1.0875007939466708e-09
22983,2.3834691960665184e-09
22984,-8.04286867102308e-11
22985,1.3360111794666225e-10
22986,-6.311885580414249e-10
22987,-8.279290643954443e-09
22988,-3.5361476514871675e-10
22989,7.949291058728564e-09
22990,-6.042997154022415e-09
22991,4.691413118703212e-09
22992,7.825363114983939e-10
22993,-1.0463927641200318e-08
22994,8.137208883564438e-10
22995,-2.3073175019406094e-09
22996,4.8939657962799815e-09
22997,4.518874417719561e-09
22998,2.989253990628305e-08
22999,-1.191756363332642e-08
23000,3.941649252455193e-09
23001,8.236731653403636e-11
23002,-1.8419073993388144e-09
23003,-4.382071743792666e-09
23004,-6.907100791379593e-09
23005,-9.094847983494293e-09
23006,-3.907957508047721e-09
23007,-1.0967859717000192e-09
23008,-4.0716973895672245e-09
23009,-1.5736827774544342e-09
23010,-2.3649631403576435e-09
23011,3.0754309408518373e-09
23012,-1.670864737139439e-08
23013,-7.207221445899215e-09
23014,5.854927560693875e-09
23015,-1.3158836872842431e-09
23016,1.0860044864754557e-08
23017,7.250614445461307e-10
23018,-6.2065685769085985e-09
23019,1.232803211751714e-09
23020,-1.8446964388053141e-09
23021,8.260024479971078e-09
23022,-5.474118877772437e-10
23023,1.4872888335674324e-09
23024,-4.82089420707499e-10
23025,-4.47842866907117e-09
23026,4.708647099453425e-09
23027,-7.029030833125177e-09
23028,-9.21760225268696e-09
23029,-2.772098226433064e-09
23030,-2.531150608880962e-09
23031,7.94296106465741e-10
23032,-1.5257350942091936e-08
23033,5.619424234563545e-09
23034,-9.983811231875036e-09
23035,4.2205401331181545e-09
23036,8.147799704572051e-10
23037,-2.191501314786208e-09
23038,-9.182698467297046e-09
23039,1.914414406662543e-09
23040,8.342932432215051e-09
23041,-7.794066085014966e-09
23042,-4.783280804545916e-09
23043,5.567072697100354e-09
23044,-6.555093787916817e-09
23045,2.7021951859737136e-09
23046,-2.9267544556325385e-09
23047,1.3616083490586001e-09
23048,-3.812272316532629e-09
23049,-2.776063803022522e-09
23050,-2.2421341585221073e-09
23051,-4.6521965972420176e-10
23052,-1.461084317086567e-08
23053,8.943076692625915e-09
23054,-3.3430487613599406e-09
23055,-7.004918310439047e-09
23056,1.7417247365344736e-10
23057,-2.2104858758234456e-08
23058,-1.9930275194313748e-09
23059,3.501161608564699e-09
23060,2.0679802749887514e-09
23061,-4.351421784729666e-09
23062,2.946383520787112e-09
23063,5.396701376993661e-10
23064,-1.2620131210396865e-09
23065,2.125954869426838e-09
23066,-4.904024802839664e-09
23067,-6.170446395237518e-11
23068,3.1408460560298286e-09
23069,1.2202182027158441e-08
23070,9.482784441783917e-09
23071,-1.2466942882299522e-09
23072,-4.367584022356541e-09
23073,-5.302701854255918e-09
23074,-5.516972330516771e-10
23075,-2.041490199017995e-08
23076,1.8064404990007948e-08
23077,4.427279099074049e-09
23078,-1.356696717914415e-08
23079,2.467206428581443e-09
23080,2.013209423369894e-09
23081,-1.107025059087295e-08
23082,1.4627572569814649e-08
23083,6.022631223342119e-09
23084,3.3593185139007647e-09
23085,-3.904144253718258e-09
23086,2.757990814879468e-09
23087,-1.7802751354183937e-09
23088,-7.155894420074522e-09
23089,-4.605579204789578e-10
23090,-1.134567355732281e-08
23091,6.120907451253565e-09
23092,-1.399399178119595e-09
23093,-3.1505723872433576e-09
23094,-1.175298236574709e-08
23095,-6.951713832679052e-09
23096,6.417641015144644e-09
23097,6.12123749809844e-09
23098,1.5157480894695715e-10
23099,2.383727648312153e-09
23100,3.4640575854858e-09
23101,1.2083584058350381e-08
23102,3.6480730688986285e-10
23103,-4.08578773684206e-09
23104,-8.089838520830332e-09
23105,1.061489315538384e-09
23106,5.7076664664587445e-09
23107,-3.2621215935078643e-09
23108,3.564295990105501e-09
23109,-4.5789327023035814e-09
23110,-5.244356129962634e-09
23111,-5.279486104791161e-11
23112,3.266701917358009e-08
23113,-8.17527591195541e-09
23114,-5.766527701608693e-10
23115,-2.7635108724236624e-09
23116,-3.648697662547874e-09
23117,-4.599641720865374e-09
23118,-1.1969068406371734e-09
23119,-3.5370233504490504e-10
23120,1.4820401541620169e-08
23121,-3.295082637388352e-09
23122,-2.5889077860718307e-09
23123,-1.823436771909145e-08
23124,-3.7890376647430845e-09
23125,-5.698054319075428e-09
23126,-7.307386510641879e-09
23127,6.5349722515363926e-09
23128,-1.3957606489711936e-08
23129,-1.3682075386950889e-08
23130,-3.2310383689785225e-09
23131,1.9421039238708908e-09
23132,-3.3927785058620428e-09
23133,1.268779962673751e-09
23134,8.699113881045887e-10
23135,6.448115165814963e-12
23136,-3.1339005331593963e-09
23137,-4.551186683357835e-10
23138,-7.871064973901038e-11
23139,7.805956305297183e-10
23140,-7.013891377042339e-10
23141,-1.9809650278145156e-10
23142,2.287751139219741e-09
23143,-4.887514920606061e-09
23144,2.3988386138464737e-08
23145,1.7787796310694042e-08
23146,-7.736296329065144e-10
23147,1.5373789950268967e-08
23148,-4.751878560633957e-09
23149,7.716347494391659e-09
23150,-2.5397114940878016e-09
23151,1.809974758919733e-09
23152,-1.5796098413153865e-09
23153,-3.340597908427603e-09
23154,1.2091485648449163e-09
23155,2.1671106484660685e-08
23156,8.013993639866371e-09
23157,2.5644290006416398e-08
23158,-5.38038736301121e-10
23159,-4.211731928872002e-09
23160,6.4920138841639066e-09
23161,4.800038591414074e-10
23162,7.525664229938397e-09
23163,-5.147658419207433e-09
23164,-2.40720035558034e-09
23165,5.584372074379116e-09
23166,-8.908084106598444e-09
23167,-5.420290691926955e-10
23168,2.250524948311312e-08
23169,-6.9152644829405175e-09
23170,-7.577972203415291e-09
23171,-1.0742471953971243e-08
23172,5.033206190996608e-10
23173,-6.292566038557255e-09
23174,6.981764278090932e-10
23175,1.981086988371917e-08
23176,1.0547944860771615e-09
23177,-7.112919681055117e-10
23178,1.1827588297902963e-08
23179,-2.6647959974702986e-09
23180,6.49456229001219e-11
23181,-3.620949905336255e-09
23182,-5.012253390422919e-09
23183,-2.3533276267195673e-09
23184,6.971841610956765e-09
23185,3.847338868324662e-09
23186,-1.1697503357297205e-09
23187,-1.4929705685682346e-08
23188,-1.9385456015240834e-10
23189,-2.9836385853313293e-09
23190,-6.391847124792823e-10
23191,1.359502548365549e-09
23192,6.860266065526259e-09
23193,-5.053240943388122e-11
23194,4.1115362575609165e-09
23195,-3.7991011589177347e-10
23196,-2.670789880146418e-09
23197,1.052566804466953e-08
23198,-8.19430442105771e-09
23199,6.949653627594673e-09
23200,2.248707084879863e-09
23201,4.808499096273081e-09
23202,-3.107761356810994e-09
23203,6.6404182869958104e-09
23204,3.946160291085657e-09
23205,2.2357677500084957e-09
23206,-3.6108387185311783e-09
23207,2.43917662702936e-09
23208,-2.9804005231903347e-09
23209,4.37241377318997e-09
23210,7.499784479186083e-09
23211,-1.2924080425067837e-09
23212,1.4091081301754013e-08
23213,2.4993824409650897e-08
23214,-4.709906947642942e-09
23215,5.495308385995567e-09
23216,-1.2688592877391942e-09
23217,5.321374189351927e-09
23218,2.1230949987555753e-08
23219,1.671240803021805e-08
23220,7.386160937477314e-10
23221,4.408304208415045e-09
23222,-2.099742031862775e-09
23223,-1.0833166104457965e-09
23224,4.221866501119146e-09
23225,-3.0923839326883876e-08
23226,-6.8213721561902035e-09
23227,-6.192735268605667e-09
23228,4.5508158782136125e-09
23229,-1.2321583894204525e-08
23230,-2.618140489755159e-09
23231,8.702695957355274e-09
23232,-7.898219065586516e-09
23233,6.439390015808508e-09
23234,7.037249306160815e-09
23235,-5.596564001804877e-09
23236,-6.18765643410567e-09
23237,-2.415236474072748e-09
23238,2.7819467687482753e-09
23239,6.697927886588671e-09
23240,-4.167468277272147e-09
23241,2.824892695802815e-09
23242,1.4532513989591268e-08
23243,1.7982255940621317e-09
23244,1.197411494009762e-08
23245,3.779832214958482e-09
23246,-5.24590291250015e-09
23247,1.1636152545152558e-09
23248,-9.492303622573759e-10
23249,5.678212216269265e-09
23250,-3.820541612664027e-09
23251,8.410251386285147e-09
23252,-4.961190412185653e-10
23253,-1.4649717249073351e-08
23254,2.015510847000351e-08
23255,2.9427557377301183e-09
23256,-6.774522668412339e-09
23257,-2.4577837157967005e-09
23258,-1.624385065116595e-10
23259,-5.1669486515434514e-09
23260,-6.705462548786929e-09
23261,1.8931012701103398e-09
23262,4.491551006947931e-09
23263,2.23313189431357e-09
23264,-8.14640770776464e-11
23265,3.021865654820763e-09
23266,-5.987275035002332e-09
23267,-4.927383525030971e-10
23268,1.613398678433963e-08
23269,1.0110445720647906e-09
23270,1.0039293076408793e-08
23271,5.173368724073862e-09
23272,-9.108693924378337e-09
23273,8.249360240578808e-10
23274,-2.4670281520573915e-09
23275,2.7770182000061795e-08
23276,5.515951224067722e-09
23277,-1.839591740586862e-09
23278,1.4241809777238312e-08
23279,-1.9531544797970414e-09
23280,-3.1315747432888443e-09
23281,-2.597743296392445e-09
23282,-2.4506730145384866e-09
23283,6.671712781407641e-10
23284,5.318427540413108e-09
23285,-2.032884101907108e-11
23286,-1.3973482179490358e-08
23287,-2.7668060063661775e-09
23288,2.213242886883016e-09
23289,-3.139033480253778e-09
23290,7.211134036058517e-09
23291,-3.1980889111769564e-09
23292,3.4881331516967143e-10
23293,-5.112221126408205e-09
23294,6.970066906304893e-09
23295,-6.82165706645706e-09
23296,1.133494227147503e-08
23297,1.2447475571028919e-09
23298,-5.620690364724006e-10
23299,1.3994116508152754e-08
23300,1.0584784461135314e-10
23301,-2.776741709731153e-09
23302,1.6684373152736707e-09
23303,-4.057496893073532e-09
23304,2.639242293281827e-09
23305,-6.333678820885627e-09
23306,-5.128728884237366e-09
23307,3.1602766090911007e-10
23308,-9.67308020818725e-09
23309,-1.1112793797104794e-09
23310,-9.88275511900226e-09
23311,4.320089472863847e-09
23312,-8.61493710928922e-09
23313,3.3467391870127558e-09
23314,-1.0583389153426642e-08
23315,-2.2360642549824975e-09
23316,-7.035523094975328e-09
23317,1.663788308400287e-09
23318,-3.200778288703386e-09
23319,-1.4651973043212505e-09
23320,-1.1162076937569022e-09
23321,5.941602587019078e-09
23322,1.4040383172759088e-08
23323,-6.06461393829667e-09
23324,4.176580336125538e-09
23325,1.3952982538118993e-08
23326,-2.2152943493886364e-09
23327,-3.3045654080074376e-09
23328,-6.919314933882821e-09
23329,3.065650758110004e-09
23330,-4.305570621160009e-09
23331,-1.281443682147941e-08
23332,4.4618807450910385e-09
23333,-6.5979895242373884e-09
23334,4.975013399335604e-10
23335,6.611413366790813e-09
23336,8.319391223429656e-10
23337,-1.216597529095849e-09
23338,9.372697917100614e-09
23339,-6.937275044796768e-09
23340,4.140497053347423e-09
23341,2.0208340883159965e-09
23342,-4.994933566133112e-10
23343,1.3153668788738882e-09
23344,-7.747617758469741e-09
23345,3.5483281775704734e-09
23346,-6.206798196537613e-09
23347,6.966151769082531e-09
23348,-1.6317542084119928e-08
23349,3.78457268794667e-09
23350,2.4070819207970543e-08
23351,-3.2161711831065404e-09
23352,-8.577161449207026e-09
23353,-1.202449121819795e-08
23354,-6.293270871882611e-10
23355,-7.377117290888289e-09
23356,-5.937757514361418e-10
23357,-4.903726318453537e-10
23358,8.499341803422885e-09
23359,7.0326529379551115e-09
23360,-1.3325377861120165e-08
23361,-5.045381114156979e-09
23362,-1.047574326702451e-09
23363,-2.5014976287018567e-09
23364,-6.549372367884042e-09
23365,8.705439516686806e-09
23366,1.0721377125312776e-09
23367,1.2431779151422143e-08
23368,4.934840211300968e-10
23369,-2.08986309955883e-09
23370,4.4770399832794874e-10
23371,2.470141078535804e-09
23372,-3.693537874993276e-09
23373,-4.372795376424115e-09
23374,-1.6861037342149135e-08
23375,9.35406911455312e-10
23376,-4.906576191214195e-09
23377,2.7569991744119472e-08
23378,2.000881403389169e-09
23379,-2.894036533855646e-10
23380,1.4894773208550408e-09
23381,-1.9707625195800065e-09
23382,-5.2188490475688865e-09
23383,-1.5016839770964644e-08
23384,1.7325942686564104e-09
23385,-1.2747670277857267e-08
23386,-1.21543617279424e-08
23387,7.948213040698382e-10
23388,-1.1584039035289651e-09
23389,4.0917791179911455e-10
23390,2.575481113711151e-10
23391,9.73085128642399e-09
23392,1.3699063851642073e-08
23393,1.9398338985549836e-09
23394,2.396136121866939e-09
23395,2.70943533123176e-09
23396,-2.030166840379562e-09
23397,-2.2025184719998836e-09
23398,-4.7609952123541365e-09
23399,1.7859760672804357e-08
23400,2.0060995377858935e-10
23401,-1.4490692865398487e-09
23402,-1.5131318972100377e-08
23403,-9.400233304393685e-09
23404,1.6306479109517513e-08
23405,-1.1281990005853088e-12
23406,-1.0985180738292551e-09
23407,4.478731693412784e-09
23408,-7.634749491599048e-09
23409,2.8042287895002682e-08
23410,-1.866695546745447e-09
23411,2.56207015908929e-08
23412,9.89403191870364e-11
23413,-3.0287035464426755e-08
23414,1.8159256295359088e-10
23415,-9.944899848864502e-09
23416,-4.320594232388395e-09
23417,6.087669485057065e-09
23418,7.886142747139202e-10
23419,1.6963165900354953e-08
23420,-4.033645780279291e-09
23421,1.1024217110491725e-08
23422,-4.949623798841635e-09
23423,1.894835085992588e-09
23424,2.445278253599235e-09
23425,-2.626374838995973e-09
23426,-7.035186964591819e-09
23427,-1.938000440206898e-09
23428,9.143260438908041e-10
23429,3.817222333288789e-09
23430,1.3944372549225398e-10
23431,-3.549925672333224e-09
23432,-5.996707511088725e-09
23433,6.89733608423162e-09
23434,1.3708561788714224e-08
23435,2.9172343925742615e-09
23436,-3.6072094483871554e-10
23437,3.079076738109327e-08
23438,-6.346238642640049e-09
23439,1.1108565347626352e-08
23440,2.025820527912804e-09
23441,3.7135942283597337e-09
23442,4.02540966758249e-09
23443,-7.9815604372869e-09
23444,-1.9368725864050734e-09
23445,-3.522867394155251e-10
23446,-1.1206194912531835e-08
23447,-9.257628598502548e-09
23448,4.953142625762193e-09
23449,7.262699645784606e-09
23450,9.468876641345102e-09
23451,9.424008292439251e-09
23452,9.302928411397372e-09
23453,-9.256291805559405e-10
23454,-1.576195301996309e-08
23455,5.311954827607383e-09
23456,1.3437224081870287e-09
23457,2.2688055325511304e-09
23458,3.543818101346933e-10
23459,-5.464961688718265e-09
23460,1.6570330499988967e-10
23461,9.65157051220491e-09
23462,1.6353789067018168e-08
23463,1.9387884098327774e-08
23464,-4.656305763248719e-09
23465,-1.1309652724092972e-08
23466,-1.1546401705851173e-08
23467,1.720122051891953e-09
23468,2.987077406333345e-09
23469,-1.2550145673192822e-08
23470,-7.017130074353911e-09
23471,-1.2859859176683074e-09
23472,5.346543174094106e-09
23473,2.196075753066674e-09
23474,2.755971088289282e-09
23475,1.391436251136652e-09
23476,-3.175275506025912e-09
23477,2.349843497744795e-09
23478,-6.294993900194966e-09
23479,5.474738279681504e-10
23480,1.4373347568003227e-08
23481,-6.481348887637781e-09
23482,2.0015930290369392e-09
23483,3.3658358626991877e-09
23484,-4.559369531151048e-09
23485,-2.1180356387330206e-09
23486,-1.975927151282764e-09
23487,7.890381266753287e-09
23488,-1.744216301276322e-09
23489,-8.43596430671763e-09
23490,-1.1957337262861355e-09
23491,4.03735274318856e-09
23492,-1.483425436621772e-09
23493,1.0408860646652602e-08
23494,-1.043396742389477e-09
23495,-3.1513688611594826e-09
23496,-1.6845995697315647e-09
23497,-1.6276218137314399e-09
23498,1.5720201766952122e-08
23499,1.7066253326714257e-10
23500,4.43143935107754e-09
23501,-4.113677241159551e-09
23502,-3.3733699402887183e-09
23503,2.5800499240057913e-09
23504,-4.713153089341285e-09
23505,-1.102337204515027e-09
23506,4.268269664782381e-09
23507,-3.0231168496397124e-09
23508,-6.060863150189356e-10
23509,5.853982700913179e-09
23510,-1.9196172911388228e-08
23511,-5.967196721150725e-10
23512,6.211461462342252e-09
23513,5.381754572932262e-09
23514,1.0613927753937521e-08
23515,1.6654487711272715e-08
23516,-9.301625668067269e-09
23517,3.710933680949065e-09
23518,-4.056799241492801e-09
23519,-6.876196147840885e-09
23520,-3.4831126275974137e-09
23521,2.540838179210212e-09
23522,-1.061813392926011e-08
23523,-2.4233769960913597e-09
23524,4.963649842707816e-09
23525,-1.7871464437284118e-09
23526,-1.135134646463923e-08
23527,3.372991215175709e-09
23528,-8.63152851050774e-09
23529,1.2614002763907126e-09
23530,2.9241686704792965e-09
23531,-1.5578899907567036e-09
23532,5.452667724394745e-09
23533,1.268214007652569e-08
23534,-2.220262251211949e-09
23535,-1.0669061508917251e-09
23536,5.7641529357840636e-09
23537,1.4459037642712388e-09
23538,-7.2786978304951166e-09
23539,5.212012521668398e-09
23540,2.2449684083882756e-08
23541,-1.4731314964275167e-09
23542,-7.1564905280401e-09
23543,7.60840327572562e-09
23544,-4.3614402250146645e-09
23545,-2.64533748974769e-08
23546,2.2366084684313854e-09
23547,1.7329748059902178e-09
23548,-9.070703024717616e-10
23549,-1.4341545553998674e-08
23550,-2.7792531226008665e-09
23551,-6.357142808318998e-09
23552,1.1251440083058485e-09
23553,-8.536854849387188e-09
23554,-4.650906427765602e-09
23555,2.1965677651673228e-09
23556,1.7637554206352488e-08
23557,7.090996939216937e-09
23558,-9.728168146763068e-10
23559,-3.729934644778774e-10
23560,-8.604676450329107e-10
23561,2.716752943130626e-09
23562,-3.500002978831145e-09
23563,-8.356699076630655e-09
23564,3.810747872072011e-09
23565,1.9998881202182514e-08
23566,6.656141619496552e-09
23567,-1.1572740668149932e-09
23568,-1.928964748762804e-11
23569,2.033773046005271e-09
23570,1.26913454054455e-08
23571,1.6040001551846972e-09
23572,6.997923647908361e-09
23573,-5.565575360244333e-09
23574,2.3920959545082156e-08
23575,-9.258559180203927e-09
23576,1.742150509560795e-09
23577,3.0946183084242014e-09
23578,-4.669324930715608e-09
23579,-6.962917974597025e-09
23580,-3.5786102941729667e-09
23581,-1.5453510839263283e-09
23582,3.7007018449976513e-09
23583,3.3455229456168956e-09
23584,-3.1775748061747007e-09
23585,-3.7993671424820766e-09
23586,-3.462068113492657e-09
23587,3.306424022752001e-09
23588,-1.3667677002171458e-08
23589,-3.299572606668496e-10
23590,9.102973914225917e-09
23591,1.6751344505069333e-09
23592,-8.583800749184193e-09
23593,4.511722976886139e-10
23594,-1.0699033323369887e-09
23595,3.536300989233539e-10
23596,-6.944126271547093e-09
23597,9.829705545004245e-09
23598,-6.219915849520814e-09
23599,-6.591361468361391e-09
23600,-1.6606806222532761e-09
23601,-4.372379175481011e-09
23602,3.363889555414485e-09
23603,-8.795181899200153e-09
23604,5.315583608157985e-09
23605,8.410763013250406e-10
23606,2.107703162003387e-09
23607,-1.0919665151178219e-08
23608,2.7324342270691425e-08
23609,-6.583865625470223e-09
23610,8.112753401018008e-09
23611,8.422653532030729e-11
23612,7.49280729671348e-09
23613,-1.1708029829285396e-08
23614,-9.952612212350876e-10
23615,-1.8005049728726731e-09
23616,-1.0274474034356764e-08
23617,4.2187235517677176e-10
23618,1.2402528960001249e-08
23619,8.985042234321849e-10
23620,1.2068413345013515e-08
23621,4.004378520759064e-09
23622,2.763269965985048e-09
23623,-6.574313371369797e-09
23624,9.774594370629017e-11
23625,1.1993517079189828e-08
23626,3.997499736307851e-09
23627,1.1244662016075849e-08
23628,-1.1475583719949199e-09
23629,3.140511158558151e-09
23630,-4.481004995517366e-09
23631,2.0000712584977146e-10
23632,-3.996057260613405e-09
23633,4.26998321574518e-09
23634,6.2404158536396304e-09
23635,-1.979702538014648e-10
23636,-1.9892011377581724e-09
23637,6.775819422406165e-09
23638,-1.5772474607555785e-08
23639,1.9252425427476736e-09
23640,1.076823157476408e-08
23641,-4.861565421029335e-09
23642,3.5285127233875655e-10
23643,-4.1680709394744435e-09
23644,-1.592466525024199e-08
23645,-8.283185382685752e-09
23646,-6.035013227083013e-10
23647,-1.4256771594680459e-09
23648,1.0682439452768638e-08
23649,3.5503291125533163e-09
23650,3.04593886124744e-08
23651,3.7435605305723274e-09
23652,-5.009097848153964e-09
23653,6.186261226241522e-10
23654,-5.088062242334778e-10
23655,-2.9056184520272096e-09
23656,-1.0793976845383474e-08
23657,3.954268137454931e-09
23658,-1.2518315114460115e-09
23659,2.6433871259294084e-09
23660,-1.890694488919696e-09
23661,-1.150611486934695e-08
23662,6.372545779374613e-10
23663,2.1771466527009265e-09
23664,-1.3049581922678488e-09
23665,-6.353493503802319e-10
23666,-1.0629559260700331e-08
23667,-4.376033141971463e-09
23668,-6.659803404045735e-09
23669,-3.5515861995794884e-09
23670,3.483361205407423e-08
23671,-1.3994267393635707e-08
23672,-1.4038362655939093e-09
23673,-1.0116528148060916e-09
23674,1.4805798937027015e-09
23675,3.2798803992887506e-10
23676,5.066408108005033e-09
23677,4.833578151104992e-09
23678,-7.234513806809545e-09
23679,-5.803079233481564e-09
23680,7.752041148050002e-10
23681,-1.4403508047224467e-08
23682,3.2410722982302526e-09
23683,-2.0073956789044804e-08
23684,-1.0343663422840363e-08
23685,-2.8344122354599638e-09
23686,1.8992079079358892e-08
23687,1.1015332466502525e-10
23688,-1.7300600776337308e-09
23689,1.616150275556292e-09
23690,3.357587193670305e-09
23691,1.3688446659484168e-09
23692,1.3768548836611482e-09
23693,-6.9760075124543024e-09
23694,-5.126949866982658e-09
23695,-1.5775804112383707e-09
23696,-1.2156875588460999e-09
23697,-5.8053103494484345e-09
23698,-2.3980739671406375e-09
23699,-2.348028548980128e-10
23700,1.4139685968293383e-09
23701,-4.757810783980375e-09
23702,2.6600864212193786e-09
23703,-8.06341339481316e-09
23704,-1.761225253894572e-09
23705,-4.5611804890074466e-10
23706,4.7459240844969633e-11
23707,2.4086026939964424e-09
23708,-2.4198100545036235e-09
23709,6.508279837326856e-10
23710,7.17895368705323e-09
23711,-2.6064711755589883e-09
23712,-2.3170736075477316e-09
23713,2.4700040800632495e-09
23714,2.0698671938622313e-09
23715,-2.8881684102983795e-09
23716,4.691160283125547e-09
23717,-5.488855216015472e-09
23718,-3.983451832782815e-09
23719,-5.598343835434902e-09
23720,-5.703538057473751e-09
23721,1.4616538113062961e-08
23722,8.819597164616485e-09
23723,-1.019857400286034e-08
23724,-2.829881366845227e-09
23725,-2.8457286069282425e-09
23726,5.929118851207156e-09
23727,-3.4705262626742785e-09
23728,1.1924299495173438e-08
23729,-1.0435146108646788e-08
23730,-4.365498558195775e-09
23731,1.5127062340390437e-09
23732,1.3922040077478582e-08
23733,2.6757648014717046e-09
23734,6.376950386798245e-09
23735,5.746196526152022e-09
23736,2.633578489960509e-09
23737,-2.979501661165054e-09
23738,1.4044698582921989e-08
23739,4.4571743474851625e-11
23740,8.8554074744903e-09
23741,-3.5368304666784818e-09
23742,-7.464142063549383e-10
23743,-6.610771601636897e-11
23744,-2.0038793518157083e-09
23745,1.9572272721373855e-08
23746,2.262776099677149e-09
23747,3.103530646999136e-08
23748,-3.576873908302879e-09
23749,1.843231045139335e-11
23750,3.023053578096708e-09
23751,-1.0684230426602201e-10
23752,1.1942251087262908e-08
23753,-6.615783732882683e-09
23754,6.246880075025848e-10
23755,-5.268658122769878e-09
23756,-1.3323555776238735e-09
23757,7.227167544527176e-09
23758,5.847383137117669e-10
23759,1.9969872125909448e-08
23760,-4.015591474578797e-09
23761,-8.25787907606031e-10
23762,-5.910637595541012e-09
23763,-4.868337774191832e-10
23764,-1.4863780607813567e-08
23765,1.4577128554133537e-10
23766,3.045171302090198e-10
23767,-1.6766850697737956e-08
23768,3.4794703426795602e-09
23769,1.2691624819716866e-08
23770,1.4074490285997437e-08
23771,-1.2186865282185691e-08
23772,-9.39816661995208e-09
23773,-1.0573492587370787e-09
23774,-1.0679592194865855e-10
23775,1.1487214767255552e-09
23776,-3.936875699841779e-09
23777,4.414533528667675e-10
23778,1.3432911521601063e-09
23779,4.949457537314055e-09
23780,-2.780041887491096e-09
23781,-6.175882947920356e-09
23782,2.3018843119052342e-09
23783,3.1477399593792836e-09
23784,-2.903639916688882e-10
23785,-1.5557880276236834e-08
23786,-2.28311589712333e-09
23787,1.8402491275836807e-09
23788,-2.4714982489473645e-09
23789,-1.3412311398240664e-09
23790,1.5472106463176653e-08
23791,7.756001473569628e-09
23792,-9.586631722096631e-09
23793,6.757922281669095e-10
23794,2.431959346701906e-10
23795,-5.2438111971244736e-09
23796,-1.536831224923983e-08
23797,4.109708974440794e-09
23798,1.2142838499233784e-08
23799,-3.343331678060533e-09
23800,-1.5440773540994801e-09
23801,1.4666984489001408e-09
23802,-4.453010014346328e-09
23803,5.7669649041172386e-09
23804,-4.2154728748331666e-09
23805,1.1778643058154901e-08
23806,2.1734283984600232e-08
23807,7.142514159014768e-10
23808,-1.1208676295477548e-09
23809,-2.9378905207802223e-09
23810,-7.655050170081287e-09
23811,2.1974006100894946e-08
23812,6.329685316987281e-09
23813,-1.210655110969801e-08
23814,-1.4671786406386645e-09
23815,-1.9480099698484223e-09
23816,2.3307066604360648e-08
23817,-4.301459787386989e-09
23818,9.10481971651025e-09
23819,3.734650228631281e-09
23820,4.4735252907476855e-09
23821,1.5993973718858084e-09
23822,-5.784348773207714e-09
23823,-1.2515407862145768e-08
23824,1.844526008949569e-08
23825,3.3227866161439227e-09
23826,-5.9483283983134765e-09
23827,9.403567763801703e-10
23828,-6.8911017010805324e-09
23829,9.706413835498553e-09
23830,6.670193028114049e-09
23831,3.28914984067635e-09
23832,-5.308573747557968e-10
23833,1.3973262363063414e-08
23834,1.6843670624647027e-08
23835,-3.073543520860518e-10
23836,2.749358947052188e-09
23837,-1.775136714700183e-09
23838,-3.559158379590501e-09
23839,-2.922710955040194e-09
23840,2.4646949858854416e-08
23841,-7.373734769272789e-10
23842,-3.838510809839698e-09
23843,-4.002635416696049e-09
23844,-1.3476080718854406e-08
23845,6.350608938675903e-09
23846,-1.0093666767806593e-09
23847,-3.021303934908746e-10
23848,-7.030564414833199e-09
23849,1.8601626385449762e-09
23850,-1.6924532901294724e-09
23851,4.310992552252148e-09
23852,1.0599885502682602e-08
23853,-6.648488917663753e-09
23854,3.3986993048541825e-09
23855,-3.0765987837704694e-09
23856,1.267916177839912e-09
23857,-6.190575030533898e-09
23858,-2.8660866019708357e-11
23859,-4.6367218178472645e-11
23860,-3.4188738599992696e-09
23861,2.0944119549511336e-09
23862,-4.845817746403962e-09
23863,7.556368737158169e-10
23864,1.0104831684718713e-08
23865,-1.6858444513287368e-09
23866,7.781401418504508e-09
23867,2.349160997373409e-09
23868,-1.0644169954736208e-08
23869,3.760175429203741e-09
23870,-5.803288567913346e-10
23871,4.8403366690134044e-09
23872,-5.124562341888382e-09
23873,-1.1416894333030037e-08
23874,-1.6434129537110494e-09
23875,2.0164539237751742e-10
23876,1.0938094529148747e-08
23877,-3.881002345613945e-09
23878,8.510603144318605e-09
23879,4.139923535480746e-09
23880,3.0886902948905725e-09
23881,-1.2484317827345018e-08
23882,5.230683920499714e-09
23883,-3.4050827682652783e-09
23884,-1.2241340538010964e-09
23885,-1.52247908156698e-08
23886,8.28153592700341e-09
23887,4.89213292685296e-09
23888,4.234277201090382e-09
23889,1.0979512075725187e-08
23890,1.3956936107565778e-08
23891,-8.257868874853128e-09
23892,-5.695019185469054e-10
23893,-3.1747960478913225e-10
23894,1.048989998205989e-08
23895,-1.1398638843666063e-08
23896,-3.658611390219788e-09
23897,-3.6333544205601877e-09
23898,-9.678561215177036e-09
23899,2.3667140309565272e-09
23900,-1.9519836460527202e-09
23901,4.94493686794584e-09
23902,-6.629608014502309e-09
23903,-9.808956081552972e-09
23904,2.9265490461454753e-09
23905,-1.3735642577671426e-08
23906,-4.206091448356609e-09
23907,8.360709459958324e-10
23908,-9.123887405250937e-10
23909,3.735523266481288e-09
23910,-1.378536104302193e-08
23911,-1.400744914057881e-09
23912,-1.8933478111319866e-09
23913,2.1377798511548105e-08
23914,-4.0943235585831915e-09
23915,-8.409294078561102e-09
23916,-4.338514519823728e-09
23917,4.149321061523978e-09
23918,5.566498284051602e-10
23919,4.014374213964743e-08
23920,5.616961891215551e-10
23921,-1.8993138688459232e-10
23922,-1.1282618725532698e-09
23923,-1.3272139138427363e-08
23924,1.977622247860402e-09
23925,7.465242183965252e-09
23926,-1.5518761315057297e-10
23927,6.650571423759535e-09
23928,-2.7992762465129477e-09
23929,-8.945768958616197e-09
23930,-1.177703001264621e-08
23931,-7.695337993691633e-09
23932,-4.099886625452789e-09
23933,-3.8475488623616725e-09
23934,-1.5497557016588004e-10
23935,-2.4201301176870406e-09
23936,-2.163749959534874e-08
23937,-2.4074002843702576e-09
23938,-4.07578312452885e-09
23939,-1.8057200043569843e-09
23940,-1.8236520138153926e-09
23941,-1.5722827946576543e-08
23942,-4.717130187928187e-09
23943,-4.005917500726108e-09
23944,-3.129073481712178e-09
23945,1.0844840912663676e-08
23946,7.101972856553383e-09
23947,-3.5185333542779263e-09
23948,1.4782886026145647e-09
23949,5.62083713403941e-09
23950,-2.1283765775919007e-08
23951,-1.5977791967970098e-09
23952,-1.8303080703753186e-08
23953,-8.921330888595092e-10
23954,-9.010345484197982e-09
23955,-1.3104280418169187e-09
23956,-2.292630797821509e-09
23957,-1.6924432724377847e-09
23958,1.9570388177935987e-08
23959,-2.07270505573585e-09
23960,3.052212372099373e-09
23961,4.183013231143017e-09
23962,-6.242574116142363e-10
23963,-3.544967833802758e-09
23964,4.067161252750245e-09
23965,-9.440925217122147e-09
23966,-2.3286267014017724e-09
23967,-3.774285930690384e-09
23968,-1.4497600215145214e-08
23969,3.220745215114662e-08
23970,-1.1152625125777506e-08
23971,-4.004097049999655e-09
23972,-4.14895487211227e-10
23973,3.5862945699422954e-09
23974,-6.2226016263306884e-09
23975,9.920641081645448e-09
23976,1.04113946662966e-08
23977,-5.797287103109597e-09
23978,1.3182258918193017e-08
23979,-1.3282202196574611e-09
23980,-9.361440920008738e-09
23981,-1.2155307690376206e-09
23982,1.5965509179266418e-09
23983,7.806051573579871e-10
23984,-3.9713997953354455e-09
23985,-4.832740294578148e-09
23986,5.19208557721241e-10
23987,1.4515317191915573e-08
23988,-2.1931362300743893e-09
23989,9.393415420337216e-10
23990,6.323156903152776e-09
23991,4.4430607353951585e-09
23992,-4.228190023775796e-09
23993,-1.6108414548699736e-09
23994,9.18324395997431e-10
23995,5.220817029618281e-09
23996,-5.912757249856443e-10
23997,-3.609636028019827e-09
23998,-1.1482768911292919e-09
23999,-6.872800859575311e-09
24000,6.445812840502379e-09
24001,-4.534311882747901e-09
24002,-1.1033644627176212e-08
24003,-4.088075610814497e-10
24004,-7.48140553251069e-09
24005,-7.642013291312436e-09
24006,1.986331318624583e-10
24007,-3.1605261996182413e-09
24008,2.0967149152736405e-08
24009,-3.303675111962395e-09
24010,7.852927714117704e-09
24011,2.3574247447951395e-09
24012,-3.4816377487454624e-09
24013,-1.1922717634903145e-08
24014,-8.615256523399208e-09
24015,1.4631261922687777e-08
24016,-1.1772500088135778e-09
24017,-1.978874588176648e-09
24018,-2.390148632052699e-09
24019,-4.812071218650473e-09
24020,-2.357563205463811e-09
24021,-1.816881075314758e-08
24022,-1.2440457712004461e-08
24023,-3.5815055817693113e-09
24024,-4.271228272977411e-09
24025,5.828829711024262e-09
24026,-3.014347183573572e-09
24027,8.870075405487923e-09
24028,-8.226426335889697e-10
24029,4.456638481499998e-09
24030,-6.217060645840683e-09
24031,4.378295666004945e-09
24032,-6.8372378389539145e-09
24033,-9.525266243074555e-09
24034,5.449341046151373e-09
24035,-5.990351651789929e-09
24036,1.779447279469374e-09
24037,9.092110159022867e-09
24038,-4.8503064875227494e-09
24039,-1.2641047873832932e-09
24040,1.034401173062472e-08
24041,-8.095760230522465e-09
24042,-3.805573325794599e-09
24043,3.262847247984234e-09
24044,1.985663365858842e-09
24045,-6.648130752827564e-09
24046,1.1904169717429064e-08
24047,-3.838074953031075e-09
24048,-1.3218214722459832e-08
24049,3.1634292693808586e-09
24050,-2.7545891963705555e-09
24051,-4.655338698774133e-10
24052,-1.2154396731701503e-08
24053,1.2482899104266513e-08
24054,2.0072937892563596e-08
24055,-1.8045899781259886e-09
24056,3.407313365318749e-09
24057,-5.574639554582446e-10
24058,-6.577531225494124e-10
24059,3.748037800496408e-09
24060,-7.976646025154864e-09
24061,-7.746974412339434e-10
24062,-2.062714977757767e-09
24063,-1.101313200850198e-08
24064,1.437654406354387e-08
24065,-3.4952913274088197e-10
24066,1.4613243913913161e-08
24067,-6.138835512120386e-10
24068,3.643034718281614e-10
24069,-1.3492324992757693e-08
24070,-4.140393267405096e-09
24071,-9.618299952530462e-09
24072,1.7076919775640116e-08
24073,1.7105059070981734e-08
24074,-3.55395812111077e-10
24075,-5.174107683375981e-10
24076,-7.538362415242759e-09
24077,-6.295218048452057e-09
24078,-1.3522055018628027e-09
24079,-2.134451855205221e-10
24080,3.4704077185928975e-09
24081,-6.278447950776337e-09
24082,-1.1188933160623568e-08
24083,-2.1871295452998253e-10
24084,2.2422558878839522e-09
24085,5.995412024062204e-10
24086,3.193200961656258e-09
24087,3.6017405127132165e-10
24088,1.2805885964220948e-09
24089,-4.3214762427212696e-09
24090,-7.696035684886548e-09
24091,-6.227623498678841e-09
24092,-9.736125814680738e-10
24093,-1.2435214850639905e-08
24094,4.659073856405517e-09
24095,-4.061633188987599e-09
24096,-5.166340026381001e-09
24097,8.761267809047365e-10
24098,-1.3938537446866632e-08
24099,7.602891359983727e-09
24100,4.434711700832015e-10
24101,-2.592497464114813e-09
24102,-4.262822196017285e-10
24103,-1.9680179916190794e-09
24104,-4.975496639679246e-09
24105,1.6823305393479305e-09
24106,-3.9376399392431486e-09
24107,-2.7692861869621364e-09
24108,3.838209758175399e-09
24109,5.700570367523196e-09
24110,1.0762123798663266e-09
24111,-5.0140395623583e-09
24112,-6.4900275403828196e-09
24113,-2.6923510963785086e-09
24114,-9.323759631704418e-09
24115,1.0778920548111785e-08
24116,5.315025524180003e-09
24117,-4.447619350690824e-09
24118,-2.913767091902795e-09
24119,-2.8755868132351415e-09
24120,-4.319173881252111e-09
24121,-1.0281888058735895e-09
24122,-5.705003076931283e-09
24123,1.626196749427129e-08
24124,-1.9798155832349202e-09
24125,-7.524815522586774e-09
24126,7.745701414756392e-09
24127,-1.8425377268812426e-09
24128,4.1515092410668965e-09
24129,1.226626347579834e-08
24130,-1.0928782224403011e-10
24131,-2.195017929784507e-09
24132,-6.979099209449965e-09
24133,-7.2051289220707764e-09
24134,1.1923859022938562e-08
24135,-4.653410495471623e-09
24136,5.899251021247275e-09
24137,4.359468448796654e-09
24138,-1.0283593156729374e-09
24139,-8.781232841460287e-09
24140,-9.380923194628583e-10
24141,1.6569863707217472e-09
24142,7.804268379251985e-09
24143,8.962812082742184e-09
24144,-5.77574877397158e-09
24145,-1.247508967422764e-08
24146,-2.4373845617520957e-09
24147,2.897358592239118e-09
24148,-6.343958230677036e-10
24149,-1.1374832819647476e-08
24150,-3.8949418739645986e-09
24151,1.321226503934818e-09
24152,-6.808054314373922e-09
24153,1.038386798965217e-08
24154,-2.977844099205877e-09
24155,-6.849821897142128e-09
24156,-5.734857130676461e-09
24157,-4.699859923163635e-09
24158,-8.908934836394979e-09
24159,1.93418658636563e-09
24160,-3.1391121953546325e-09
24161,1.3209872248197481e-08
24162,9.093652627783382e-09
24163,-5.605653613517027e-09
24164,-1.7066737650502446e-09
24165,-5.4289719311324175e-09
24166,6.5378211120024846e-09
24167,-1.4291544562138923e-08
24168,-3.8438488943697135e-09
24169,-1.015930484063532e-09
24170,1.1140529744250478e-08
24171,-4.18822592622394e-09
24172,-7.097496742441675e-10
24173,-9.693143653425737e-11
24174,-9.536483091728932e-09
24175,2.1285581364646e-08
24176,-8.513650747536683e-10
24177,-2.512015265946399e-09
24178,-8.152989689963426e-09
24179,-1.5174567981821321e-09
24180,-1.1077171153551823e-09
24181,-3.837449647581939e-09
24182,1.0544108444787797e-09
24183,2.9650876156220874e-09
24184,2.0670678498362775e-09
24185,-1.6738442016064598e-09
24186,-3.930415149042041e-09
24187,2.5672081346354415e-08
24188,-1.2622664149166312e-08
24189,-2.3809906549727644e-09
24190,-1.4335853151790896e-08
24191,1.7104517218112896e-09
24192,-1.5384814539211316e-08
24193,8.921634539253689e-11
24194,1.9519650245487327e-08
24195,1.3208514368830112e-09
24196,-1.7161024725535288e-09
24197,2.997137763326781e-08
24198,5.892863060398367e-09
24199,-2.0361679879322085e-09
24200,1.4623995741490115e-08
24201,-3.316121242102409e-09
24202,2.567475744391096e-09
24203,-3.2378348676194757e-09
24204,1.7465438099479659e-09
24205,2.292678247094406e-09
24206,5.037907772810088e-09
24207,-3.1750947836323224e-09
24208,-4.810476113135316e-09
24209,2.369413721316095e-08
24210,2.4541974034855555e-09
24211,-5.8068055398171225e-09
24212,1.1829405834973109e-08
24213,-5.388508382920803e-09
24214,-1.4891066808674632e-08
24215,-5.882444003537529e-10
24216,-1.0435331615571435e-09
24217,-3.6462713184515114e-09
24218,-5.492930235133676e-09
24219,-7.635621220504307e-09
24220,1.7712260841819834e-08
24221,-8.917661168083824e-09
24222,1.1108393558758403e-08
24223,6.533408629786265e-09
24224,-6.6366130172664374e-09
24225,-6.991856091811371e-10
24226,2.6546586618125496e-08
24227,6.614446211035892e-10
24228,6.247285756397929e-10
24229,2.359120073180229e-10
24230,-1.094479954264842e-09
24231,-1.6671357458010304e-08
24232,-2.5491884567231676e-09
24233,7.513272228996591e-09
24234,-6.542203237422569e-10
24235,1.7010189967468882e-09
24236,7.051652559752147e-09
24237,-6.785590657672859e-09
24238,-5.2752138429656515e-09
24239,3.3850180979796653e-09
24240,7.944005011388507e-10
24241,1.652403820800542e-09
24242,-1.1727455825434081e-08
24243,-2.517038477654415e-09
24244,8.208941738256472e-09
24245,-2.1310655602425063e-08
24246,-1.3214735527831169e-09
24247,-3.984184583056759e-09
24248,2.938240694813791e-09
24249,-8.046544051194244e-09
24250,1.0868263558203527e-09
24251,9.5864727780739e-09
24252,1.5858517699024403e-09
24253,-3.3389224191461903e-09
24254,2.6213344954251575e-09
24255,2.6490420588808448e-09
24256,-3.84170008968432e-09
24257,-6.328370044940544e-09
24258,-1.0921755312174682e-08
24259,1.937902900538289e-09
24260,9.08828447345653e-10
24261,1.0295234201989433e-10
24262,5.35474055251247e-10
24263,-6.184013633389816e-09
24264,-6.111815827065742e-09
24265,1.4952301336942914e-08
24266,4.013857672727438e-09
24267,-5.177743355052423e-10
24268,-3.2337385446785796e-09
24269,-4.671326884473986e-09
24270,-4.984221870400488e-09
24271,2.3430489910739836e-08
24272,-7.492686669529466e-09
24273,-5.00787073405793e-10
24274,-1.8149435157285922e-09
24275,-1.1623550395159177e-09
24276,5.3713313155094416e-09
24277,-8.385774807487703e-10
24278,-2.9077845417551313e-09
24279,6.652822352236654e-09
24280,-1.142983461860999e-08
24281,-2.330678460800736e-09
24282,-3.7201422984583755e-09
24283,1.2160430444936555e-08
24284,-1.92529092572183e-09
24285,-1.4058952236895685e-09
24286,-5.319382808439266e-09
24287,2.2807615761818885e-09
24288,2.084756810729813e-08
24289,-3.6643204844400215e-09
24290,6.544112567144314e-09
24291,-9.851701747150304e-09
24292,-7.133799000451608e-09
24293,1.8943543976686294e-09
24294,-3.8702020506330644e-09
24295,7.537071454391257e-11
24296,5.0323993067647425e-09
24297,-1.760274775389741e-08
24298,-4.689748677200121e-09
24299,4.361095488738483e-09
24300,-4.670982786243312e-09
24301,-1.4747095345401635e-08
24302,-1.3564921754647994e-09
24303,8.502490346775898e-10
24304,4.0246201493467045e-09
24305,-4.158623737885883e-09
24306,3.022570533412972e-09
24307,1.2741204817072539e-09
24308,-9.994787832495026e-09
24309,-3.10968916089636e-09
24310,-2.11537941214114e-09
24311,6.5692274169577126e-09
24312,-4.909335478675033e-09
24313,1.9247613882444262e-08
24314,1.1471073517218634e-08
24315,4.927254131119131e-09
24316,3.376270499610312e-09
24317,1.7337526232617215e-09
24318,-2.150159444819346e-09
24319,3.5257805898956654e-09
24320,-6.025954451434068e-09
24321,-1.5201040627843804e-09
24322,-5.4392605604310936e-09
24323,1.2170608943277308e-09
24324,-2.1158989227729057e-09
24325,-2.7607802517336863e-09
24326,-2.4248976100383184e-09
24327,1.663691672370357e-09
24328,1.1533759056809271e-10
24329,-3.2836939457828247e-09
24330,-1.6443395404257628e-09
24331,-4.644955897995749e-09
24332,2.6913946247303503e-09
24333,2.7619929081813233e-09
24334,2.365586186529731e-09
24335,-6.620693592953989e-10
24336,-4.147422838795115e-09
24337,-2.351641020853857e-09
24338,-1.24429290417018e-08
24339,-7.479461476313988e-09
24340,-1.3691407911077953e-08
24341,9.562068019578552e-10
24342,-1.1690977000623424e-08
24343,3.5307956946147247e-10
24344,6.984576719223224e-10
24345,-1.9379812732340655e-08
24346,1.4431735579927216e-09
24347,-1.1291741314853794e-08
24348,-2.7616729093570705e-09
24349,-2.7212076777313424e-08
24350,-1.6959793278320798e-09
24351,-9.529161402566417e-10
24352,-1.2244385557092714e-09
24353,-4.492156900734545e-09
24354,-8.290089865411384e-09
24355,5.149155581363887e-10
24356,1.5116513265434386e-08
24357,-3.6206280270182706e-09
24358,-7.070588411787137e-09
24359,-9.238019775088817e-09
24360,-9.250542654501608e-09
24361,-7.75613087080193e-11
24362,-2.0028898520200958e-08
24363,1.0299261825526257e-08
24364,5.254127462658255e-10
24365,-1.1473455030621638e-08
24366,-8.705163564272329e-09
24367,-1.3670447946396076e-11
24368,-4.95012310512443e-09
24369,-2.014915536804327e-09
24370,-5.243954523515905e-09
24371,3.037050840368531e-09
24372,-1.5907232207496845e-10
24373,1.1234537253762393e-08
24374,9.589004338999685e-09
24375,-4.425214337121121e-09
24376,-2.3442155615615733e-08
24377,1.0048227110199147e-08
24378,-1.9888326179651338e-09
24379,-1.574562970161269e-08
24380,8.736929551014078e-09
24381,-3.977632988346501e-09
24382,5.464752096379245e-09
24383,-6.022346802029684e-09
24384,-7.924745040611527e-09
24385,-6.529082579365407e-09
24386,4.694240908588396e-09
24387,-2.4114926872969228e-09
24388,5.839248786360917e-10
24389,3.706858579903118e-09
24390,2.494794860655756e-08
24391,1.1140849111602863e-08
24392,-2.8592592993555693e-09
24393,-9.881427404268075e-10
24394,3.1533506418060474e-08
24395,-1.2664997329703307e-08
24396,-2.8401346315241476e-09
24397,-5.395743927803771e-09
24398,-1.0268962778835478e-10
24399,-3.905997584081926e-09
24400,2.956835088755979e-08
24401,-5.260433057089949e-09
24402,-3.1145596553883616e-09
24403,1.4981531857615453e-09
24404,8.316752959391763e-09
24405,5.996958546791236e-09
24406,-9.850258183518865e-09
24407,-6.406833036954961e-09
24408,3.216970317934818e-09
24409,6.638655839201734e-09
24410,-4.600968910287191e-09
24411,1.830718336255478e-09
24412,1.9575919078480922e-09
24413,1.1452173804276864e-08
24414,1.7012912968745335e-08
24415,-7.72797088760282e-09
24416,-2.3695487015987374e-09
24417,-1.9588761000698628e-08
24418,-4.1872866338288234e-09
24419,-3.9626947502095265e-09
24420,-7.508665356927275e-09
24421,9.967960025268112e-09
24422,-1.033245613588664e-08
24423,-4.720511916834313e-09
24424,-7.38265182119311e-10
24425,-5.465689958563201e-09
24426,-2.5548744055168735e-08
24427,-8.723683844768632e-09
24428,4.771846050432726e-09
24429,1.0059812609225167e-08
24430,-1.2916452594046885e-08
24431,9.836822408602033e-09
24432,-2.098740256715872e-09
24433,1.8420322432695286e-08
24434,-1.3718545060169855e-08
24435,-5.380685421320876e-09
24436,-8.852004799792443e-09
24437,3.148848214296246e-09
24438,8.392061703671654e-09
24439,-3.1457085273388563e-09
24440,-3.020693760089182e-09
24441,-2.5557417900399615e-09
24442,7.74315544596197e-09
24443,-5.979682883988999e-09
24444,4.05870961320872e-09
24445,-2.962815267830433e-09
24446,2.060938924857648e-09
24447,2.663426955475788e-09
24448,-8.142781968715128e-09
24449,-1.975125972957425e-09
24450,-2.059410881921713e-09
24451,1.9758807947421553e-09
24452,-1.8015943236575218e-09
24453,-6.606829032073196e-09
24454,1.054448297323578e-08
24455,-2.787764942185568e-09
24456,6.579739407359401e-09
24457,4.788966374316052e-09
24458,5.602074206481865e-09
24459,-2.9125269532289466e-09
24460,4.292932441590008e-09
24461,-6.976226926492966e-09
24462,-2.9723763205037987e-09
24463,-6.333099238753564e-09
24464,1.1946799559264761e-08
24465,9.32453703487527e-11
24466,-3.1240749524112963e-09
24467,3.9178885631486256e-09
24468,-2.4926951512403726e-09
24469,-2.8790286245961284e-09
24470,-5.754830118993316e-10
24471,-6.53137135732989e-09
24472,1.8012419091548976e-09
24473,6.0164945704347166e-09
24474,-1.9169615816724148e-08
24475,-7.826160777192708e-09
24476,9.990042808676254e-09
24477,-1.3945437366798713e-09
24478,-6.6319927256074666e-09
24479,-2.9695677730941116e-08
24480,3.076961126325692e-10
24481,3.4497648631208412e-09
24482,7.804621757631426e-09
24483,5.3792414695706365e-09
24484,-1.2568559924093082e-09
24485,-5.947790702562138e-09
24486,-2.4417912086887954e-09
24487,4.517393821990618e-10
24488,-4.220331300720197e-09
24489,1.07332065904673e-09
24490,6.408001500730767e-09
24491,-8.251468202840376e-10
24492,1.665401499262022e-08
24493,-3.4443082718922915e-09
24494,-1.4111355274189925e-09
24495,-9.30373656574119e-09
24496,1.0803634708378747e-08
24497,-1.470455912417282e-09
24498,-1.3233971699420828e-08
24499,7.188836208029058e-09
24500,-1.2809533513901352e-09
24501,-6.1970853104996185e-09
24502,-7.0885041554643425e-09
24503,-2.0980347034532205e-10
24504,-1.120572938959019e-08
24505,-1.6277950018752366e-08
24506,5.184949845281743e-09
24507,1.6295159879819714e-09
24508,-6.371149469627449e-09
24509,1.991374916325607e-09
24510,-9.87095444492699e-09
24511,7.031881052324742e-10
24512,-8.559258946297094e-09
24513,4.294659122794595e-09
24514,-4.447729567842744e-09
24515,7.06321821403351e-09
24516,5.771885730613503e-09
24517,1.2324931377128296e-08
24518,-3.4659000653037436e-09
24519,-2.487436145387092e-09
24520,8.942028322650421e-09
24521,-1.0034147885824052e-08
24522,1.2344005421920556e-08
24523,-1.2485113782695495e-08
24524,-8.181836399318831e-09
24525,4.56189872836245e-09
24526,-1.8219470043612238e-08
24527,2.4179358864540993e-09
24528,3.7488170463807157e-11
24529,-3.4964228876431764e-09
24530,-1.7176485655618315e-09
24531,8.629073137728891e-09
24532,-8.20091438124231e-09
24533,-1.0845735473176713e-08
24534,-1.2943460493440327e-09
24535,3.417928573021504e-09
24536,-1.6627263496026756e-10
24537,-6.750602735895716e-09
24538,-1.3617809533151204e-09
24539,-3.0615916256893037e-09
24540,-2.38222471842679e-09
24541,2.8275329588182836e-09
24542,-5.145932427904733e-10
24543,-1.9828959832926997e-09
24544,1.081811438615095e-08
24545,-8.462851637941537e-09
24546,-2.3150721985661803e-09
24547,9.375394111856428e-10
24548,-8.125149873670062e-09
24549,-9.021909237392197e-09
24550,-1.339605079190277e-08
24551,5.347113027229852e-09
24552,-1.5259634894130796e-08
24553,8.605996146648859e-09
24554,-2.922603557523799e-09
24555,9.978756918328708e-10
24556,1.6966830552519682e-08
24557,-4.20239764072205e-09
24558,-1.6844342464289346e-11
24559,2.0345868988657776e-08
24560,1.4777081489460963e-09
24561,4.821980684120884e-10
24562,-4.024906786015456e-09
24563,-9.347435408655827e-09
24564,-2.62770758103178e-09
24565,-6.017900806595727e-09
24566,5.899067484518871e-10
24567,5.00511909093592e-10
24568,-6.787975288928e-09
24569,3.258688056313957e-09
24570,-2.164674478540103e-09
24571,-1.5687540724927427e-08
24572,1.6308527810950252e-08
24573,-2.540356081779437e-09
24574,2.44974473081673e-08
24575,1.539632529232e-09
24576,-1.1317683114853064e-09
24577,-1.06059934618492e-09
24578,2.855383770202768e-08
24579,1.753567437492272e-09
24580,2.5438774138235077e-08
24581,-9.109177837841246e-09
24582,-6.728537354423824e-09
24583,5.405870246455944e-09
24584,-2.1549943493879255e-08
24585,4.798912527729558e-09
24586,2.8922342364032056e-09
24587,1.7242947578359172e-09
24588,3.936729118563985e-09
24589,6.636180240909205e-09
24590,-1.3661321113639426e-10
24591,2.103063574877786e-09
24592,-3.017301603492861e-09
24593,1.1724802317832013e-09
24594,-6.6899503090532715e-09
24595,-3.235580335118936e-09
24596,-6.0712737690485854e-09
24597,3.9008696886808575e-09
24598,-9.98583486135457e-09
24599,-7.020994369019517e-09
24600,-3.232274715423668e-09
24601,-2.761577531265972e-09
24602,1.5102365964545142e-08
24603,5.168917850390061e-09
24604,-6.338098482910956e-09
24605,-1.1334319650708276e-10
24606,-3.5481679492314863e-10
24607,-1.6414326502695933e-09
24608,1.313539894411358e-08
24609,-3.180836301426068e-09
24610,-3.7200956758941192e-09
24611,-2.9532838130890102e-09
24612,1.276697992020901e-09
24613,-2.7043482259412516e-09
24614,-6.449185414113943e-10
24615,1.729619690150201e-08
24616,-1.6396740029120104e-09
24617,1.654761895507889e-08
24618,-1.381750719474515e-08
24619,3.5735079100936434e-08
24620,4.535080359289414e-09
24621,4.022555631266129e-09
24622,-5.993896532192425e-09
24623,6.456315519933023e-10
24624,4.436847696279461e-09
24625,-1.6079372906464208e-09
24626,3.3608892932785927e-09
24627,2.806898990742441e-09
24628,-2.5137673919558026e-09
24629,-1.7634864008729735e-08
24630,-5.084563978980352e-09
24631,4.236667877466755e-09
24632,5.794973388396172e-09
24633,9.058399839564372e-09
24634,-7.150680096457465e-09
24635,-3.129284210894794e-09
24636,-1.4217225245956697e-08
24637,-4.529678514750677e-09
24638,1.4579860254458603e-08
24639,-5.70853018289279e-10
24640,-2.4909236192565103e-08
24641,-4.755315521637835e-09
24642,-1.4830883620638952e-08
24643,5.889206729977711e-09
24644,1.700471122359371e-09
24645,2.6428504248611064e-09
24646,7.13223887751275e-09
24647,2.425194949546947e-09
24648,7.376878735202828e-09
24649,-7.745552605104124e-10
24650,3.705809214271447e-09
24651,1.7813064419877755e-08
24652,-8.776159783142291e-10
24653,1.824156611649205e-10
24654,-2.019764534610046e-09
24655,1.7171878821632481e-09
24656,-3.20431510580494e-08
24657,-3.3326746676780335e-09
24658,-5.8240794931071075e-09
24659,-4.671229175804973e-09
24660,-7.122030474618486e-10
24661,3.176638617596865e-09
24662,-6.493983180653531e-09
24663,-6.3667158755869955e-09
24664,-8.366700479125841e-10
24665,-5.755171927927372e-09
24666,-5.445209682843402e-10
24667,-2.4601919092531667e-09
24668,-4.854915649119454e-09
24669,-4.1273802655780914e-09
24670,1.2151510149647393e-09
24671,-5.755509774177199e-10
24672,-5.963986705394177e-09
24673,-1.251298805099326e-08
24674,-6.054245497282048e-09
24675,2.5194744363810163e-09
24676,-1.7500989439350142e-09
24677,-6.681325791100185e-09
24678,1.9625787022473303e-09
24679,-3.975124124009077e-09
24680,-1.9309555739855378e-09
24681,5.592463064027643e-09
24682,4.577481921036363e-09
24683,1.661807116787619e-08
24684,-2.3790370619131763e-09
24685,2.7961616668875395e-08
24686,-1.4740641465204435e-09
24687,-3.917571866102571e-09
24688,-3.3568753084785767e-09
24689,2.418257648041884e-09
24690,1.0164977772697691e-08
24691,-5.080685121782814e-09
24692,1.547636907723013e-08
24693,-1.7641616500373759e-09
24694,-3.5508301560233533e-09
24695,-5.910910850464897e-09
24696,2.7152067208230406e-09
24697,-1.7018371931064435e-08
24698,-3.3427660259261164e-09
24699,1.3974643254287951e-08
24700,3.4961353204777433e-09
24701,1.5021035734216276e-08
24702,-6.531072875824991e-09
24703,2.757574001126093e-09
24704,5.07720578842766e-09
24705,-2.922624658776216e-09
24706,9.056844376753452e-10
24707,-2.7744504808480245e-09
24708,1.8288761959022842e-09
24709,3.3442243420012325e-09
24710,-7.151647282239715e-09
24711,-4.406071930448113e-09
24712,5.2428511779522104e-11
24713,-6.870671851188617e-10
24714,-5.1289138391261804e-09
24715,2.8519282133208656e-08
24716,-1.1394011806125676e-08
24717,-3.2868898673378003e-09
24718,2.175339600034714e-09
24719,1.748599426546177e-10
24720,1.0818211217190398e-09
24721,-1.7718338917594192e-09
24722,-5.52548312731038e-09
24723,1.9886813968342853e-08
24724,-6.0885226331205524e-09
24725,2.7920334333980643e-09
24726,-9.611091357653397e-09
24727,3.757958830681464e-09
24728,-1.7783656622447755e-09
24729,-1.1029763180506944e-08
24730,7.569619007566372e-09
24731,-1.874956357340956e-09
24732,1.6815593875134806e-08
24733,7.275865492775008e-09
24734,2.7120670655042706e-10
24735,-5.190531669392434e-09
24736,-1.2223082238491613e-09
24737,2.025109064616346e-09
24738,1.5863723424602805e-10
24739,-2.0940015852175323e-09
24740,2.6401282325603244e-10
24741,-6.900886962687834e-09
24742,6.629108828391007e-09
24743,1.3853010911775295e-09
24744,2.857076271408603e-09
24745,-8.650362238759567e-09
24746,1.470414427320784e-08
24747,-1.7722637127354007e-10
24748,2.0515835622298874e-08
24749,1.6080784448357638e-09
24750,-4.7062607247387665e-09
24751,1.4371242887660926e-09
24752,1.4192239511959563e-09
24753,-7.77614162514975e-09
24754,1.1373154441214615e-08
24755,-1.073259344862473e-08
24756,-2.4273135025527255e-10
24757,-3.5602629191421174e-09
24758,-2.2735335868473942e-10
24759,-2.052895036259071e-08
24760,-2.4103545468543494e-10
24761,-9.499816249491761e-09
24762,-1.7804947250151487e-08
24763,4.80221118521789e-10
24764,1.761833215540461e-09
24765,3.6825862530731135e-10
24766,6.746428010034778e-09
24767,1.4993450907394003e-09
24768,-7.345634403354533e-09
24769,-1.9184443955548278e-08
24770,7.365599838716872e-10
24771,-6.888484931034565e-09
24772,2.0896747179840494e-09
24773,-3.359357660159313e-09
24774,-4.600595881196542e-09
24775,-3.0134122584156e-10
24776,-1.0296019253491819e-10
24777,-4.5284025492755595e-09
24778,-4.4808846432400015e-09
24779,-9.285152455734823e-10
24780,1.31465193768071e-08
24781,-2.5103177453489932e-08
24782,-1.3928540458617286e-09
24783,1.0561922541114588e-09
24784,-1.822872567212129e-08
24785,6.987546159665405e-09
24786,2.230792192982783e-09
24787,-7.981535296974991e-09
24788,4.122914403311563e-09
24789,6.283848229058413e-09
24790,-1.845694806607951e-08
24791,-5.323692296436165e-09
24792,6.130411171881671e-10
24793,8.52193055807106e-09
24794,-8.867656755084128e-10
24795,9.941748998758804e-09
24796,-5.436755296287986e-09
24797,2.899072134057025e-09
24798,-4.678895752882788e-09
24799,-3.2425501297718016e-09
24800,9.929739932399551e-09
24801,-4.309428114878683e-09
24802,-4.55368352139169e-09
24803,-5.881728865687409e-09
24804,1.0477609441834864e-08
24805,6.86147431106475e-09
24806,-2.4895407269796755e-08
24807,4.682286464581103e-09
24808,3.011498729553829e-09
24809,-6.680218958235887e-10
24810,1.687349177235442e-09
24811,2.0714635379390064e-08
24812,3.273976491845887e-09
24813,-1.1963560157985928e-08
24814,-2.2601631824583993e-09
24815,-1.352755589007627e-09
24816,2.8999570303610695e-09
24817,1.2965813965336067e-09
24818,5.160368206418154e-09
24819,-9.807585925112361e-11
24820,1.3202374284680395e-09
24821,-4.293729080193994e-09
24822,-3.1576182112444847e-09
24823,5.81376536760347e-10
24824,2.6224724031548498e-09
24825,9.76878748813455e-09
24826,-2.2368958704048917e-09
24827,-6.715985676721749e-09
24828,-2.2205796172756626e-09
24829,1.5873687611080895e-08
24830,-1.1363905753330021e-08
24831,-5.922327384866812e-09
24832,3.86466907476295e-09
24833,-1.8694131726632915e-09
24834,1.003612636120993e-10
24835,-2.4149354207633498e-09
24836,-6.116602843353768e-09
24837,3.5104038408578015e-10
24838,2.436329247852562e-11
24839,-3.6216157789448418e-09
24840,-1.123828781105288e-09
24841,-1.12569936734975e-09
24842,1.081081838015587e-08
24843,2.3198437563359903e-10
24844,-2.4134155802918263e-09
24845,2.4492172210951015e-09
24846,1.3856020782345992e-08
24847,-7.38704564328632e-10
24848,1.7570332853915537e-11
24849,-8.136051922905534e-09
24850,8.448815412230609e-11
24851,2.0175807476041348e-10
24852,8.363487086708063e-10
24853,8.541774395442995e-09
24854,-2.1022268939652024e-09
24855,2.6245298006697534e-09
24856,-2.4180793015284455e-09
24857,4.810205596271048e-10
24858,5.885254906629356e-10
24859,-8.475465869899804e-09
24860,5.712071545687544e-09
24861,-2.969841947883848e-11
24862,2.622466132375409e-09
24863,-1.7560389224365023e-09
24864,-8.298471790517407e-09
24865,-4.857984402916871e-09
24866,8.877334141140347e-09
24867,-2.257427305450846e-09
24868,-1.4467724785422044e-08
24869,-3.0361229810589963e-08
24870,-2.5117965256498377e-09
24871,-9.688121282219276e-10
24872,-3.4043832849342816e-10
24873,-1.472066478489011e-08
24874,-3.5488341502922414e-09
24875,-2.6446296182769403e-09
24876,-1.3413804105814947e-10
24877,6.156023671061378e-09
24878,8.443586705960652e-09
24879,7.231759863279776e-09
24880,-1.6761381165592902e-08
24881,-2.0562916819540254e-09
24882,-1.337844563908426e-09
24883,1.9300634195520487e-08
24884,-3.6961874646765335e-09
24885,1.678645652050759e-08
24886,6.393558838160752e-09
24887,3.756559170142642e-09
24888,-3.905727560435831e-09
24889,8.84286481306018e-09
24890,1.2135190995056508e-08
24891,2.2637250332496477e-09
24892,2.718982279539419e-08
24893,-8.959019722207075e-09
24894,-3.902194356392193e-09
24895,9.368009213651985e-09
24896,8.534030315559925e-10
24897,2.5448133449712986e-08
24898,3.0594590039581347e-09
24899,-8.13746894442361e-09
24900,6.911437067829425e-09
24901,4.697335411631083e-09
24902,9.061808790211554e-09
24903,4.736443880587329e-09
24904,2.9548039919183195e-09
24905,2.4509028411779554e-09
24906,-9.841574302035218e-10
24907,6.988160853625145e-09
24908,-2.38840538308232e-09
24909,4.1705463055361593e-10
24910,-9.43307462100501e-10
24911,-1.991768115985348e-09
24912,1.8303428053726578e-10
24913,1.345217725518318e-10
24914,-2.1766444096532203e-09
24915,1.3292153599269133e-09
24916,-8.244116915095051e-10
24917,1.7456862784996196e-08
24918,1.1469400112915201e-09
24919,-2.2715690699614817e-08
24920,-1.934236151456206e-09
24921,2.936173507439009e-09
24922,-1.2796568090587194e-08
24923,-2.6045324837621516e-09
24924,2.0102361057759076e-09
24925,1.0337801694773057e-08
24926,6.721635394871042e-09
24927,1.964743584393656e-09
24928,-5.906008241559671e-10
24929,1.6433312617570067e-09
24930,2.2846050475578002e-10
24931,-2.2511512984713905e-09
24932,-7.34959960551236e-09
24933,-1.0487923958637872e-08
24934,-1.7799388257158696e-09
24935,3.866481470640119e-09
24936,-8.383758261097853e-10
24937,-1.1661572326953508e-08
24938,-1.2907325505806502e-08
24939,-8.628272525382433e-09
24940,6.407786237781011e-09
24941,3.6802079216969936e-09
24942,2.7188580280607637e-08
24943,-3.4262451898198356e-09
24944,-6.676778733804484e-09
24945,1.2245871181341665e-09
24946,-1.5898232462143802e-08
24947,-7.007577703304295e-10
24948,-5.573340113386674e-09
24949,-1.9570900709761707e-08
24950,-7.629991874521926e-10
24951,-1.2193375935719523e-08
24952,-4.522662862701207e-09
24953,3.1552051168308606e-10
24954,-6.08821298712407e-09
24955,-1.801444375904364e-09
24956,7.0241038352865775e-09
24957,-3.4852683708829387e-10
24958,3.87333448778492e-09
24959,-2.3846466730693073e-09
24960,1.861801284027645e-08
24961,4.230894296775898e-09
24962,9.297079445495697e-09
24963,4.996946940717046e-09
24964,-3.7369490928998656e-09
24965,1.31214203939386e-08
24966,-7.950941846515479e-09
24967,-8.053820654421852e-09
24968,-9.186319717217877e-10
24969,-7.5488226059798e-10
24970,-2.3822909691900835e-09
24971,-1.989693636385924e-09
24972,2.957465858645629e-10
24973,2.2272572160902855e-10
24974,-1.004920640086168e-08
24975,4.8241759763887926e-09
24976,2.2514342495642364e-09
24977,-1.1472004215229373e-08
24978,1.1152353532376196e-08
24979,-1.7916035488407123e-08
24980,-1.2312880848768662e-08
24981,-1.3093742946482876e-09
24982,1.9129894731460854e-09
24983,6.1423381693154274e-09
24984,1.4053775089115306e-08
24985,7.4125028656036185e-09
24986,3.5983094610364046e-09
24987,1.925932630316103e-08
24988,8.273684573745655e-10
24989,-1.0923392527482747e-08
24990,-3.1329289735536167e-09
24991,-1.2360538344631639e-08
24992,-1.447111666933559e-09
24993,-1.1096612771155596e-09
24994,1.428979640621753e-08
24995,1.5321412688090224e-09
24996,-1.0161810920677229e-08
24997,-1.5049185646651733e-09
24998,-4.1194902044564036e-09
24999,-1.73751701931849e-08
25000,-1.2844829801650254e-08
25001,1.7450671280472403e-09
25002,1.2413570163227765e-08
25003,-2.8777861427641928e-09
25004,-6.1657334593674174e-09
25005,2.30938829524546e-09
25006,-1.7424957390456343e-09
25007,-6.6047115227979225e-09
25008,-3.857638926098354e-09
25009,-1.7370599968977718e-09
25010,4.3135921937497973e-10
25011,-2.090924151600239e-09
25012,1.5811806997170067e-08
25013,-2.497990432776377e-09
25014,3.785869555181463e-09
25015,1.7310691171281126e-09
25016,-3.4072152176903247e-09
25017,9.267783208142294e-10
25018,-8.514198603576183e-09
25019,-2.5172440783925646e-09
25020,5.894179943909233e-09
25021,6.29088492116465e-09
25022,-2.389102512229468e-09
25023,2.038170957074565e-09
25024,-3.7411207452942305e-10
25025,-9.804904113536655e-09
25026,-4.446718260403653e-09
25027,2.6539807069353525e-09
25028,-8.381472642448928e-09
25029,-2.683636218104555e-09
25030,-8.58938551789406e-10
25031,2.810536364504336e-09
25032,-5.066592907963303e-09
25033,-1.5747936764481562e-08
25034,1.679228697154509e-08
25035,2.1229005159703938e-10
25036,2.427815508461363e-09
25037,-9.509930813897225e-10
25038,4.36796196526562e-09
25039,-9.192673947744473e-09
25040,4.3750826473256574e-09
25041,-2.0584996743535742e-09
25042,-5.702909524950746e-09
25043,1.3986451787624067e-08
25044,-1.5864558191280165e-09
25045,-9.77788520060887e-10
25046,9.161132349509439e-09
25047,2.6497771560984915e-09
25048,-3.873961394503732e-09
25049,-1.2766901978600376e-09
25050,1.0602577609779859e-08
25051,-1.4836227102062606e-09
25052,-3.736918890744978e-09
25053,-8.102172408971353e-09
25054,1.7802885661822136e-08
25055,-7.314740479771634e-09
25056,3.34397760687262e-09
25057,1.4587933636033062e-09
25058,-3.753700525224128e-09
25059,-1.0266335504604637e-08
25060,2.002462035326943e-09
25061,-3.5568657859262418e-09
25062,-1.73779752997853e-09
25063,5.270430708834838e-09
25064,-5.4743950020013305e-09
25065,-1.435055189980505e-09
25066,-2.4730418474322595e-09
25067,-5.968387778312089e-09
25068,-3.893341045655682e-09
25069,3.9651655924440915e-10
25070,8.857077131511847e-09
25071,-1.8800080166733177e-09
25072,1.0812448994303075e-08
25073,2.125792837939605e-08
25074,3.256878079768722e-09
25075,-4.210836299189615e-09
25076,1.329555781879037e-08
25077,4.636119466425381e-09
25078,-2.0241702548704644e-09
25079,7.433004062010722e-10
25080,4.169508248353935e-09
25081,6.622241812341916e-09
25082,3.909105382487025e-09
25083,-1.2244147348987137e-08
25084,-6.645487746749152e-09
25085,-1.1024703683664353e-09
25086,1.013036174120316e-08
25087,-5.111237640513801e-09
25088,8.723661015494718e-09
25089,-3.579412195293951e-09
25090,-1.723544939715742e-09
25091,-2.8362006405756322e-09
25092,-8.009072553361439e-09
25093,-1.3784696023900308e-08
25094,-8.357385791852938e-10
25095,1.8279275465775787e-08
25096,-8.248689296759684e-09
25097,-1.9402031353106136e-08
25098,-1.8377642329906766e-08
25099,3.4899259894600486e-10
25100,3.1819801848010677e-10
25101,-1.3751058687234988e-08
25102,-3.6973128615181914e-09
25103,1.3515091880434608e-08
25104,4.112707174377144e-09
25105,-1.3271099099954284e-10
25106,-2.1468257365211945e-09
25107,-2.719710772464069e-09
25108,-1.098440828591912e-08
25109,-8.485240725786009e-09
25110,3.0020954750801567e-09
25111,-1.805834165539596e-09
25112,3.8081704945186776e-09
25113,-4.98285871900696e-09
25114,-2.4302348780853813e-08
25115,-6.668537455704253e-10
25116,-5.138866442904976e-09
25117,3.2866860543120643e-09
25118,1.2034779812951942e-09
25119,-3.068710375710467e-09
25120,-1.1683920799561768e-08
25121,-2.6574087345055545e-09
25122,-2.688168952308677e-10
25123,2.0219939750728923e-08
25124,1.0405993960889483e-10
25125,-8.047958999986167e-09
25126,-3.6650006815491982e-09
25127,-8.167927253757651e-09
25128,-1.4035061069223727e-08
25129,-1.740925081451813e-08
25130,-9.147434082943921e-09
25131,-7.72194594660465e-09
25132,-2.627514211061067e-09
25133,-1.4331860713612065e-08
25134,-3.2047238471301705e-09
25135,1.214454290846518e-09
25136,-1.9481329681248165e-08
25137,3.784799478014187e-09
25138,1.3798560406176168e-08
25139,2.9010739847591122e-09
25140,3.753095864923365e-09
25141,8.628664385027731e-10
25142,4.300734044623131e-10
25143,-1.2322960557422216e-10
25144,2.4390047158445395e-08
25145,7.576458877887892e-10
25146,1.7462248029919855e-08
25147,-5.32237565436769e-09
25148,-7.745971701450687e-09
25149,-3.6973138415649216e-09
25150,-3.413941639395252e-09
25151,7.814732703772365e-09
25152,-7.087128201057468e-09
25153,1.3717333381423979e-08
25154,-4.1684288863551784e-09
25155,-3.3385291260844356e-09
25156,-6.413384176263084e-09
25157,-1.2898268440739484e-08
25158,2.338113786574224e-09
25159,-2.4826035536713058e-08
25160,-6.864464152787899e-09
25161,3.864831202001133e-09
25162,1.6318671467130713e-09
25163,2.166478479493724e-09
25164,-7.186103906654705e-09
25165,6.595559307445495e-09
25166,-6.740681512666072e-10
25167,4.2926804843760875e-09
25168,-5.430306409550425e-09
25169,-2.243315195249159e-09
25170,-3.6485542496974962e-09
25171,-1.9603937963813636e-09
25172,-3.936053568213103e-09
25173,2.953632225170759e-09
25174,-1.0891873058711364e-08
25175,-2.205581231746122e-09
25176,-6.4103705465800315e-09
25177,4.964834929137886e-09
25178,2.37409855298315e-10
25179,-3.032508892801179e-09
25180,-2.6563813594591694e-08
25181,-3.289028996052736e-09
25182,3.529884354929715e-10
25183,-2.3597126176354455e-09
25184,-9.632788576255049e-09
25185,-4.13296143176214e-09
25186,-1.5944008053703465e-09
25187,5.068059584747146e-09
25188,-3.0546862608170934e-09
25189,1.7105875522821496e-09
25190,2.593691404783047e-08
25191,-3.235439660305667e-09
25192,6.643078142096957e-10
25193,-1.3850093663576715e-10
25194,-1.4462615916954321e-08
25195,1.0675106567389482e-08
25196,-2.740222500094281e-09
25197,-6.158315722467926e-09
25198,-8.825800861482885e-10
25199,-2.2233380670430714e-09
25200,-3.443402366122329e-09
25201,2.1868370028906084e-09
25202,-1.149613420286265e-09
25203,9.373608742875337e-09
25204,-7.184930658893475e-09
25205,2.2164747218825382e-08
25206,1.6391435962039922e-09
25207,-6.704276624376426e-10
25208,1.0311121871886359e-08
25209,-5.10148233437005e-09
25210,-3.8637325052114776e-09
25211,-2.9497280234523357e-09
25212,8.731646196089959e-11
25213,-1.3246974719380733e-09
25214,1.7874694992100544e-09
25215,-1.824687740767181e-08
25216,-7.53244577069522e-09
25217,-1.7000119854993378e-08
25218,-3.6718188186931164e-08
25219,2.414330619035999e-10
25220,-7.922769488262357e-09
25221,1.167567402215004e-09
25222,-5.169464285034082e-10
25223,3.2709516685911037e-09
25224,-3.1687703749885594e-10
25225,4.939131187356936e-10
25226,-1.3462926638494728e-08
25227,1.90320966327695e-09
25228,-1.07564435848068e-09
25229,-4.141194847406036e-09
25230,-5.763903442151886e-09
25231,-3.702173424559674e-09
25232,-2.2771340303039007e-09
25233,-1.6558202158853655e-09
25234,-5.8217020045329895e-09
25235,-1.3611405648690225e-08
25236,6.358175013012126e-09
25237,6.198402562776688e-09
25238,-5.837051812008179e-09
25239,3.840873277819831e-09
25240,3.586306877107006e-09
25241,2.1966790511601928e-09
25242,-5.715195747844906e-09
25243,-9.567738716302876e-09
25244,2.129947144901669e-08
25245,2.937070228960978e-09
25246,3.462530864434761e-09
25247,-6.010913455905889e-09
25248,1.5687309276143297e-09
25249,2.7319581748000295e-09
25250,1.2488368925544347e-08
25251,-1.0087353510797397e-08
25252,-1.8037394274927245e-09
25253,5.760117710285065e-09
25254,1.9107144787623115e-08
25255,2.1946903523804592e-09
25256,-8.780317153290704e-10
25257,-3.6814246098049007e-09
25258,-4.745476863678367e-09
25259,-7.510905164308533e-09
25260,-9.854737811186574e-09
25261,-6.222040854083569e-09
25262,6.233939673359935e-09
25263,-1.8574684093161557e-09
25264,5.640188796123175e-09
25265,4.283076595114713e-09
25266,-1.9597076463608207e-09
25267,5.847317387418306e-09
25268,1.7072966287389745e-09
25269,-7.248667056820302e-09
25270,-2.805470257053256e-09
25271,-4.5974190037342334e-10
25272,6.797554512822101e-09
25273,-6.951272627620393e-10
25274,1.0512226073738964e-08
25275,-1.3604832573049635e-08
25276,4.721220357500124e-10
25277,-1.1804130687106433e-09
25278,1.1587461426213744e-09
25279,-7.688490857904633e-09
25280,-7.173870195029203e-09
25281,2.0333848959124993e-08
25282,-6.447681068453663e-09
25283,-2.0110391125267246e-09
25284,-2.2852896482471703e-09
25285,-2.4984362368956898e-08
25286,-3.258134796223243e-09
25287,-6.082734342072267e-09
25288,-2.618866266785172e-09
25289,-1.3348516142299044e-08
25290,-3.448001340718939e-09
25291,1.149613633520347e-10
25292,-3.890692514373952e-09
25293,-2.6129584109935343e-09
25294,-1.2288345838945631e-09
25295,2.147250488564616e-08
25296,-1.6320588641059676e-08
25297,9.98694787283668e-10
25298,7.502710577751447e-09
25299,1.2291019458789018e-09
25300,-1.4419395256404828e-09
25301,-1.6783197347092624e-08
25302,-1.5502753742259502e-09
25303,-6.908039290520043e-09
25304,-5.761256110925569e-09
25305,-5.574391400097678e-09
25306,4.921849496940748e-09
25307,-6.551628924919868e-09
25308,-3.232762164213547e-11
25309,-1.0089169890341106e-09
25310,-4.544404881523415e-09
25311,7.460459326379196e-09
25312,1.2121982253852034e-09
25313,2.156218813561875e-08
25314,-2.1825468393637203e-09
25315,-8.840015804794293e-09
25316,5.634200961643541e-09
25317,-5.64667694646169e-09
25318,-4.174503853326866e-09
25319,2.3435370817147745e-09
25320,-1.7088589925239655e-09
25321,3.7340279010554075e-09
25322,1.5919472674732005e-09
25323,4.959007712505129e-09
25324,4.761138864923579e-09
25325,1.2236421041939695e-09
25326,-1.1152468211890566e-09
25327,2.701199772173582e-10
25328,-2.635549340999333e-09
25329,1.0991652433598116e-08
25330,-4.39464626633923e-09
25331,6.510492604743088e-10
25332,-3.447458119406413e-09
25333,-1.133611399540247e-10
25334,-5.541972799662185e-09
25335,-4.998496415581003e-11
25336,2.1929440454493658e-08
25337,-5.533867812190771e-10
25338,9.508852840693635e-09
25339,1.1685281450859554e-09
25340,-1.5158124665013788e-08
25341,-2.966763405146152e-08
25342,-3.0623054793894858e-09
25343,-1.670553053171912e-09
25344,2.249254400260921e-08
25345,-1.9164857045137447e-08
25346,-5.681841584834774e-09
25347,2.5560753065659784e-10
25348,-7.167482032694156e-09
25349,1.6694170247208804e-09
25350,-9.769056651207416e-09
25351,2.3274637836861116e-09
25352,-3.280983914447618e-09
25353,-4.69320188757345e-09
25354,-1.350497288046921e-09
25355,-1.0094676734638952e-08
25356,-2.675404233058684e-09
25357,-3.864408865470136e-09
25358,1.0981936016504088e-09
25359,-1.3935063169183285e-09
25360,-3.991390128843964e-09
25361,9.735211232710826e-10
25362,4.287508135958721e-09
25363,3.2247672023401065e-09
25364,-6.7968464938661525e-09
25365,-4.652499984503491e-09
25366,-2.4937522380379917e-09
25367,9.616950181881863e-09
25368,-4.635447525993648e-09
25369,3.454988052508543e-09
25370,-7.468387762886228e-10
25371,6.6212481086148204e-09
25372,-4.942955292905506e-09
25373,-1.2882479397768405e-08
25374,-7.692231936595373e-09
25375,-5.553755637465538e-09
25376,-7.683650767376513e-10
25377,2.0696615002879114e-08
25378,7.023017534356151e-09
25379,1.560155765450984e-08
25380,9.306550713169097e-09
25381,-1.7884613958248731e-09
25382,-1.0149551799766152e-08
25383,-4.720760643926816e-09
25384,-2.8593794816142966e-09
25385,-3.0901666960008817e-09
25386,1.2291490832701925e-10
25387,3.7150626157067296e-10
25388,5.1697466030759964e-09
25389,-2.3159630218850658e-09
25390,2.1521857434922242e-08
25391,1.385528017477735e-09
25392,-2.5986462519162362e-09
25393,-1.4484859399502929e-08
25394,-3.7207905163096393e-09
25395,1.1057096579438477e-08
25396,1.1921124655270278e-08
25397,-7.202589906625816e-10
25398,2.1492918331028453e-09
25399,-9.915661304182118e-10
25400,-4.129881293530394e-09
25401,-2.4544552446408833e-09
25402,-2.5936306616998745e-10
25403,2.908274508564835e-09
25404,-6.011768231994799e-10
25405,3.1203163914681993e-10
25406,1.5728868041615235e-09
25407,1.1061372372098414e-09
25408,1.5890366324820958e-09
25409,-1.9154628591961676e-09
25410,1.9073546433157746e-09
25411,-1.4207502774006983e-09
25412,-6.253413054915645e-09
25413,6.467949881370055e-09
25414,9.576869776352983e-11
25415,1.53907119739768e-09
25416,-5.05713918612357e-09
25417,1.9552503137244123e-09
25418,-8.997459067358719e-09
25419,-1.3219651828763768e-09
25420,-9.500364161238081e-09
25421,1.1132297836610078e-08
25422,-7.785358741757444e-09
25423,8.054114276117108e-10
25424,-1.20974512906911e-08
25425,-1.4866342572608462e-09
25426,-2.1842341427793288e-09
25427,-7.055696644102001e-09
25428,1.6328196308617528e-08
25429,-1.5021973131027918e-09
25430,2.068276825706182e-08
25431,-1.2096635200047653e-09
25432,-1.638312945027079e-09
25433,1.3645960849855993e-08
25434,-5.764448784363672e-10
25435,-7.219595210779032e-09
25436,-2.8536163344724306e-09
25437,1.8995576244634547e-11
25438,-1.2568924386892669e-08
25439,-1.2228584399833796e-08
25440,-4.445899212705699e-09
25441,1.3313394097444285e-08
25442,1.934275593023794e-08
25443,-6.231067903132741e-09
25444,-1.5076555779784094e-08
25445,-2.5790794017281196e-09
25446,4.0570733611814244e-09
25447,-4.478959602753842e-09
25448,1.3120652860436687e-10
25449,-2.3429403352054984e-08
25450,-3.2366838331554748e-09
25451,-6.147224059239475e-10
25452,-3.1501089208886457e-09
25453,3.436536844563607e-09
25454,-5.804943529041514e-10
25455,-2.2216098075826924e-09
25456,-2.8508207252586264e-09
25457,-3.436554748832707e-09
25458,2.3894292646919116e-09
25459,-1.105010116433069e-08
25460,-7.972798181959252e-09
25461,2.932903138855907e-09
25462,1.1597862833511775e-08
25463,-3.855175830978568e-09
25464,-5.245313030612491e-10
25465,-5.388322178530873e-10
25466,-1.6806570184336688e-09
25467,-2.781747214326419e-09
25468,-1.1358836559546668e-09
25469,-8.879272399441885e-09
25470,-2.6967994024434215e-09
25471,-8.503507407750808e-09
25472,-3.417570908409163e-09
25473,-7.3519275447038664e-09
25474,4.516120791658134e-09
25475,3.388033309905565e-11
25476,-1.197278973167511e-08
25477,-3.9747991366152454e-09
25478,-8.990324713954078e-10
25479,5.067380993616428e-09
25480,-2.137580521717184e-09
25481,2.6092637450229313e-09
25482,-1.1377260125615949e-10
25483,-3.201616033121807e-09
25484,8.98038317535304e-09
25485,1.7170975637315458e-09
25486,-2.654138942733874e-09
25487,-1.5410999645161022e-08
25488,-7.371540319177747e-09
25489,-1.2374513429746949e-08
25490,-9.410084203023484e-09
25491,-4.09740341652805e-09
25492,-1.3533405978031428e-08
25493,-2.292404377168386e-08
25494,2.45798496945038e-10
25495,-8.68296102494655e-09
25496,9.211691457155776e-09
25497,2.889415241143581e-10
25498,-6.209923490320344e-09
25499,4.586013402194351e-09
25500,-1.3222861611788062e-09
25501,-1.6500126704444572e-09
25502,5.522905790929246e-10
25503,8.948293992809065e-10
25504,-1.1488620256174741e-09
25505,-1.1107623824607232e-09
25506,-1.367149299309904e-09
25507,-4.198246025499532e-09
25508,1.3407555955208098e-08
25509,-7.662542830520887e-09
25510,1.8157947318038014e-08
25511,-6.537856086081299e-09
25512,-9.722024711108432e-10
25513,2.629632420423806e-09
25514,8.987092510799009e-10
25515,3.268306407905105e-09
25516,1.3467303325877005e-09
25517,1.4683201528747883e-09
25518,-2.2992206333483754e-09
25519,-2.318999326458016e-10
25520,-1.2312336848909324e-09
25521,-1.3992962245889907e-08
25522,-3.551580448513464e-09
25523,-3.377079082996088e-09
25524,-8.91658063720027e-09
25525,2.679182334000636e-09
25526,2.0581737801609024e-09
25527,-9.849978417916132e-09
25528,-7.345384345079016e-09
25529,-4.647173467417885e-09
25530,-2.930245818882097e-09
25531,-1.3863690491827507e-09
25532,1.0408697614850122e-09
25533,9.982754699703446e-09
25534,-3.1360312284896508e-09
25535,-1.6546946177084942e-08
25536,7.790958928250875e-09
25537,-4.867545381814423e-09
25538,-2.547709071459142e-09
25539,-5.804057215372246e-09
25540,-1.2103829149432012e-09
25541,-5.707742084184053e-09
25542,4.830544205085804e-09
25543,4.5279376270475264e-09
25544,-2.150481275759265e-09
25545,-1.9592453741500924e-08
25546,-7.750938652657183e-09
25547,7.3088068366849605e-09
25548,-1.3652525270201157e-09
25549,-9.876513594217121e-09
25550,3.3739255023934154e-08
25551,2.1927268164454406e-08
25552,-1.5422263605254668e-09
25553,-5.431458417609086e-09
25554,-3.0621275720852638e-09
25555,1.8385625555577344e-08
25556,-2.3260707931508087e-09
25557,1.1145582489617115e-08
25558,-1.7456943888324014e-09
25559,-4.092308929863556e-09
25560,-6.970965102137072e-09
25561,-1.5095711555895503e-10
25562,-1.5345180220521802e-09
25563,3.13456602954646e-09
25564,2.8391782159327406e-09
25565,3.845854340516767e-09
25566,-8.739918688433186e-09
25567,1.4088309886158936e-10
25568,-1.935315351942496e-08
25569,-8.103316212166849e-09
25570,3.472113001092334e-10
25571,1.4245454673963414e-09
25572,8.249207180686411e-09
25573,-1.3112280862570551e-08
25574,1.2843306630484186e-08
25575,-8.427811828038497e-09
25576,-4.193786710151871e-09
25577,-1.377761966035308e-08
25578,-2.502391011132654e-09
25579,-3.543851740845904e-09
25580,1.6312414525512006e-08
25581,1.5319181425956777e-09
25582,1.4395404841913494e-09
25583,-1.1512188283129668e-08
25584,-9.526069551703268e-09
25585,-1.9504096116738213e-09
25586,1.1814933367055445e-08
25587,-3.64024315727981e-10
25588,-9.259769706528263e-10
25589,2.4639730957256022e-08
25590,-5.773487340009624e-09
25591,1.9105400184777015e-09
25592,-1.8018789225343202e-09
25593,-1.6051417439219147e-09
25594,3.187436710855812e-10
25595,3.398463527486334e-08
25596,1.9446049619521605e-08
25597,2.1522798883084682e-09
25598,-2.6580383329399834e-09
25599,2.6461731947562688e-09
25600,-9.648756993543322e-09
25601,-7.438167028539385e-09
25602,-2.014951356287994e-09
25603,-4.529047545612782e-09
25604,-9.135143528626294e-09
25605,3.8161933108589653e-10
25606,-8.05625539739031e-09
25607,-2.246766603626696e-08
25608,7.017539905378912e-09
25609,1.2596216076562294e-09
25610,6.660783823125575e-09
25611,1.2165699853202928e-08
25612,-2.488868467707303e-08
25613,-9.233723821480692e-09
25614,2.031509366316405e-08
25615,5.571240615755447e-10
25616,5.051058875063562e-09
25617,-5.640854292751413e-09
25618,-2.1338880905888793e-09
25619,-5.430976261696948e-09
25620,-6.893473842643892e-09
25621,-1.0681123923131091e-08
25622,-1.8242317799664629e-09
25623,-2.3454991653722814e-09
25624,-2.443105742753403e-09
25625,2.233493180074853e-09
25626,1.9133623701598768e-09
25627,-3.8574156514553916e-09
25628,1.578832362433963e-08
25629,7.391500487612411e-10
25630,-8.874515317587222e-09
25631,-2.4902159604624307e-09
25632,-2.885136210216609e-09
25633,-4.260286751133829e-09
25634,-4.340204154539094e-09
25635,8.723155382082745e-09
25636,-3.5574028506916378e-09
25637,2.8375099385188576e-09
25638,9.959384822653923e-09
25639,1.8501235413585965e-08
25640,2.0029141628612094e-08
25641,-6.015063686794725e-09
25642,1.4504078194322635e-09
25643,-4.376436566220006e-09
25644,-5.271619799501764e-09
25645,-3.5082823754701216e-11
25646,1.2216982848074755e-09
25647,2.7318627107989423e-09
25648,-3.846273223290507e-09
25649,-9.61008276447154e-10
25650,-4.297005915125063e-09
25651,-1.0701205333458786e-08
25652,-3.879794118948507e-09
25653,-1.2777166720785207e-09
25654,-1.6108967700023055e-08
25655,-1.0529571529135025e-08
25656,1.426015240236846e-10
25657,1.506861304885944e-08
25658,-3.7138708812863816e-09
25659,-2.6748373318996854e-09
25660,1.0954097873030175e-09
25661,-1.2711228224112024e-08
25662,-2.4721675275631306e-09
25663,-3.52071124574205e-10
25664,8.455953550238862e-09
25665,-2.992240463936348e-09
25666,-8.63977401543043e-09
25667,-1.8228440609881158e-09
25668,-1.275557030253726e-09
25669,-2.705515148916231e-11
25670,1.7729188123952872e-09
25671,2.053317361001342e-09
25672,-7.807656215993609e-09
25673,-3.0389043884466965e-09
25674,6.725862133694068e-09
25675,-1.3968408541272778e-08
25676,-2.5868028789293328e-09
25677,-7.869602764528864e-10
25678,2.381779761629621e-09
25679,-2.200176630115105e-10
25680,-3.9466174452585116e-09
25681,1.353234523680578e-09
25682,-4.850015210883118e-09
25683,-2.09047389792733e-09
25684,-7.675120990188182e-09
25685,-7.289360987552933e-09
25686,-4.412761249460327e-08
25687,-2.306737646791382e-09
25688,4.761833568912659e-09
25689,-4.946127084297609e-09
25690,-4.262993694513402e-09
25691,4.086128812063243e-09
25692,-4.323530327827261e-09
25693,-1.0395403993385011e-08
25694,4.22725299267453e-09
25695,-1.4291134038894203e-10
25696,-9.918380631980714e-09
25697,2.5562679030559833e-09
25698,-6.685300307431986e-09
25699,-4.2971818729348774e-09
25700,-1.0656126075270422e-08
25701,-4.619282580091473e-09
25702,-5.553248864352752e-09
25703,2.973951208692391e-08
25704,1.668094958795455e-08
25705,-1.0252131299314344e-08
25706,9.767238127859905e-09
25707,-3.9413851011776776e-09
25708,-4.383227636553929e-09
25709,-3.2919430609005446e-09
25710,3.206899000660547e-09
25711,-3.744569233569911e-09
25712,-6.767857323935992e-10
25713,1.5171634379252753e-09
25714,-5.6835671414450185e-09
25715,1.5512178531032784e-09
25716,5.729388445929734e-10
25717,-7.736066652528234e-09
25718,2.1659297702208218e-08
25719,8.113600961876742e-09
25720,2.507168094192616e-09
25721,-6.44093891777225e-10
25722,-1.2881945041013324e-08
25723,-7.450522465127721e-10
25724,9.241387548638769e-09
25725,-1.0723692363706483e-10
25726,-4.128598631659848e-09
25727,1.1144775702587852e-08
25728,1.0620932922932826e-08
25729,-1.9976743091678085e-09
25730,-7.535412047519015e-09
25731,-6.430675873602866e-09
25732,-1.1340262471081713e-09
25733,-1.4401039343291686e-09
25734,-6.260871659226656e-09
25735,7.777437023850343e-09
25736,-6.750260281422929e-09
25737,1.6319327653679564e-10
25738,-8.888173263764014e-09
25739,7.456005892616147e-10
25740,-3.0381717147253574e-09
25741,-2.5780410492726512e-09
25742,-3.6242919376434544e-08
25743,-6.702482831104798e-09
25744,1.3083128071644053e-09
25745,-1.0611203590864924e-08
25746,3.150436129064947e-09
25747,-1.7743327770370083e-08
25748,-3.1274099702656343e-10
25749,-3.3248333477032576e-09
25750,1.385055485973911e-09
25751,7.858367103335526e-10
25752,-1.0634118590000947e-09
25753,2.029107579123393e-08
25754,-2.3274273986225082e-10
25755,3.2366899703542157e-09
25756,-1.0706555823218323e-08
25757,1.0878519336218632e-08
25758,-7.589991442369118e-09
25759,-8.938988946935719e-10
25760,-1.5561192040293742e-08
25761,2.5633962885563005e-09
25762,-1.6910082800144224e-10
25763,-6.607960654889906e-09
25764,-1.2803154525809824e-09
25765,1.2443248449334224e-09
25766,5.219021946687066e-09
25767,-3.12851999614745e-08
25768,1.4099681721038293e-08
25769,6.5765746180759254e-09
25770,-3.134186645295312e-09
25771,-4.1665582636773363e-10
25772,-7.621194404424175e-09
25773,-2.993127865323612e-09
25774,-3.053247148591882e-09
25775,-3.613419438126943e-10
25776,4.507349564747379e-09
25777,5.2229508829792525e-09
25778,-4.312708687770249e-10
25779,-8.092575105517384e-09
25780,-1.5449227081228083e-09
25781,8.110137725738445e-09
25782,-2.2998106858897587e-09
25783,-1.475144009247062e-08
25784,1.7558549957524567e-10
25785,-9.396949239286915e-10
25786,2.2776540066166726e-09
25787,2.695283521193722e-09
25788,2.373530094812265e-09
25789,-1.7188849313534342e-09
25790,-2.894808232933951e-09
25791,-2.1491059133535544e-09
25792,6.862708625032856e-10
25793,-1.9225429082232547e-09
25794,2.3317435484878104e-09
25795,-9.255445255379442e-10
25796,-3.444034621228397e-09
25797,-1.7418629347542445e-08
25798,1.6798236513368907e-08
25799,-7.286192059131039e-09
25800,-7.835294179195274e-09
25801,-1.0435478555872737e-09
25802,-2.6903564562455043e-09
25803,7.58516810181378e-09
25804,-1.8167310558073308e-09
25805,4.155914412811287e-09
25806,4.580892126250949e-10
25807,1.7633626293686444e-08
25808,-8.559227690988078e-10
25809,-1.0374772863154316e-09
25810,4.228646961805806e-09
25811,1.6724784128108605e-08
25812,2.325321058096301e-09
25813,-2.4869792368040706e-09
25814,1.3175524996854772e-09
25815,1.9679666098461804e-08
25816,-2.5885957596507466e-10
25817,8.570197756009893e-09
25818,-2.8742449977804566e-09
25819,9.57260813771403e-10
25820,-1.5370703576149594e-09
25821,-4.967792387588137e-09
25822,-1.5305006157416923e-09
25823,-9.440731397992006e-11
25824,1.083208181312204e-09
25825,4.738424537239897e-09
25826,-3.020789684725245e-09
25827,5.771282096098136e-09
25828,-1.4716043459531275e-08
25829,-8.485697773037519e-09
25830,8.68900573801372e-09
25831,-9.346499544986309e-09
25832,-6.0327823697702315e-09
25833,3.6966764228715314e-08
25834,6.628648886253143e-09
25835,5.0165657278651606e-09
25836,8.411093291053158e-09
25837,6.154430588118245e-10
25838,-2.0595329931334066e-09
25839,-2.1926055626442222e-09
25840,6.971860927834841e-09
25841,-2.7086643830157414e-09
25842,-4.0221891977635074e-09
25843,7.938011112672187e-09
25844,4.000757385524282e-09
25845,1.2237138183772454e-08
25846,8.356517878901597e-09
25847,-1.0930405040127788e-09
25848,5.769926282833854e-10
25849,-2.9479205996041573e-09
25850,2.24005414338616e-09
25851,3.7094623510795163e-08
25852,-1.1838869488885846e-09
25853,-5.301805292577893e-09
25854,6.766564498366721e-10
25855,-7.945535771229862e-09
25856,3.658408560565538e-09
25857,6.436403996161952e-09
25858,-7.650356128544147e-09
25859,4.3394188605549805e-10
25860,-5.402137564254674e-09
25861,1.1067398097273266e-09
25862,1.7005522229519495e-08
25863,-1.2658073219197099e-08
25864,1.561498571074428e-08
25865,1.2857848115591914e-09
25866,2.0452130712069757e-09
25867,-5.688638874252304e-09
25868,1.4977752221266586e-09
25869,-2.1967476740553903e-09
25870,-1.1274494260524246e-08
25871,-2.7269738603712932e-09
25872,1.5988241317290977e-09
25873,1.5710005676638388e-08
25874,2.5646708603121772e-09
25875,8.74329522790415e-11
25876,5.0552466975084415e-09
25877,-4.625837116665684e-09
25878,1.145540585040771e-09
25879,1.9080479877779015e-09
25880,-3.450243441732995e-10
25881,-3.6827460681220456e-09
25882,-9.554795977090984e-10
25883,-6.21520600825524e-09
25884,5.049745304866579e-09
25885,2.6721342883749783e-09
25886,9.879659350743326e-09
25887,-2.63063011317783e-09
25888,2.3323570932301164e-09
25889,-1.9625776698196753e-09
25890,3.7682104482275375e-10
25891,-3.379893497681562e-10
25892,9.818589998442715e-10
25893,-2.157243309033132e-09
25894,4.808791923380547e-09
25895,-2.168627632343407e-09
25896,1.488389500976773e-09
25897,2.176866671352117e-09
25898,3.1646332607673756e-08
25899,7.766168954890752e-10
25900,4.4697923649580795e-09
25901,3.435720188485603e-09
25902,2.5510072899512327e-09
25903,1.4072218900214043e-08
25904,5.495264910608552e-09
25905,-6.0085501528417235e-09
25906,9.01766731148355e-09
25907,-7.600656391290553e-09
25908,-2.786270914313948e-09
25909,3.268108965102876e-09
25910,-9.087853733200548e-10
25911,2.3650719644626523e-09
25912,-8.558946206162873e-10
25913,-5.10321308826328e-09
25914,-2.1234631021109382e-09
25915,7.062661790509667e-09
25916,-2.063107271139091e-08
25917,8.426528860298538e-10
25918,6.128120739052609e-09
25919,-5.341018942013283e-09
25920,-5.065799559479303e-09
25921,-7.452800120653236e-09
25922,1.141023824769997e-08
25923,-5.654766665510464e-09
25924,-2.612358854549256e-09
25925,-8.068931778576193e-09
25926,-8.634368538479856e-09
25927,1.91845994017741e-09
25928,-7.744308993581132e-09
25929,1.313882516056155e-08
25930,-6.8949554357677534e-09
25931,-8.665659027685108e-10
25932,-2.3504000873045615e-09
25933,2.8109345669009966e-10
25934,-1.0255807570755325e-10
25935,2.808313332099398e-10
25936,-1.468902671313532e-09
25937,-2.2445406716377135e-09
25938,-3.743745454157394e-09
25939,-1.7941088419326011e-09
25940,3.597398807777796e-09
25941,-5.963223503776148e-11
25942,-1.3958546199753908e-08
25943,-1.972837770998377e-09
25944,1.7178034635762718e-08
25945,-1.927885598339289e-09
25946,-6.90298390483802e-09
25947,-5.637477552073493e-09
25948,1.9059757989839356e-09
25949,3.9261296092122433e-10
25950,8.412732030206561e-09
25951,2.467200027498105e-09
25952,-2.4686142304443224e-09
25953,1.643879574227251e-08
25954,-1.7728700881497695e-09
25955,-1.2850841957360158e-08
25956,1.1569196861190342e-08
25957,4.730159955142153e-09
25958,-6.407507455980097e-09
25959,-8.581722263480422e-09
25960,-8.693279575920865e-09
25961,1.3905578507827994e-09
25962,-6.414271460032008e-10
25963,3.0823013631895008e-09
25964,-4.460990131377693e-09
25965,-3.8483692439441295e-10
25966,1.1424675751181756e-08
25967,-3.3852812770087892e-09
25968,7.213874237121967e-09
25969,3.269588666232563e-09
25970,-6.936400653450702e-09
25971,-2.0039185980467224e-10
25972,-1.6719875296889657e-08
25973,-1.086982162572531e-09
25974,-6.9782795900720835e-09
25975,-3.6012371177607462e-09
25976,5.539318259180494e-09
25977,-4.807598514963484e-09
25978,9.205120196747662e-09
25979,-4.6151559085234795e-09
25980,1.1514270982631576e-08
25981,-2.836239401422563e-09
25982,-2.122054417498391e-09
25983,-8.1457973452729e-09
25984,-5.8653758237941636e-09
25985,-2.592342297045748e-09
25986,-3.262705757747878e-09
25987,-5.6876158501502625e-09
25988,7.89905792736442e-09
25989,4.213077664439202e-09
25990,-3.3968425995129255e-09
25991,1.8579063817756096e-09
25992,-7.849316563942742e-09
25993,-1.4326751831747793e-09
25994,2.6538793849346105e-08
25995,-8.206614192049732e-10
25996,-2.5079747851004765e-09
25997,6.791597752551836e-09
25998,3.4163631309416583e-09
25999,-7.358006688310364e-09
26000,3.7235679911322102e-09
26001,1.008700018806476e-08
26002,6.782684848334526e-10
26003,5.376405945436841e-09
26004,-4.676321728106621e-09
26005,1.4368859108863786e-09
26006,6.2991044981274005e-09
26007,-3.141217653924644e-09
26008,4.761032767615783e-09
26009,1.8433352189656596e-09
26010,2.9140699646802114e-09
26011,-5.075677065600698e-11
26012,7.210398672385604e-10
26013,7.232214489778162e-09
26014,-5.456563610737665e-09
26015,-7.267266412145583e-09
26016,6.923794778496812e-09
26017,-5.6904707051960305e-09
26018,1.6179686514582416e-09
26019,2.088890907210417e-08
26020,-1.0293908593414547e-08
26021,2.6868283315425584e-09
26022,2.2754758691074792e-10
26023,-6.455924399432874e-09
26024,-1.4201942879477563e-09
26025,6.786324761229884e-10
26026,-2.8915935920820963e-09
26027,1.5715769762055044e-10
26028,-1.641032480504076e-09
26029,1.985077447017467e-09
26030,-6.189375463321178e-10
26031,-3.898538337228058e-09
26032,1.5134901490749573e-08
26033,-6.285967482633113e-09
26034,2.9276974201240843e-08
26035,-4.247158475820791e-09
26036,-8.467776494433974e-09
26037,-2.2129705051639525e-08
26038,-2.002031606289011e-09
26039,-1.838370606467264e-10
26040,-2.4176323321471804e-09
26041,9.296306448829625e-10
26042,-4.232327799610668e-09
26043,-1.2150591542353065e-09
26044,-3.990715613943348e-09
26045,1.3000447616087142e-09
26046,4.3490740542753535e-09
26047,-1.7792527128239945e-11
26048,-2.3161564044095713e-09
26049,1.0402090880601088e-09
26050,2.0566729407810082e-10
26051,-6.381202994846727e-09
26052,-9.382101768446114e-10
26053,-4.775317403243896e-09
26054,4.27510225844477e-09
26055,-2.1349530297025988e-10
26056,4.663057429641266e-09
26057,2.0151845621426965e-09
26058,-3.803407974401669e-09
26059,9.12677371982417e-09
26060,1.008014555707309e-08
26061,2.783768914391498e-09
26062,-2.2652667326910457e-09
26063,-1.155287292392282e-08
26064,-1.0357158985989336e-09
26065,7.175523771010266e-10
26066,7.437681157947553e-10
26067,-3.509127803759133e-08
26068,3.241046865613351e-09
26069,1.2073754632328783e-09
26070,-2.091934607797456e-09
26071,1.51569157074502e-08
26072,-1.3068654335567014e-09
26073,-1.3380416281548025e-09
26074,3.1351974397321038e-09
26075,2.0274499003588024e-09
26076,-1.2269746455638225e-08
26077,-1.3308259410068655e-10
26078,-4.5280790935047814e-09
26079,-5.383912504631999e-09
26080,-2.3543585979936723e-09
26081,-1.752910954675113e-09
26082,-1.1279669138755557e-10
26083,-1.3275944983982972e-09
26084,-5.284223924573451e-09
26085,-7.541290726018191e-09
26086,-8.469345097856158e-09
26087,-1.500489936535929e-09
26088,4.8375954578149685e-09
26089,1.2409520707923597e-08
26090,4.296485366706796e-09
26091,7.229757258314458e-10
26092,-2.8180973811192464e-10
26093,1.0492507602262185e-08
26094,-1.4024750421306038e-08
26095,-7.353594063343289e-09
26096,1.1758536431197607e-08
26097,2.076489920436949e-08
26098,3.973399681343171e-09
26099,-3.136414285035122e-09
26100,-8.190951903050467e-09
26101,-1.4000909372804666e-09
26102,-8.501056693891287e-09
26103,1.0351071376126357e-08
26104,1.4907249187037451e-09
26105,-2.2860395844978925e-09
26106,2.3354193127229727e-10
26107,7.238401448429055e-09
26108,-1.4412140119050785e-08
26109,2.32583868965112e-08
26110,2.040416533723804e-08
26111,7.354543339095005e-09
26112,-9.79677709389702e-09
26113,3.512565407492873e-09
26114,-2.141241511649355e-09
26115,-2.012895773499848e-09
26116,1.3159048968428827e-09
26117,5.271944394352459e-09
26118,3.877779341858033e-11
26119,-4.561610734385774e-09
26120,-2.991833595536326e-08
26121,8.002002012667103e-10
26122,-2.1008388488266534e-09
26123,2.888241680220841e-09
26124,4.832462908339493e-09
26125,4.8455210340960825e-09
26126,3.041060183412623e-10
26127,1.4451075026471964e-08
26128,4.75563995392707e-09
26129,1.439671380027615e-08
26130,-5.4629490797567465e-09
26131,-3.13242797346587e-09
26132,3.1870044465809114e-09
26133,-1.2418217103164732e-08
26134,-1.657023843112693e-09
26135,7.122986985088706e-10
26136,2.5719863298519826e-10
26137,-3.6169165009141563e-09
26138,-4.214661643733861e-09
26139,-4.390586367919256e-09
26140,-1.003850030437726e-08
26141,2.313060830731563e-09
26142,-1.175015379182128e-09
26143,2.0606727522218155e-09
26144,1.2589952638419387e-09
26145,-3.237097087959779e-09
26146,7.229177897271872e-09
26147,7.003802640525009e-10
26148,-1.1316594342534331e-08
26149,-8.620172134843962e-09
26150,-3.829305143120921e-09
26151,-2.8998272129871356e-08
26152,-2.678377383708555e-09
26153,-1.0175080227369814e-08
26154,6.346016654925743e-09
26155,2.9960469084041385e-09
26156,-2.5733087638215272e-09
26157,-5.736949864216545e-09
26158,5.445122851838054e-09
26159,1.853914405452277e-09
26160,-1.8579390127607019e-09
26161,5.102758798009525e-09
26162,-1.41200043389295e-09
26163,1.815130391720895e-09
26164,-1.3955525689947163e-09
26165,5.55138759120452e-09
26166,3.4344174410971405e-09
26167,-8.775173229515726e-09
26168,-4.734494683977159e-09
26169,-2.5790332114333485e-10
26170,7.619100369758832e-10
26171,5.819186681572534e-09
26172,3.0829032956564986e-09
26173,-3.658005033137375e-09
26174,3.014899043851803e-09
26175,-3.2638593536438515e-09
26176,8.072034637518638e-09
26177,1.2221126751182422e-09
26178,9.37990234756887e-10
26179,-1.1835480286787198e-10
26180,-4.032395859863458e-09
26181,-1.1277746413471767e-08
26182,6.606198760270229e-09
26183,-3.627997039009523e-09
26184,-5.591477422843076e-09
26185,1.9474624621209143e-09
26186,-1.3282061214344343e-08
26187,-5.0114660188919224e-09
26188,3.0216608034340713e-09
26189,1.4371218489677797e-08
26190,2.5650254817471902e-09
26191,4.816282950191298e-09
26192,-3.1935396870812297e-09
26193,-1.5697656360473634e-09
26194,2.1765940749401778e-11
26195,-2.2456569330097281e-10
26196,-1.0011725447421908e-09
26197,-5.681457424432709e-09
26198,6.982796422703874e-10
26199,2.5418483532110847e-09
26200,4.292885685525483e-09
26201,-1.51683577556048e-09
26202,-1.9370622930853063e-09
26203,5.565264303349164e-09
26204,1.3497312797678203e-09
26205,-4.254755181085297e-09
26206,2.3078105847162696e-08
26207,6.790700039784118e-09
26208,4.598972108358795e-09
26209,-1.286812196183994e-09
26210,-1.3326777650737076e-08
26211,-9.201304237414466e-09
26212,-4.916469196903256e-09
26213,-2.6085394532888767e-09
26214,1.2329698597722922e-09
26215,1.1766641214381818e-09
26216,2.792656059820581e-09
26217,5.51947933128511e-09
26218,7.51293607803817e-09
26219,2.2625534213669405e-08
26220,-1.0380040177396261e-08
26221,-1.2575779896811658e-08
26222,1.6082888954076087e-10
26223,-9.444738542735483e-09
26224,7.227257396994279e-11
26225,-5.908501144796825e-09
26226,3.225637796155876e-09
26227,-6.418865877178828e-09
26228,-2.4874333424210273e-09
26229,3.015820043171011e-09
26230,4.4304020991064065e-09
26231,1.7801328126421319e-10
26232,-9.08328753229866e-09
26233,-6.819414217239911e-09
26234,-2.2690617473973434e-09
26235,3.4264256101445525e-09
26236,-1.2710762829071495e-09
26237,-1.918669364534395e-08
26238,-1.2528810087715944e-08
26239,5.153560679967997e-09
26240,8.176131683845094e-09
26241,-2.100278763153825e-08
26242,-4.429403486120106e-09
26243,-1.4050960650251313e-08
26244,1.5882818983218913e-08
26245,-1.0984734361191379e-08
26246,-2.2947114231859403e-10
26247,-3.0667696923448654e-09
26248,-8.633471055414143e-09
26249,-2.5181948850571575e-09
26250,-1.4703787289472468e-09
26251,-7.704441096635116e-09
26252,4.590897875339013e-09
26253,-1.2408069938299276e-08
26254,7.3338422895476654e-09
26255,-3.3561162924490977e-09
26256,-7.443978782639134e-09
26257,-1.5296195103398757e-08
26258,1.8746908164091116e-09
26259,1.5560377613529597e-08
26260,6.84518701633452e-09
26261,-1.944375885727695e-09
26262,-6.937311729890189e-09
26263,1.2427155213317892e-08
26264,-7.548043680829288e-10
26265,3.319799543569525e-09
26266,-2.0164789087420026e-09
26267,3.2267409618578003e-10
26268,-1.0031643447524013e-08
26269,-1.5008489886644198e-09
26270,-7.994338756963014e-09
26271,-5.634825589694055e-09
26272,-6.011260697485509e-09
26273,-7.906971648123102e-09
26274,2.0673876459466e-09
26275,1.1020576439489052e-08
26276,3.302890678925352e-09
26277,-5.171592698575649e-09
26278,2.6839974995047474e-09
26279,7.067057100720097e-09
26280,-1.1499512641612564e-08
26281,6.013492699805299e-10
26282,1.605047994915301e-08
26283,8.689935361383402e-09
26284,1.727453450919781e-08
26285,-5.112085839641635e-09
26286,2.5828140345976682e-08
26287,-1.8596434834195332e-08
26288,-7.968095143821184e-09
26289,-6.1551502874040165e-09
26290,7.023080052365302e-09
26291,4.6434999897570137e-10
26292,6.416640382389098e-09
26293,-1.5219436801575736e-09
26294,-1.7045231757793635e-08
26295,1.2435206556303031e-08
26296,1.661859281807964e-09
26297,4.191684109333816e-12
26298,2.390119920265568e-08
26299,1.4564605278655918e-09
26300,5.4355139154141505e-09
26301,-1.2290375658317856e-08
26302,-1.874031415011617e-09
26303,-1.7739782122686395e-08
26304,6.870562060834334e-09
26305,5.630078071892381e-09
26306,1.4891913141224752e-09
26307,-1.6260857907656667e-09
26308,5.803148191785055e-09
26309,-4.685256166381141e-09
26310,-4.872408574066268e-10
26311,4.401981564835068e-09
26312,-1.750232140804368e-08
26313,-1.3915572383677102e-09
26314,4.094170104330694e-09
26315,2.7885611109266837e-09
26316,8.28513854699954e-09
26317,-1.5624521577167647e-08
26318,-1.302609318774842e-08
26319,-3.1989515997801227e-09
26320,3.093161711539573e-09
26321,-5.956436231283192e-09
26322,-1.3314798180407093e-08
26323,-2.42697162603688e-09
26324,3.598274793809856e-09
26325,8.218706867283102e-10
26326,-1.5949826970096782e-09
26327,-5.3252817251734786e-09
26328,-5.374157586857166e-09
26329,-2.8810113331456786e-11
26330,-2.323332390617576e-09
26331,1.1330085791846835e-09
26332,-1.2807152085091904e-10
26333,-1.2064707018870572e-08
26334,-6.0665132611118085e-09
26335,2.4572826220171347e-08
26336,1.1970494427547326e-08
26337,-2.1141852077142767e-09
26338,8.395421206450327e-10
26339,1.4858186357130282e-08
26340,-5.276679238763775e-09
26341,-8.628674847700508e-09
26342,-8.153914337991731e-09
26343,-9.441002865445229e-09
26344,-8.520330530607157e-09
26345,8.734019163813613e-09
26346,-5.248226288282264e-09
26347,1.3912873057364085e-08
26348,1.6060390998475968e-08
26349,-1.6043165923993474e-10
26350,-9.696447959750076e-09
26351,-1.256391664620957e-08
26352,-2.3867951867779408e-09
26353,-5.297263207460998e-09
26354,1.572902118114099e-09
26355,-2.455030897000382e-10
26356,7.451100191757839e-09
26357,-2.3775012846206703e-08
26358,-2.4419164972122205e-09
26359,2.071208673477219e-09
26360,9.284179160267386e-10
26361,-7.860526221292749e-09
26362,-1.5903666895956036e-08
26363,1.5582409807029919e-09
26364,-4.357485041603444e-09
26365,-4.155723156667226e-09
26366,-1.717354473748272e-10
26367,-1.3925587579757568e-08
26368,7.494089906148538e-10
26369,9.346689531791439e-09
26370,-4.1186946681778827e-10
26371,-5.862211094118914e-09
26372,-1.867035076818754e-08
26373,-5.158322037638601e-11
26374,1.6662886809576627e-09
26375,-5.859084490269259e-09
26376,-6.043482911794778e-10
26377,-1.5013819187343222e-10
26378,1.4088466563582669e-08
26379,8.28700782482747e-10
26380,1.0781327750781904e-08
26381,-1.3299350933306806e-08
26382,-5.50844978052544e-09
26383,1.1201798534449082e-08
26384,5.624856344915267e-10
26385,-3.672367094247975e-09
26386,-1.9863545664647589e-10
26387,7.388522525289108e-09
26388,-6.234634823069326e-09
26389,-1.4173304685110759e-08
26390,-1.0546992130138188e-08
26391,5.192934385861051e-09
26392,-9.980362399755173e-09
26393,1.4130189479303728e-09
26394,1.2636717092658785e-08
26395,-7.4099330260015854e-09
26396,-3.4237080430179572e-09
26397,6.8974558743261785e-09
26398,1.1598979246905495e-08
26399,9.940367564008412e-09
26400,1.1223270528505273e-10
26401,8.380955176362063e-09
26402,4.995905472908126e-09
26403,8.486007327257589e-10
26404,-2.363610486573588e-10
26405,1.6909667354841206e-08
26406,2.4939092933134267e-09
26407,-1.9595993789849736e-09
26408,-7.817558898694377e-10
26409,-6.054572047460602e-09
26410,-3.8720744563371395e-09
26411,3.0004100943445045e-09
26412,-1.837959347373136e-08
26413,3.0984698718759646e-08
26414,-1.304646360794029e-09
26415,-1.4021280308980043e-09
26416,-5.212058836867113e-10
26417,-1.537268921225711e-08
26418,-1.8519886605502405e-08
26419,-3.399669834731165e-09
26420,-7.269099360799668e-09
26421,8.653335073669135e-09
26422,-9.474326842833135e-10
26423,-3.6904218021072347e-09
26424,8.644279117611803e-09
26425,-3.233471393264225e-09
26426,1.1381273804368669e-08
26427,5.781843887238804e-10
26428,9.662490714613638e-09
26429,-2.239241451669663e-08
26430,-5.882970912728506e-09
26431,-2.9893121036403658e-09
26432,3.1956898935556215e-08
26433,-3.1620450622662616e-09
26434,-6.6766722924197654e-09
26435,-5.443918731072205e-10
26436,2.2538956436073204e-09
26437,2.0582163591478851e-10
26438,-9.62539255316617e-10
26439,3.3905086976768758e-09
26440,-5.9659905419656185e-09
26441,-1.7250097057402355e-09
26442,3.218266699247074e-08
26443,1.4100826690383527e-08
26444,-1.4381876232198026e-08
26445,-1.5053340837553605e-09
26446,-3.146018912828013e-09
26447,-5.13314274343868e-09
26448,2.0636957740256445e-08
26449,-1.2680662683436638e-09
26450,-2.457428585937875e-09
26451,-6.48793580161813e-09
26452,-2.043332427359941e-08
26453,-1.9719215688636699e-10
26454,4.485766750176751e-09
26455,-6.236711984855589e-09
26456,-1.5791809950347833e-09
26457,1.993007385405259e-09
26458,1.5010127071715994e-08
26459,-9.651007359761699e-10
26460,-8.251851449642264e-09
26461,3.0839972800867323e-09
26462,-2.2695011841460773e-09
26463,-1.1368131027164052e-09
26464,-4.324102786040191e-09
26465,8.022336642696435e-10
26466,5.87720449014159e-09
26467,-7.383676627903973e-09
26468,-1.6430985165998252e-10
26469,-6.701441476915088e-09
26470,2.1904598033466018e-10
26471,1.6348506181526785e-10
26472,3.0393827446649005e-09
26473,4.124704164047282e-09
26474,1.7343164206856362e-09
26475,-1.436669381023307e-09
26476,-3.3283292600896e-09
26477,-4.9108915065960195e-09
26478,7.214089692553145e-09
26479,6.909859001880287e-10
26480,1.8645936673668005e-09
26481,1.1274702864767926e-08
26482,-4.826508317611537e-10
26483,-2.668487635390826e-09
26484,1.874414403710321e-09
26485,1.9732855303356654e-10
26486,5.740955346212674e-09
26487,-4.705801297438687e-10
26488,-3.4251041111604657e-09
26489,2.3709879092334595e-09
26490,6.6244495676021285e-09
26491,1.0412680279854446e-08
26492,-6.653356614261424e-09
26493,-1.1518423016321104e-11
26494,2.2474325528632085e-08
26495,-3.1369615296881495e-09
26496,4.645516918887067e-09
26497,3.0432584962834263e-09
26498,1.395631495621358e-08
26499,-1.4963525963033953e-09
26500,2.5304940817873164e-10
26501,2.9442320469838895e-09
26502,1.52241417554434e-08
26503,-1.3707663644604465e-08
26504,4.869629485260643e-09
26505,-1.0149035983230627e-09
26506,-7.199360039912285e-09
26507,-2.989295032634263e-09
26508,1.0676137093523541e-08
26509,2.2629415562985557e-09
26510,-1.7075791363185188e-09
26511,-5.441012244789559e-09
26512,-3.043350062133897e-09
26513,3.287727207669437e-10
26514,-2.290843111718694e-09
26515,1.4447210727181334e-09
26516,-3.1577001995394635e-09
26517,-1.272770229675004e-08
26518,-1.670799601948131e-09
26519,-7.842086906627892e-09
26520,-7.508515255965411e-09
26521,1.1564461748275607e-08
26522,-7.474045039860028e-09
26523,-7.782637060427503e-10
26524,5.445685660890727e-09
26525,-3.3551553283583045e-09
26526,-2.057202925954376e-08
26527,1.341546371209855e-09
26528,-2.2052054115094372e-08
26529,-6.654744342324035e-11
26530,-7.94590408235519e-09
26531,1.0603325080335985e-08
26532,1.2815714352702883e-09
26533,-2.6051839813999224e-09
26534,-3.221558586896178e-09
26535,3.4056230585156315e-09
26536,-5.770982043876988e-10
26537,1.1825001109357382e-08
26538,-5.1608242645868264e-09
26539,2.3531423026413055e-09
26540,1.04588565501891e-08
26541,-1.0272123070173831e-09
26542,1.1001897075553663e-08
26543,2.5108075575867215e-09
26544,-2.756205738578617e-09
26545,-1.9031037359570385e-08
26546,5.069350934937935e-09
26547,1.2970765056404242e-08
26548,-1.0581530405176335e-09
26549,-4.873456005299514e-09
26550,1.1269973842830101e-08
26551,-5.158824989829759e-09
26552,2.2863662271305987e-09
26553,4.702912607381976e-09
26554,-1.0062011065299942e-10
26555,-9.128250447700046e-10
26556,-2.899074583904568e-09
26557,5.508016708441472e-09
26558,-1.5901224644811659e-09
26559,-5.4201260348486985e-09
26560,2.5740951824173175e-09
26561,3.6933985504778135e-09
26562,4.12267819196225e-09
26563,-2.770134685085237e-09
26564,2.644774546357121e-09
26565,6.26873426079707e-10
26566,3.345417320832985e-09
26567,1.990600125638136e-08
26568,3.419587367013921e-08
26569,-2.4685651771918313e-09
26570,3.3238440644770695e-08
26571,3.878127687009351e-09
26572,-3.246682749596807e-10
26573,-3.206551093432144e-10
26574,8.707423044305818e-10
26575,-1.0131730608439057e-08
26576,1.2129196243137655e-09
26577,9.0301843931318e-09
26578,-6.041443705224451e-09
26579,-5.079686554876229e-09
26580,2.981910840234196e-09
26581,1.684694376897767e-10
26582,-1.263819602191559e-10
26583,-2.8024101404046214e-09
26584,2.816143853275074e-09
26585,3.2887578512966675e-09
26586,8.832047338106041e-11
26587,-1.0487217388495211e-08
26588,-3.790479311008161e-09
26589,2.4218240623425377e-08
26590,2.8756403349787314e-08
26591,1.017049839016044e-08
26592,-2.39914155362084e-08
26593,9.098777978529958e-09
26594,-1.747689129196892e-09
26595,-3.1670456500935144e-09
26596,-3.1920790032680443e-09
26597,3.000472296902727e-09
26598,-1.6587336751969774e-08
26599,4.831044232693617e-09
26600,-6.366255855616681e-09
26601,-5.2369306035997116e-09
26602,4.491018853128637e-09
26603,-1.4112105494851234e-09
26604,-8.286288411680093e-09
26605,-4.0493568664773096e-09
26606,-8.198521445918022e-09
26607,-1.2549655350633719e-09
26608,-1.0594777184169189e-08
26609,1.399935529333511e-09
26610,-9.710035874759362e-10
26611,-2.4486902405945394e-09
26612,5.080224622329867e-09
26613,4.524743992418703e-09
26614,-1.976381617825952e-09
26615,1.5804243286099902e-08
26616,-6.226138280475132e-09
26617,-8.664373551016874e-10
26618,3.6364777023559104e-10
26619,1.21258239268517e-08
26620,-4.4280736404782565e-09
26621,-1.4904935790897776e-09
26622,2.358635091398141e-09
26623,-1.963316848232386e-09
26624,-3.060598479190392e-09
26625,3.561147101896454e-09
26626,2.7717716282481947e-08
26627,-9.995652242637094e-10
26628,-6.727816423632862e-09
26629,8.01357989922214e-09
26630,1.0451373387152742e-08
26631,-6.501161134002388e-10
26632,-7.730335367960242e-09
26633,1.8078222860358734e-08
26634,6.902308317924108e-10
26635,-6.660402691115816e-10
26636,-4.469409595710013e-09
26637,-1.3382440566076711e-09
26638,2.0600665798224854e-08
26639,9.742859706972519e-09
26640,1.5216884906798956e-08
26641,-1.8041678720404964e-09
26642,-8.999984212209569e-09
26643,-2.251932800170008e-09
26644,-3.825859525724894e-09
26645,-3.293451723576746e-09
26646,-1.686401506098679e-08
26647,-1.955620162406581e-09
26648,-5.735248659613275e-09
26649,1.875963966642821e-09
26650,-2.902352214860689e-09
26651,-2.438070024214912e-09
26652,-7.3003883972831e-11
26653,7.381677128319906e-09
26654,-6.536889779161707e-09
26655,-1.0443100490079803e-08
26656,2.258639525524333e-09
26657,-2.798483730671646e-10
26658,-4.409234828370431e-09
26659,-2.317567424303514e-09
26660,1.104534521949124e-08
26661,2.570172218876208e-09
26662,1.583936751176218e-08
26663,1.151340109294332e-08
26664,9.576872609214474e-09
26665,-5.080545894490879e-10
26666,8.370605630234579e-09
26667,-4.787284516461164e-09
26668,-2.660892325627815e-09
26669,1.1064611163500932e-08
26670,-1.2629299097916155e-09
26671,-3.818626555508094e-09
26672,-2.9729993926693693e-09
26673,-6.7199362380473315e-09
26674,-1.930520132707954e-09
26675,-6.1016265711832955e-09
26676,-4.285175251987072e-09
26677,-4.725866972440626e-10
26678,-1.042429134363363e-09
26679,-1.6249875672113516e-08
26680,1.2148917407644034e-10
26681,-1.58530631787586e-09
26682,-9.285262892717837e-10
26683,-1.5069450116417512e-09
26684,1.2523095928235047e-09
26685,9.459956005533483e-10
26686,-8.090988417581407e-09
26687,-5.851796209705023e-09
26688,1.075327279582295e-09
26689,-2.6934769259854996e-09
26690,-2.312023267070902e-09
26691,8.920955946236897e-10
26692,3.3884577184945924e-09
26693,-3.5133786328055205e-08
26694,-1.1200824486571961e-08
26695,-7.596594277436342e-09
26696,3.4011098864875006e-10
26697,-6.024740872053704e-10
26698,1.121656392766466e-08
26699,-8.561573658872764e-09
26700,-8.805218453993178e-10
26701,-7.785903953075368e-10
26702,-7.140473349571358e-10
26703,-1.6469895132591106e-09
26704,1.708272650372379e-08
26705,-4.603966925993559e-09
26706,-1.4218646291467062e-08
26707,1.1420737734233663e-08
26708,-2.2346148126611032e-08
26709,-1.3509524843752028e-08
26710,-7.804703251258315e-09
26711,-1.0345405350734803e-08
26712,1.7204829034963352e-08
26713,-1.7315456862918663e-09
26714,-3.1319895650755424e-09
26715,-3.4008896837384015e-09
26716,6.534612868461859e-09
26717,-7.628778848383016e-10
26718,3.4915781883925834e-09
26719,-1.745924009114763e-09
26720,-7.629775332827591e-09
26721,-6.342874002947614e-09
26722,1.7404602169421328e-08
26723,2.845350940773015e-09
26724,-6.539115381015191e-10
26725,-8.067736631999432e-10
26726,-1.5479559496990403e-09
26727,-8.330242708625e-09
26728,-9.965283182925417e-10
26729,-2.7188497375396838e-08
26730,-5.464086951553069e-09
26731,-5.239545070758344e-09
26732,2.827794919453354e-10
26733,3.1410029342771692e-09
26734,1.675938336645007e-08
26735,-3.0558958004837436e-09
26736,-2.7046186079893447e-09
26737,-4.99666364267959e-09
26738,3.782158523381608e-09
26739,-3.6620852425776205e-09
26740,3.165676952000166e-09
26741,-3.309969639558071e-08
26742,-1.290010506883435e-10
26743,1.6377837814316515e-09
26744,2.538747069335777e-09
26745,-2.141136239188472e-09
26746,-2.56737189435437e-10
26747,-2.118166774560725e-09
26748,-2.626708400836099e-09
26749,9.748256732414578e-09
26750,4.376933152024857e-08
26751,5.4533633836810055e-09
26752,3.3378307589532955e-10
26753,-9.979594400203736e-10
26754,-2.6872736511473808e-08
26755,7.132718799588302e-10
26756,-9.649667017450894e-09
26757,-6.036860396637358e-09
26758,-1.7322610625113116e-09
26759,2.267115951342434e-09
26760,-1.1299940910883283e-08
26761,6.069012147014565e-09
26762,-1.9378441037041893e-09
26763,-1.1793479978549979e-09
26764,1.152039332573756e-08
26765,3.8832027914945956e-10
26766,1.7864869391239542e-09
26767,-1.8167807582861877e-09
26768,-7.405748340861388e-10
26769,2.1514052127495158e-09
26770,1.858604958780476e-08
26771,-4.197585337793246e-09
26772,-1.931500549219234e-09
26773,-1.2356320598206477e-08
26774,1.9922870961966322e-08
26775,-3.128066670982636e-09
26776,-1.1743505131637778e-09
26777,-1.4043670319141653e-08
26778,-7.677345113525307e-10
26779,2.158062235049332e-09
26780,5.764609547923414e-09
26781,1.5269401065825393e-09
26782,-4.16568714189331e-09
26783,-8.37270105351563e-09
26784,-1.087516370445388e-08
26785,2.027769156373507e-09
26786,8.73344978724756e-10
26787,4.782815629999559e-09
26788,4.956498628525206e-09
26789,-3.440352353959047e-10
26790,-6.276197651902448e-09
26791,-2.422332736396695e-09
26792,-1.2282764273596985e-08
26793,-1.5269572333889763e-08
26794,-8.512046807701854e-09
26795,-1.4187641473997213e-08
26796,1.5819652564107095e-08
26797,-1.268537964044274e-09
26798,8.451544440995576e-10
26799,-7.088143177621285e-09
26800,-3.0209984036342765e-09
26801,5.628833965724771e-09
26802,8.962125187943535e-10
26803,-9.112939975996575e-09
26804,-4.970119342099382e-10
26805,-1.0887802523847726e-09
26806,-4.740902214511941e-09
26807,1.4133901854368032e-09
26808,1.7395852123293118e-09
26809,4.618204280627246e-10
26810,5.631978693900888e-09
26811,2.7039804570444328e-09
26812,8.990961735658534e-09
26813,2.5503462811197394e-08
26814,1.4590413999157434e-09
26815,-2.6392059861347353e-09
26816,-2.600540456072313e-09
26817,-7.038523421833968e-09
26818,2.0392776691640932e-09
26819,7.200678580122581e-10
26820,1.0076698928132725e-08
26821,-5.539007590314389e-09
26822,1.198744237837111e-09
26823,4.1543203092423775e-09
26824,1.0917700857352303e-08
26825,-1.3694877312633182e-08
26826,5.238857963438038e-09
26827,3.979299452303236e-09
26828,1.2784705451443514e-08
26829,2.905514777679526e-08
26830,-1.208816510815645e-10
26831,-3.4947249633676432e-09
26832,1.55554537463526e-09
26833,4.7241578790577784e-09
26834,-1.4739090298988705e-10
26835,2.218186951289484e-09
26836,-8.746946242560148e-09
26837,-4.5136835075201073e-10
26838,-2.836679159739876e-09
26839,-1.9281972285974502e-09
26840,-7.740030996259051e-09
26841,-4.648726558005082e-09
26842,6.621832119692562e-09
26843,2.1192358790534135e-09
26844,3.6566400303608404e-09
26845,-5.721266087231104e-09
26846,-3.336611551700847e-09
26847,2.414073722581249e-09
26848,1.4892467762914115e-09
26849,-3.9039239669927146e-09
26850,-4.25998156466995e-10
26851,-1.7824646926248146e-09
26852,2.1261443665495696e-09
26853,-1.2203748899571364e-09
26854,-9.080461101377694e-10
26855,-5.713139507894558e-09
26856,-1.1097568543694175e-09
26857,-5.257969080417372e-10
26858,1.456317725216813e-09
26859,-1.98623918321472e-09
26860,4.372241614882692e-09
26861,1.3520706143474643e-09
26862,-2.6885633271243176e-09
26863,-6.504947476110451e-10
26864,-3.865092494524913e-09
26865,-2.5350415872867506e-09
26866,-7.533000199215554e-09
26867,1.3211693960137382e-09
26868,-8.658699043008571e-09
26869,-1.6980256999034985e-09
26870,-1.709255027378857e-10
26871,-6.41116984139788e-09
26872,9.518559989856516e-10
26873,-5.421662650958289e-10
26874,4.536121966317919e-09
26875,-2.0687734234135664e-09
26876,-1.5403090134863867e-09
26877,-7.849352432294838e-09
26878,-2.762563075949753e-09
26879,3.0417415372995693e-09
26880,-8.294708593171845e-09
26881,1.8736461674606334e-10
26882,9.334000700182964e-09
26883,-6.326849330406063e-09
26884,9.205804174802807e-09
26885,5.389611567034537e-09
26886,-4.652725792225345e-09
26887,-6.8977569437089575e-09
26888,1.8638404211635675e-09
26889,-4.1972236519919754e-09
26890,8.061618969315756e-09
26891,4.211746594656078e-09
26892,9.982728663951778e-10
26893,4.2221926203453615e-09
26894,-4.66061516909091e-09
26895,4.936525313880046e-09
26896,-2.3852311310142656e-09
26897,2.3689300387201323e-08
26898,2.1604378302210583e-08
26899,8.91416731255563e-09
26900,-2.9488837746600877e-08
26901,-9.024728422175385e-09
26902,6.8276406450246985e-09
26903,-6.682116760000645e-10
26904,3.642739917455802e-09
26905,-1.0968069342126494e-08
26906,1.0067413114040688e-09
26907,-2.5737338998389438e-09
26908,1.4157783339943982e-09
26909,4.141443471227838e-09
26910,-5.328949300427189e-09
26911,4.859451913539251e-09
26912,-2.8974943556501703e-09
26913,-6.1209880849694866e-09
26914,-5.14708655185533e-10
26915,8.740993668099931e-10
26916,-1.8347035530140693e-09
26917,-2.841334292777066e-10
26918,-2.1193995010402613e-08
26919,-3.174304032734306e-08
26920,3.802272336663787e-10
26921,2.619711316264439e-10
26922,-4.5979593151268275e-09
26923,-1.3837545732650715e-09
26924,-8.638216363758252e-09
26925,4.875618402389686e-09
26926,1.2492529300428836e-08
26927,-1.0610470172230824e-08
26928,-9.65829719281586e-09
26929,-2.6736334198595314e-09
26930,-1.626347013868803e-08
26931,2.1196226579656192e-09
26932,-2.9077456362000535e-09
26933,-1.0481675605464246e-08
26934,-6.783838467233021e-09
26935,-1.1763856235220706e-09
26936,9.663289555444226e-09
26937,-1.9641391130183706e-09
26938,-4.583225045076294e-09
26939,-1.4360405183889277e-08
26940,-1.1614129837434316e-09
26941,-1.878945078090737e-09
26942,9.184281495447949e-09
26943,2.9187987398650977e-10
26944,5.038381475962538e-09
26945,1.173227291797508e-09
26946,2.042394842630421e-08
26947,-9.540633421107606e-09
26948,3.34959476206321e-10
26949,-1.23322189508008e-09
26950,1.5755761939773905e-09
26951,-3.299780481440122e-10
26952,1.3688774373886896e-08
26953,-3.526692614593378e-09
26954,6.463473002550491e-09
26955,2.1781708906717823e-08
26956,-1.0051880268217193e-08
26957,2.46829743430259e-08
26958,-7.134804332734218e-09
26959,-1.1707113824207399e-09
26960,4.599490581237073e-09
26961,-3.728439920134018e-10
26962,-7.514905457175248e-09
26963,-1.0327708314246447e-08
26964,-4.811924303539889e-09
26965,-2.431364198564422e-09
26966,-8.306796923220453e-09
26967,1.077392845151872e-09
26968,-4.7246597186988545e-09
26969,-6.072659724017809e-10
26970,9.543654102302585e-10
26971,6.040703148367425e-09
26972,-3.6840120200028764e-09
26973,8.630433229249716e-09
26974,5.79022578381951e-10
26975,7.880032939629168e-09
26976,8.194370595700639e-09
26977,-1.2691510829843532e-08
26978,-2.2358046949907778e-09
26979,1.1390283497515276e-09
26980,-1.2833847141598047e-09
26981,-1.2016727715388794e-08
26982,-1.6319876699127083e-09
26983,-3.8652628945115735e-09
26984,-2.2137598912489986e-09
26985,2.606040070321509e-09
26986,-1.5338874130774802e-09
26987,-1.7267971724249473e-08
26988,1.4787790571591471e-09
26989,2.817699870989197e-09
26990,-8.841240594034638e-09
26991,-2.8967037091143376e-09
26992,-9.488643328180178e-10
26993,1.8278964121836524e-09
26994,5.629422841374524e-09
26995,4.4433957894673514e-10
26996,-9.651248277287883e-09
26997,3.172744402083559e-09
26998,-6.171535132734433e-09
26999,-1.5789953915244593e-09
27000,7.473767249905579e-10
27001,-4.6197667048547655e-09
27002,-1.9255602962887001e-10
27003,-3.466557734351892e-09
27004,-3.810396471623615e-10
27005,1.5947274555504584e-09
27006,-3.1902600832713706e-08
27007,7.844601260495438e-11
27008,4.593562376312145e-09
27009,-6.5500345507365474e-09
27010,-6.519240530595493e-09
27011,5.791621542203185e-09
27012,7.919734010213864e-10
27013,1.5219653482187122e-08
27014,2.3985194747241833e-08
27015,4.277665320442703e-10
27016,-6.501167213547937e-09
27017,-2.392508007302659e-09
27018,1.0998593097113562e-08
27019,-9.027787650303305e-11
27020,-1.3334964873090331e-08
27021,-5.774838648301205e-09
27022,-2.0581573048586652e-08
27023,-5.07403522345431e-11
27024,-2.4244838947846207e-09
27025,-3.6909892649655593e-09
27026,-1.7943648553824636e-08
27027,-1.2949551231028914e-09
27028,-1.3825261659178863e-09
27029,3.2111568218162734e-09
27030,8.99413257784262e-09
27031,-1.0070375484226287e-09
27032,8.785483345165586e-10
27033,-6.77886667966566e-09
27034,-7.466165392195053e-09
27035,9.532840944052235e-09
27036,-1.5781849397196166e-08
27037,-1.3565724523584807e-10
27038,-2.062224443778752e-09
27039,-4.988769936294442e-10
27040,-9.553368214261576e-09
27041,-6.685496206689083e-09
27042,2.4548173678691055e-09
27043,4.250535561187354e-09
27044,-2.8046335243620907e-09
27045,-6.513113430759232e-09
27046,8.269762789874903e-10
27047,-9.946199606857279e-09
27048,1.907127791688177e-08
27049,-3.983298881392011e-09
27050,-5.6148174859428255e-09
27051,-2.728155108413499e-09
27052,-3.932782229615356e-09
27053,-1.9310972067473565e-09
27054,-3.28820523651815e-10
27055,-8.698867113185811e-10
27056,-1.7438688924047231e-09
27057,1.2356030229656746e-08
27058,-4.715618413967985e-09
27059,-6.8857211301236415e-09
27060,1.467523342865829e-08
27061,1.4294647509084232e-08
27062,1.234997710024052e-08
27063,-3.652642130998196e-09
27064,2.2276111806810383e-08
27065,8.642912309215877e-09
27066,-2.6592096162982554e-09
27067,-2.0599172635753375e-09
27068,-2.381810304602904e-09
27069,6.798411188555792e-09
27070,-3.35843522756116e-09
27071,-1.2587258589121115e-09
27072,3.4644576299979306e-09
27073,-1.3047593574085995e-09
27074,6.8465502722914055e-09
27075,1.850556459113847e-08
27076,7.2972263988345175e-09
27077,-8.089882343339086e-09
27078,-1.1201056276640838e-08
27079,-5.601201328237348e-10
27080,-2.8576494800951697e-09
27081,-2.1761843788826944e-09
27082,8.20950919892372e-09
27083,-7.10875025069209e-09
27084,-2.8131660412372664e-09
27085,5.206726070704673e-10
27086,-4.8069844555915164e-09
27087,-2.3666898719789046e-09
27088,1.1003182587474892e-08
27089,-1.35345404310464e-08
27090,-2.5360341562367855e-09
27091,-3.0014809107967565e-09
27092,1.3031647283947543e-09
27093,-4.270920525941395e-09
27094,3.2132417309237217e-09
27095,-3.2072348033977384e-09
27096,-9.047907492546902e-09
27097,-2.06340513218207e-09
27098,-7.441301009517373e-09
27099,-3.5522056036532787e-09
27100,1.1503648481906978e-08
27101,-2.4042079381472484e-10
27102,-5.705222299133343e-09
27103,-8.934440075512139e-09
27104,-1.2239279919413932e-09
27105,-1.1072376621856971e-08
27106,-1.0304528027348326e-09
27107,-1.2054964795371425e-09
27108,-1.3859183210724257e-08
27109,-6.723986833730189e-09
27110,-5.848602954017714e-09
27111,-2.3900800636968177e-09
27112,2.62261670202896e-10
27113,-8.983930965929024e-09
27114,3.3749787047582074e-09
27115,-7.96044079062828e-09
27116,2.8825879068738447e-09
27117,8.145477825089876e-09
27118,-7.606973774298343e-09
27119,3.6783039454273696e-09
27120,3.42572298558992e-09
27121,-4.665787517353029e-09
27122,-2.9483247126498356e-09
27123,4.849678429272253e-09
27124,2.2054932445492195e-09
27125,-2.5712064044526325e-09
27126,1.5045779625301427e-08
27127,1.6102372890718824e-09
27128,-2.6893542725083522e-09
27129,-2.101708537159161e-09
27130,-1.7482534986795285e-08
27131,-1.2185745089108584e-09
27132,-6.04275117704748e-10
27133,-2.2229549907139886e-09
27134,-7.945299034237297e-09
27135,-1.3701715602210594e-09
27136,9.400245530729806e-09
27137,-3.204994773821763e-09
27138,-8.848265695218434e-09
27139,-2.18579297640761e-09
27140,-1.5379436441582378e-08
27141,-2.863315883970296e-09
27142,4.421264729296696e-10
27143,1.0689506519214104e-08
27144,3.379481054475868e-11
27145,-7.911148208262173e-09
27146,1.6563480798533715e-08
27147,-4.3977245172797755e-09
27148,-1.557733367464457e-09
27149,-2.0758183382801312e-08
27150,1.774126032272945e-09
27151,-3.3643310724823034e-09
27152,1.194448569337635e-09
27153,-4.282618654380415e-09
27154,6.6123841195003585e-09
27155,6.188106344837397e-09
27156,-3.5923691133236498e-09
27157,-5.76775951609429e-09
27158,-9.62475715088686e-10
27159,-1.0279155861957794e-08
27160,-2.193033278378054e-09
27161,-2.245027686452332e-09
27162,-8.602655657799454e-09
27163,-1.205997777956517e-08
27164,1.1817210111430407e-08
27165,-2.7835236158549974e-09
27166,4.050109685590531e-09
27167,4.799121522863176e-09
27168,1.504119599467107e-10
27169,6.442549073610183e-09
27170,1.3267152800018055e-10
27171,-1.3541816316028963e-08
27172,-2.580091613192555e-09
27173,5.677293399165201e-10
27174,3.5549284187014135e-09
27175,8.303532372572884e-10
27176,-2.5149477851021025e-09
27177,-8.067046758103317e-10
27178,5.68135659149711e-09
27179,4.2471338064580786e-10
27180,1.5889093028128552e-08
27181,3.8028848850820337e-10
27182,9.159339495208136e-09
27183,-3.864739646062793e-09
27184,-1.0801592166805942e-08
27185,-1.096558109510475e-08
27186,8.776724020245745e-09
27187,-2.1370490547461377e-09
27188,9.001665255195838e-09
27189,7.740247034716848e-09
27190,7.405808260300388e-09
27191,-1.5120154147858076e-08
27192,-3.2189397563441126e-09
27193,-1.3879734353553574e-09
27194,8.423971300389115e-09
27195,-2.098042609716373e-09
27196,2.192717090827807e-09
27197,-4.260333814859446e-09
27198,8.405329781125645e-09
27199,1.7362364236360622e-09
27200,-5.450561107762497e-09
27201,-8.020540047144924e-09
27202,-1.2868409604387983e-08
27203,-3.922132278718836e-09
27204,-1.3956926476576499e-08
27205,9.333955183307733e-09
27206,-4.067155880685218e-09
27207,-4.269330848362268e-09
27208,-8.815413431866729e-09
27209,-4.775283535171739e-09
27210,2.2452413247864195e-09
27211,-1.334042004839627e-08
27212,-8.370531479367898e-10
27213,-5.384250568563243e-09
27214,3.5096689183586705e-08
27215,-2.113984391606215e-09
27216,4.161666291230724e-09
27217,-1.14100285858245e-08
27218,3.715546023233327e-09
27219,-3.7100764331050488e-09
27220,-4.0433217402455084e-10
27221,-1.2090049578469085e-09
27222,4.391745914702114e-09
27223,-5.732883611398457e-09
27224,-4.153981959624399e-09
27225,1.1310783013794234e-08
27226,-2.9095205717392635e-08
27227,8.67262138682409e-10
27228,1.9123597961214193e-08
27229,-9.102192652388038e-09
27230,-2.2653668272085745e-09
27231,-7.714178662726842e-09
27232,-8.487862075336469e-09
27233,-8.039466227921888e-09
27234,-4.5261548941368884e-09
27235,5.039223724645855e-10
27236,-9.027615584957801e-09
27237,3.5967016408578517e-09
27238,-2.3487572646991956e-08
27239,-1.1068705039993557e-08
27240,-4.320286380043961e-09
27241,1.592257223554462e-08
27242,-1.0256496587175136e-08
27243,-5.094633618142032e-10
27244,5.263094469440737e-09
27245,-1.9044856460097944e-08
27246,-7.932238824411016e-09
27247,4.199249992267516e-09
27248,6.421392286397049e-09
27249,-1.3199354960256819e-08
27250,-2.2168627553125015e-09
27251,-3.7683564030760015e-09
27252,-5.447234586963212e-09
27253,-1.1218321321888933e-08
27254,1.0722320137197154e-08
27255,5.8313803453935196e-09
27256,3.816022492332365e-09
27257,-1.5399757608803178e-08
27258,1.5032232905623154e-09
27259,1.046993380490075e-08
27260,4.0723011916142945e-09
27261,4.87596441224705e-09
27262,2.8240443045765685e-09
27263,-2.46227761543318e-09
27264,1.4774913971428676e-09
27265,-1.045850651760759e-08
27266,-1.3936144477353005e-09
27267,-2.7424756379218897e-09
27268,1.0250858838476675e-09
27269,1.3230914015818696e-08
27270,1.0007689434117595e-08
27271,-6.042368910325383e-09
27272,9.956210191832695e-10
27273,-4.842990856241779e-09
27274,1.2830379882750076e-09
27275,-9.942876452227931e-09
27276,-3.183491024476981e-09
27277,2.4422505965534164e-09
27278,-8.510036530026807e-09
27279,8.001577165140047e-09
27280,4.61592657530683e-09
27281,4.520276211731921e-09
27282,4.028088508648777e-09
27283,-9.898274870577788e-09
27284,-2.5302856251326787e-09
27285,-3.195719213903844e-09
27286,2.971010204027523e-10
27287,-3.652526005100221e-09
27288,-6.426813361887579e-09
27289,-1.6089319054785412e-09
27290,1.2989745220837216e-08
27291,-2.8430982033256764e-09
27292,-5.443986277140747e-09
27293,9.283672572933192e-09
27294,3.2855548030233327e-09
27295,1.071066169177105e-09
27296,2.355998295976412e-08
27297,-5.322406492743815e-10
27298,9.990547282811949e-09
27299,-1.0299589000091153e-08
27300,8.047597503218218e-09
27301,-1.5136705977498599e-09
27302,1.1449203183906026e-09
27303,1.8927049324480474e-09
27304,-3.856244643730841e-09
27305,-1.132329493912891e-10
27306,-3.267279802444619e-09
27307,-3.875096601501358e-09
27308,3.3250501447351297e-09
27309,-8.15628457258223e-09
27310,-1.0056094918364884e-09
27311,1.4593958427181269e-08
27312,-4.3369553127823674e-09
27313,1.40105440011187e-10
27314,2.140936063224876e-09
27315,-3.0354250409433465e-09
27316,2.986202755470449e-09
27317,-3.900680898399501e-09
27318,-8.279901301599147e-09
27319,-4.505701079805988e-09
27320,-1.7524556552849573e-09
27321,1.47941783425285e-08
27322,2.4161145763441896e-09
27323,1.370710742999848e-09
27324,1.3883909209193715e-09
27325,-4.662760666263564e-09
27326,-2.8923909884900408e-09
27327,-4.328007754926409e-10
27328,1.0411569722111217e-09
27329,-7.051995377827503e-09
27330,4.4400135579878273e-10
27331,1.551348257738365e-10
27332,1.1529455107775019e-09
27333,1.2978021699667781e-09
27334,6.864235031146396e-09
27335,3.1270761185753406e-09
27336,-2.527583095706035e-12
27337,-8.49607480655703e-10
27338,-2.4300620039192702e-09
27339,-3.6029090850387396e-09
27340,4.095230370123181e-09
27341,1.4526873650878127e-09
27342,3.939226474497648e-09
27343,-3.0663604655393222e-09
27344,-1.4473083032457123e-08
27345,3.4598846282302405e-09
27346,-2.6312871524442577e-09
27347,9.584715679045667e-10
27348,8.04459905562293e-09
27349,-1.6973941780594916e-09
27350,-4.390080672749627e-09
27351,7.343998635327354e-10
27352,-1.7595212496199826e-09
27353,1.5129546505859125e-08
27354,-1.2959739248857374e-09
27355,-7.293581880020396e-09
27356,5.16680206416902e-10
27357,1.4180197281934247e-08
27358,-4.108641335110244e-09
27359,-4.024016350163083e-09
27360,-2.8284991969732668e-09
27361,8.703141797511875e-09
27362,5.061671392804284e-09
27363,1.219391213294299e-08
27364,3.817655667111001e-09
27365,-5.3463950746620936e-09
27366,-2.52893288447805e-09
27367,2.4692725071965165e-09
27368,-3.186834297435907e-10
27369,8.320693732068569e-09
27370,9.464448869409303e-09
27371,-6.029522063332907e-10
27372,-5.039707031994218e-09
27373,-1.1662847340535519e-09
27374,1.2544487179526062e-08
27375,-1.842641813385906e-09
27376,-8.77142412145776e-09
27377,2.4884018729025983e-09
27378,2.813845985392408e-09
27379,4.652564504934282e-09
27380,-1.7416688702536905e-08
27381,-8.79906951514029e-09
27382,-1.988789223122502e-09
27383,-1.1109241550178346e-09
27384,4.30660622427554e-09
27385,7.747244687943393e-09
27386,1.0048143111242496e-09
27387,6.872199889247874e-10
27388,-1.8676813544988707e-09
27389,4.3474118918887585e-09
27390,-9.81311416267373e-09
27391,-4.6274333419411936e-09
27392,2.958215401487091e-09
27393,-1.4713876051408596e-08
27394,-2.2991187062506468e-09
27395,-5.622205084888454e-10
27396,9.010910790280864e-10
27397,-1.6727037198576743e-09
27398,6.659591134078609e-10
27399,-3.0554250734184383e-09
27400,-7.419302100563996e-09
27401,-4.4464930086350035e-09
27402,-8.778515464941576e-09
27403,-1.9392362948111753e-08
27404,1.2855707725303474e-08
27405,2.1149833728848545e-08
27406,-1.7510456441233449e-09
27407,-3.8237956862473657e-10
27408,-1.7769875847676052e-09
27409,1.9703915641348186e-08
27410,-9.166334434062816e-09
27411,-5.99315775652642e-09
27412,-5.0762216393937535e-09
27413,7.939610313314893e-10
27414,-9.695782397124516e-10
27415,-2.502709950029865e-10
27416,6.644348813445616e-10
27417,-1.0304050635614495e-08
27418,1.9506220405689125e-09
27419,3.5033307961831434e-09
27420,-6.627707565339854e-10
27421,6.882869734604491e-10
27422,-1.3193251670468972e-08
27423,-7.307516150564885e-09
27424,-4.903100945865737e-09
27425,-1.1235738333980277e-09
27426,-5.571349537011877e-09
27427,-6.530288498110399e-09
27428,3.491085982714481e-09
27429,-5.3533739960972975e-09
27430,-3.961318198464424e-10
27431,1.5030324307992026e-08
27432,-8.562178750375284e-09
27433,7.312191967103875e-09
27434,1.1575642104742204e-08
27435,1.9895438795469714e-09
27436,-8.995526761788175e-09
27437,-4.199492055608351e-10
27438,-1.6007624589864787e-08
27439,-7.786550667341475e-09
27440,2.8626364094193476e-09
27441,3.9205891431703234e-11
27442,-5.358514793049391e-09
27443,-2.6519104171276827e-09
27444,5.365711765604501e-09
27445,1.2906898628375074e-09
27446,1.2517655739166105e-10
27447,1.015574067236666e-08
27448,-1.060501677579805e-10
27449,5.785047512960104e-09
27450,-1.3212542297005197e-09
27451,-8.93275949918149e-09
27452,-4.514143190045038e-09
27453,-6.3629775209434735e-09
27454,3.6769828779686862e-09
27455,6.607724952500206e-09
27456,3.016358188214126e-10
27457,-9.30149233396351e-09
27458,-9.541397806932543e-10
27459,-1.285367002697586e-09
27460,-7.627060690917104e-10
27461,-2.1207042164032863e-08
27462,8.88234548974104e-09
27463,2.1070918263497943e-09
27464,-1.403865494453427e-09
27465,4.94606391265823e-09
27466,-3.4263367627411996e-10
27467,-2.7392776152180617e-09
27468,-1.2969546937349063e-09
27469,1.2325663189777734e-08
27470,-8.649194197597764e-09
27471,1.905562116151071e-08
27472,-1.4869577144631795e-08
27473,-1.441981768879484e-09
27474,9.73015212023466e-09
27475,3.4233784767089863e-09
27476,3.747661231461183e-10
27477,7.243778654585562e-09
27478,-1.9265056191526926e-10
27479,-8.247761362957619e-10
27480,3.593056015704943e-09
27481,2.585754441714157e-09
27482,-1.0243512231922512e-08
27483,1.1081158458572731e-09
27484,2.425166782845693e-09
27485,-6.852820785728103e-09
27486,-1.8663751553640918e-09
27487,-1.6527467143359873e-08
27488,-1.2920778624369195e-09
27489,-1.175104105590785e-09
27490,1.1837737050392884e-09
27491,4.743092144727581e-11
27492,1.5407490454708287e-08
27493,-7.050236243688441e-10
27494,1.0244905885268636e-08
27495,-2.2572713905585965e-09
27496,-7.285027391097246e-09
27497,2.1090817968890586e-11
27498,-3.87009988854348e-09
27499,1.1047345661649283e-09
27500,-1.1999937713875533e-08
27501,-5.449933359225776e-10
27502,8.82379954811233e-09
27503,-1.030228731664595e-09
27504,1.3373532452925414e-08
27505,5.7485972155506064e-09
27506,-8.052213100942991e-09
27507,8.701141087390005e-09
27508,1.833743361535742e-09
27509,-2.1510160725355873e-09
27510,4.163936553565887e-09
27511,1.0161574552466755e-08
27512,7.765893250293961e-10
27513,4.6807595326420096e-09
27514,-3.1490284047297374e-09
27515,-6.891378041615326e-10
27516,2.8540110413703023e-08
27517,4.189090438453093e-09
27518,-1.6059135390292932e-09
27519,2.1183441514936273e-08
27520,-1.437852952775452e-08
27521,2.8141592623789745e-09
27522,-2.2357533322819667e-09
27523,-8.643565529589834e-09
27524,-7.434771944825575e-09
27525,1.676665282436732e-09
27526,3.118632858025319e-09
27527,-4.49897337475873e-09
27528,-2.0786552371052387e-08
27529,-2.2867194903747816e-09
27530,-1.5245923215914608e-09
27531,-3.9877882094709643e-10
27532,3.5192999507011832e-09
27533,8.645448942345219e-10
27534,1.802840317144248e-09
27535,2.4208049142240345e-09
27536,-2.5336976476561475e-09
27537,3.754063621175419e-09
27538,3.380687234748771e-09
27539,-7.788088801099818e-09
27540,-3.9913395998250115e-09
27541,-7.922066727405258e-10
27542,2.6903804073107828e-08
27543,4.4872063654258856e-10
27544,-3.073235144501755e-10
27545,-6.426461715765324e-09
27546,4.618734003730596e-09
27547,-3.841419403306076e-09
27548,1.04978638008676e-09
27549,-9.660749981081055e-09
27550,-4.800158629175944e-09
27551,-2.178792617453536e-09
27552,6.282583310833533e-10
27553,4.530420395026216e-09
27554,-6.097250156627311e-09
27555,-3.2670295672119265e-09
27556,-7.48680848499053e-09
27557,1.5042556310802218e-08
27558,9.517799558687093e-10
27559,4.7187639766166314e-09
27560,-3.4584015809320187e-09
27561,-3.250556788739045e-09
27562,-2.065607569509488e-09
27563,-9.590236641958246e-09
27564,-1.2909888501791829e-08
27565,-1.2499751230814717e-08
27566,2.2758394637524353e-09
27567,2.2131471460688774e-09
27568,-1.945401761189486e-08
27569,-1.6222672599868528e-09
27570,-2.9273229775838933e-09
27571,-1.968868923978833e-08
27572,1.2426394950065067e-09
27573,1.6954022926585186e-09
27574,4.6360552797767405e-10
27575,6.261873555294021e-09
27576,-1.0345101125310119e-08
27577,-4.035952919772792e-09
27578,-9.133657132883966e-09
27579,-7.699412827399922e-10
27580,-1.3811403207383583e-08
27581,3.726770442788674e-09
27582,-2.799925388629796e-09
27583,-1.7073629028903208e-08
27584,-5.682420380966555e-09
27585,1.448269754532335e-08
27586,-1.1332840773391194e-09
27587,-4.079254811123099e-09
27588,6.11446767863722e-09
27589,9.428331528520593e-10
27590,2.0521887118360186e-08
27591,-2.091600089926927e-09
27592,-1.1983011072460927e-09
27593,9.9346270659015e-10
27594,1.7079213949076115e-09
27595,2.4640707683397357e-09
27596,2.303597695354262e-09
27597,-1.023130554048137e-08
27598,-2.626355255395396e-09
27599,-3.039846952934541e-09
27600,4.225853237252018e-10
27601,-5.4776170653786465e-09
27602,-2.355163284769519e-09
27603,-3.863130941403996e-09
27604,1.0019662215453046e-09
27605,-1.3850975214161362e-08
27606,4.791963779605219e-09
27607,-1.0979555716290507e-09
27608,4.242278746508409e-11
27609,-1.6453796337763584e-09
27610,-1.2084939211657158e-09
27611,-1.6651982108281957e-09
27612,6.5465602646427035e-09
27613,-5.977077877624015e-10
27614,-3.5582572091612267e-09
27615,-3.003289697909743e-09
27616,-3.7000825595058027e-10
27617,-1.1299877323244368e-09
27618,-9.58203740229695e-09
27619,-6.3414672195858224e-09
27620,-4.27340063195789e-09
27621,2.19771621601544e-09
27622,1.2473691229970362e-08
27623,1.043599267111618e-09
27624,1.7121402272212197e-08
27625,1.9043295111211166e-09
27626,-7.398806437948608e-09
27627,1.5299504735182414e-09
27628,2.6662610162648302e-09
27629,2.1789572476847563e-09
27630,1.4830635930343275e-09
27631,5.296123205097362e-10
27632,-2.9989676810089635e-09
27633,-1.0082756125075958e-10
27634,1.993309201820092e-08
27635,5.746043468316176e-09
27636,-6.1578790262813536e-09
27637,1.6603823838193268e-09
27638,-9.85125332675157e-09
27639,2.440548851569169e-08
27640,2.126952679301742e-10
27641,-1.4699558499851745e-09
27642,-2.785669486863251e-09
27643,-1.4986078617361334e-09
27644,1.0810254264358027e-08
27645,1.8207278414923913e-09
27646,-5.606545542496279e-10
27647,5.520408393985873e-10
27648,-6.0346404479724235e-09
27649,1.774093444882872e-08
27650,-1.0061770145446267e-09
27651,1.1704723758419175e-08
27652,-1.2641736647930868e-09
27653,7.556928934124709e-09
27654,-3.6689986003303743e-09
27655,5.7415423361321e-09
27656,4.9643227228005405e-09
27657,-1.168493902331313e-08
27658,1.8001957956371264e-09
27659,-2.2962729680948704e-08
27660,-2.905352627102083e-09
27661,-5.62468674830893e-09
27662,2.514136548051475e-08
27663,-6.068500267965633e-09
27664,1.439184879682076e-08
27665,-1.6561277518487981e-09
27666,-2.1020284243124607e-09
27667,-9.392217565395333e-10
27668,1.2416466815076707e-08
27669,-3.101115699131536e-09
27670,-1.2209616504506594e-09
27671,-1.5770547475417627e-08
27672,9.507017078421631e-09
27673,2.0898767746113447e-09
27674,1.233096052041361e-09
27675,-2.8337933934708122e-09
27676,5.6795782113011e-09
27677,-7.214576865432868e-09
27678,-9.813076877537702e-09
27679,7.157794820135164e-10
27680,-1.227111711113269e-08
27681,4.969847344251663e-10
27682,1.6611196862849503e-08
27683,-3.1320765135882687e-09
27684,2.2017608722967813e-08
27685,-1.6253032099010512e-09
27686,-3.4471308303161774e-09
27687,7.166815977948884e-09
27688,-1.0251851420120236e-08
27689,3.95203636653684e-09
27690,-6.233272810179758e-09
27691,2.4152187249637904e-11
27692,3.5184775903637997e-09
27693,-8.352556177406463e-09
27694,-1.4185164659070712e-08
27695,3.703209454995577e-09
27696,-4.121362907685326e-09
27697,1.2409538068012122e-08
27698,-1.081315768572513e-09
27699,2.586239056577293e-09
27700,-9.183096310805788e-10
27701,2.4202754387506783e-09
27702,4.495498357065311e-10
27703,-7.705303347006025e-09
27704,9.741430237177268e-09
27705,2.459342381119221e-09
27706,-6.644859445331472e-09
27707,2.589538564154483e-09
27708,1.3578650417579468e-09
27709,1.5520400826501617e-09
27710,1.3324735614501574e-09
27711,-2.1508215346939135e-09
27712,4.140427014084315e-10
27713,-1.3899689721643545e-08
27714,7.303281971816142e-09
27715,1.7821608571294646e-09
27716,2.1778020673102448e-09
27717,3.805094718527469e-09
27718,-3.279244311183092e-09
27719,-1.659690659126709e-08
27720,-4.893158986800085e-09
27721,-2.7545457881567592e-08
27722,-1.835734435863915e-08
27723,6.6271204363919516e-09
27724,-9.032098755359926e-10
27725,8.337743641556587e-10
27726,-1.077219725096951e-08
27727,-1.3012785872268286e-09
27728,-1.0475138694145984e-09
27729,-9.605385181796348e-09
27730,2.378910241385327e-08
27731,6.243366886933862e-09
27732,7.019450780179394e-09
27733,-1.6771931005864756e-09
27734,4.909368743252389e-09
27735,-1.9478567543327656e-09
27736,3.6681030957935863e-09
27737,8.756338319380485e-09
27738,-9.41080055405741e-10
27739,3.0340650604124297e-09
27740,9.299778661849394e-10
27741,-1.7774935317327594e-08
27742,-6.342195972811843e-10
27743,1.727742083846914e-08
27744,6.773742741364034e-10
27745,2.7203363820831743e-09
27746,1.38580025706427e-08
27747,-1.0107030467125811e-10
27748,5.631163700142206e-09
27749,-2.9824470455788123e-10
27750,-1.1173463042039483e-09
27751,3.7188801665667506e-08
27752,-1.0315521566866474e-08
27753,-1.1519331940420203e-08
27754,-1.2787346411590473e-10
27755,-1.2088491686827868e-08
27756,3.4221103922590974e-09
27757,-1.5186993102455964e-08
27758,2.547355634740749e-09
27759,-3.434116742483444e-09
27760,-2.9258571807303222e-09
27761,5.779521918985351e-09
27762,-1.108391629612932e-08
27763,-2.234378000693996e-08
27764,9.080791841943143e-09
27765,-7.726973141407957e-09
27766,5.333446393009568e-09
27767,-2.859452264762515e-09
27768,6.334075746186702e-09
27769,2.013562555244588e-09
27770,-1.1371517886960007e-08
27771,7.405993981598332e-09
27772,-1.0731291814728117e-08
27773,2.3401522135760935e-08
27774,-9.662521210540212e-10
27775,-7.122619816754509e-09
27776,-1.0290519262275932e-08
27777,5.567624686552623e-10
27778,-6.052114138965278e-10
27779,-2.4250276742426818e-09
27780,-3.5003970734204154e-09
27781,-4.755925567707415e-10
27782,2.2083058488495e-09
27783,-9.021795076414684e-10
27784,-5.8332195986530875e-09
27785,-4.460242108167127e-09
27786,2.721652884639317e-09
27787,-3.4470299551205874e-09
27788,9.400487938363455e-11
27789,1.747118061385603e-09
27790,6.330108451390908e-10
27791,-2.6487459781857645e-09
27792,1.8952135174723167e-08
27793,-1.3067204505066373e-08
27794,-1.3398796143038094e-09
27795,-4.2740028687060435e-09
27796,-3.4370628484495986e-09
27797,4.463513916743368e-10
27798,1.9673109519330874e-09
27799,1.4851951340449134e-09
27800,-9.909795356256522e-09
27801,1.7368591534370453e-09
27802,3.2918112156611586e-10
27803,-1.1263536327097901e-08
27804,-4.303384068261176e-09
27805,-5.425549905511402e-09
27806,-1.969252382367934e-09
27807,2.2292021782523393e-09
27808,9.383801434327068e-09
27809,-3.039746173814171e-10
27810,5.803948874044074e-09
27811,1.5986135759885048e-08
27812,4.622045488994825e-09
27813,-3.3726134307858867e-09
27814,5.471633139498805e-09
27815,-3.0567828064337015e-09
27816,-1.0760363258967099e-08
27817,4.41625260707027e-09
27818,6.697193885080407e-09
27819,-3.589794233393815e-09
27820,-8.78797202893134e-09
27821,3.3616972710686707e-09
27822,-1.4754190544001423e-08
27823,-5.4711507216661746e-09
27824,8.37462242595841e-09
27825,-4.970530844277886e-09
27826,5.249839708217161e-09
27827,6.59016323679486e-09
27828,-3.0334283663524134e-09
27829,3.374271907957276e-08
27830,1.1743353524071928e-08
27831,8.903230533777213e-09
27832,6.375573025358338e-09
27833,-6.401942237521314e-09
27834,-5.36610369139408e-10
27835,6.465286628194333e-09
27836,7.106955399762595e-10
27837,1.0277258702449724e-09
27838,6.653841273914499e-09
27839,1.0372501125975797e-08
27840,-1.5530805868058544e-08
27841,-5.472601677829645e-09
27842,-4.172907206687405e-09
27843,8.560024586602662e-12
27844,1.0646782593740548e-09
27845,-2.8172596234206556e-08
27846,7.458233795371315e-11
27847,-4.23646231876537e-09
27848,-7.451918801986478e-09
27849,-2.5585802156226684e-09
27850,1.6322285649342358e-09
27851,-9.4208898621673e-09
27852,5.048360770000916e-09
27853,1.0657483042869852e-08
27854,-8.011560655113524e-09
27855,-1.3071976650413024e-09
27856,-1.5916897894672469e-09
27857,-5.042473673754509e-10
27858,-4.677350784148936e-09
27859,-2.004325339504532e-09
27860,-6.096066360954643e-09
27861,-3.7512977532790066e-10
27862,-3.0710663562131293e-09
27863,-1.2047482725010955e-09
27864,6.146004999585253e-09
27865,3.213230700557074e-10
27866,-1.051405984678056e-09
27867,-8.641605656987562e-10
27868,-3.1912900931010586e-09
27869,3.5407843576806172e-09
27870,-1.1047664728834545e-08
27871,-7.328491276825675e-10
27872,1.0594971125256693e-08
27873,7.059720820220711e-10
27874,-1.94986426050388e-09
27875,-1.234586029621504e-09
27876,-3.135927925709968e-09
27877,-4.642598622201471e-09
27878,-3.052769685505342e-09
27879,-1.5942967653160524e-09
27880,-6.7111770831190865e-09
27881,3.3220479606609712e-09
27882,-2.095297363423027e-09
27883,2.802613450630015e-11
27884,-3.474471585240367e-09
27885,-6.522673713699141e-09
27886,1.871126375682531e-09
27887,-9.52749051969605e-09
27888,-1.0701856145311631e-08
27889,-4.92937740271213e-09
27890,4.673825950299321e-09
27891,1.492519958559735e-08
27892,-3.4129641014698576e-09
27893,-1.2789240130369124e-09
27894,3.414620257919973e-10
27895,-3.2609841966086564e-09
27896,9.122064411842463e-10
27897,-3.3606713470440545e-09
27898,-2.387171407853483e-09
27899,-5.147123471291888e-09
27900,-1.0918419271430593e-08
27901,2.4210724167582285e-10
27902,1.698451230912926e-10
27903,2.5242894668998314e-09
27904,1.0461154698080418e-08
27905,-4.170428605277149e-09
27906,-1.6766722644811975e-09
27907,1.9601841973537833e-09
27908,-7.017373564114724e-09
27909,5.905053374731747e-09
27910,-1.506070652362459e-09
27911,9.247480059577048e-10
27912,2.3151342256616743e-09
27913,-1.524421989378449e-09
27914,1.8079158408932724e-08
27915,-3.825957619212501e-09
27916,-5.984776096227347e-09
27917,-2.5474829233786195e-08
27918,5.0462119388919685e-09
27919,-8.756393863621524e-09
27920,-1.893835052726503e-09
27921,-1.5096135694232166e-09
27922,4.04937409486113e-09
27923,-6.5240203247292055e-09
27924,-2.999630571596397e-09
27925,-2.4906899679539707e-09
27926,-3.782968544335682e-09
27927,-9.279956424893136e-09
27928,1.6082363723494227e-09
27929,8.520470586843859e-10
27930,-1.1407813139729759e-09
27931,-3.9706714399257904e-09
27932,3.3079229807222994e-09
27933,-1.139738425531615e-08
27934,2.0588161705151212e-10
27935,-3.625755875442426e-09
27936,1.210340429806806e-08
27937,2.2951905281761843e-08
27938,-4.5185375052098015e-09
27939,4.778512560043934e-09
27940,-3.146362225415978e-10
27941,4.3806492522294895e-09
27942,3.455696832822716e-10
27943,-1.2335103165190565e-08
27944,-1.612997806640447e-08
27945,-5.173087108611918e-09
27946,2.1010484047243285e-09
27947,-8.771589935163197e-10
27948,1.731537271424868e-08
27949,-1.4348868931677458e-09
27950,-5.458847608010356e-09
27951,-8.969387355979635e-09
27952,1.1009422908475301e-08
27953,1.0093568119385476e-08
27954,1.892148973876494e-09
27955,-2.2355263440541804e-09
27956,-1.351304089025746e-09
27957,-9.12610481664321e-09
27958,-3.6399945990191886e-09
27959,2.6547819325040833e-09
27960,-7.074749379303625e-09
27961,-6.869915743558322e-09
27962,-2.2980459751597223e-09
27963,-4.951777760393105e-10
27964,8.985801794542095e-09
27965,-1.165036397661954e-08
27966,1.629952303781556e-09
27967,-6.899420405984234e-09
27968,-1.4314678421435194e-08
27969,-1.0318362979398888e-08
27970,7.158750136850024e-09
27971,-5.435933736761786e-09
27972,7.050235180762392e-09
27973,2.28096203729369e-08
27974,1.275823436722598e-09
27975,7.3265103569581e-09
27976,-8.615687738901982e-09
27977,8.043429684166889e-09
27978,-7.1841723923535726e-09
27979,3.946951509211326e-09
27980,-9.696276204621288e-09
27981,-8.201118392983357e-10
27982,-5.7944051324047e-09
27983,-8.98407416996635e-09
27984,-7.560276468437071e-09
27985,-6.598791599106178e-09
27986,-4.5907829736467105e-09
27987,-6.699302965024726e-09
27988,2.5191541257021696e-09
27989,1.0733745917610179e-09
27990,-4.3244535847052305e-09
27991,-2.4638624344188006e-09
27992,-4.480294037050474e-10
27993,-4.88390859992068e-09
27994,5.924005925810539e-09
27995,-6.07691245547005e-09
27996,2.6719162247855907e-09
27997,-5.532997328853531e-10
27998,2.2097280828776655e-10
27999,-1.0318741152370062e-09
28000,-4.862919008374685e-09
28001,-3.722467528812883e-09
28002,6.4792697816895585e-09
28003,-3.4189773014141567e-09
28004,1.1974220884762955e-09
28005,-1.8589839260787152e-08
28006,-6.3914771179813786e-09
28007,7.351017695842653e-09
28008,-1.29136624026876e-08
28009,8.541026400433653e-09
28010,7.85053375047818e-09
28011,2.7383366707023687e-09
28012,-5.191568066717005e-09
28013,7.533789220909113e-09
28014,2.289468503518761e-09
28015,-1.5117246799808752e-09
28016,2.3066755885974065e-08
28017,6.201334130196682e-09
28018,-4.599683051587329e-09
28019,-6.2512164009085755e-09
28020,-4.06379049799003e-09
28021,-9.669394634267241e-09
28022,-1.0800587107466398e-08
28023,-5.2569173856772706e-09
28024,2.7326187365910272e-11
28025,7.3301595118143946e-09
28026,-1.2860936792952145e-09
28027,-4.528466361809919e-09
28028,4.809058792895894e-09
28029,-2.44928665157423e-09
28030,-1.2665775680595159e-08
28031,8.619049278218907e-10
28032,-9.599712350856552e-09
28033,4.187490899619077e-09
28034,-6.443380387931202e-09
28035,-4.031983680984719e-09
28036,1.1865795023291349e-08
28037,-4.423483186668683e-09
28038,6.1479772021639426e-09
28039,1.3922583457252586e-09
28040,-8.199707734855087e-10
28041,-8.582623773737632e-09
28042,-9.07675724045272e-09
28043,-5.411160794785267e-10
28044,-6.356755811935022e-10
28045,-4.900225470754238e-09
28046,-1.616843411262411e-08
28047,-5.2017101072635146e-09
28048,3.5097253690589814e-09
28049,-9.44761075283385e-10
28050,-5.743209486037884e-09
28051,5.528155361485053e-09
28052,-7.145776434207331e-09
28053,-4.285377076378637e-09
28054,-7.254587830684285e-09
28055,-4.478676050486124e-09
28056,1.4923749086974778e-09
28057,1.569290947507345e-08
28058,-4.2150288887659295e-09
28059,-1.0659373677294808e-08
28060,-4.824674418553773e-09
28061,5.458396981849256e-10
28062,3.0402705120835876e-09
28063,1.9570360834104276e-09
28064,1.4358875790370405e-08
28065,-1.5136721586876102e-09
28066,-2.0507706168763177e-09
28067,-1.1070605001045384e-08
28068,-5.609799761434726e-09
28069,2.7461146689357748e-08
28070,-2.4884425238911012e-09
28071,-4.224252117301284e-10
28072,-4.100893602104786e-10
28073,7.243719338871499e-09
28074,-5.888039976725135e-09
28075,-1.182777111094682e-08
28076,8.398581761580523e-09
28077,1.2938605448474503e-09
28078,-1.7446443890728405e-09
28079,1.4790532199562047e-08
28080,1.9617814856477086e-09
28081,1.8502498159135374e-09
28082,-4.248600535036213e-09
28083,-1.5016517116130002e-09
28084,1.3667759928785756e-08
28085,-1.0269195334566217e-08
28086,1.2583295797692074e-08
28087,-9.253467538973563e-10
28088,-1.5428088676057796e-10
28089,-1.1532557285032146e-08
28090,-7.357789576103513e-10
28091,2.0179325984296187e-08
28092,-7.941665594488549e-09
28093,-1.1560456941438725e-09
28094,-7.812817450917265e-09
28095,3.2313930293032137e-09
28096,-1.4205556771631097e-08
28097,6.997693669439428e-09
28098,8.302247519581948e-09
28099,-2.987774016023792e-09
28100,-2.9167285938375293e-09
28101,-5.990701189763207e-09
28102,3.6208100530570164e-09
28103,-8.456313338626375e-09
28104,-1.9426555117845583e-09
28105,1.138618739639149e-08
28106,-2.3489450628665697e-08
28107,-3.884405100111286e-09
28108,-2.1778307186133998e-08
28109,-1.0610648451261202e-08
28110,3.0524723115667294e-10
28111,1.0697401058862674e-09
28112,-1.9115049155004144e-09
28113,3.413499143262599e-09
28114,-1.0826447772851506e-08
28115,1.1759016268576194e-08
28116,3.802303954019345e-09
28117,1.144438085961295e-09
28118,1.7736200134606302e-09
28119,1.7932177514029236e-09
28120,-1.3283647080519764e-08
28121,2.3932420529741718e-08
28122,-4.527445499102485e-09
28123,-3.2146351934097053e-09
28124,1.1410949578446775e-09
28125,-3.4812647162644693e-09
28126,-1.606071007247774e-08
28127,-1.6733072904410332e-08
28128,1.304082204879882e-09
28129,-2.1153731137569587e-09
28130,-4.376426556342434e-09
28131,2.5682559818702846e-09
28132,-7.989403985107484e-10
28133,-2.562421128866424e-09
28134,-1.3723991969911592e-09
28135,7.843600613935645e-09
28136,7.806023611662016e-09
28137,-2.557946241947707e-09
28138,3.28101070592489e-08
28139,4.363533809407212e-09
28140,1.9389153428558412e-08
28141,-2.5466894010269684e-08
28142,1.036512856883904e-09
28143,-9.690132319356882e-09
28144,3.889216603551352e-09
28145,-7.134408860807345e-10
28146,6.318715038277313e-09
28147,-3.5818674926248554e-12
28148,-4.782324909354404e-09
28149,1.3882406620016984e-08
28150,2.2404191736001984e-10
28151,-8.60102908401359e-09
28152,-2.9308550423141777e-09
28153,-1.6102613647122544e-09
28154,-2.0642698538108644e-09
28155,8.742931621690463e-09
28156,6.105684863535779e-09
28157,-4.930572142847559e-09
28158,-1.1238073524067304e-08
28159,-1.0940570649984229e-09
28160,1.4454281496101362e-08
28161,1.830882594905367e-10
28162,-7.301111946031828e-09
28163,-2.9883444004397183e-09
28164,-2.679657379218546e-09
28165,-1.257147020113995e-09
28166,-2.3492054361501934e-09
28167,-1.0151115900358768e-09
28168,1.2350181975769767e-08
28169,-2.2378440777587196e-09
28170,1.188589675820734e-08
28171,-6.015697041114327e-10
28172,-6.485759411511913e-09
28173,-1.1073191057996396e-08
28174,-9.387577524797462e-09
28175,-1.3905563759166056e-08
28176,-1.4473523923263172e-08
28177,1.653804854399425e-08
28178,1.6572957216989148e-09
28179,8.031213152283338e-10
28180,-1.8977673374687383e-09
28181,4.2655285546418045e-09
28182,-1.7786000590392803e-09
28183,-2.811196265916522e-09
28184,1.4726388263361809e-09
28185,1.6371131769197624e-08
28186,1.21261972334227e-08
28187,-2.299104140817968e-08
28188,-2.1399213277626772e-10
28189,-1.159566996574424e-08
28190,-2.7387629546069095e-09
28191,-6.861852353221024e-09
28192,7.958338987105935e-10
28193,-3.3988695338474094e-09
28194,-1.2463418964381967e-08
28195,4.962813047501715e-09
28196,1.1860265494840308e-09
28197,8.640666519889999e-10
28198,1.3444619280886915e-08
28199,-3.770351177428236e-09
28200,8.562098594460248e-10
28201,6.892928307008104e-09
28202,8.087359439440458e-09
28203,1.3523577980155344e-10
28204,1.506249231169795e-08
28205,-1.009543868767551e-08
28206,-9.822201014256677e-10
28207,8.028537015999695e-09
28208,-3.2081044916256862e-09
28209,-2.5549201278148987e-09
28210,4.2380661476109875e-09
28211,-6.87316520591485e-09
28212,-6.722520839718215e-09
28213,6.768904818153548e-10
28214,1.3938956218075371e-09
28215,-1.8385721555166983e-10
28216,-6.886409882319914e-09
28217,2.511571514663767e-10
28218,1.2547471027137438e-09
28219,-2.84967441620669e-10
28220,8.337287933648402e-09
28221,-7.0213044201221e-09
28222,-1.794518751480681e-08
28223,1.1193687839712784e-09
28224,-7.64682820998034e-09
28225,6.468597527879363e-09
28226,3.7381144386938917e-10
28227,4.917231939773158e-09
28228,1.618311482395039e-09
28229,-5.551912744553483e-09
28230,2.0481189507401887e-09
28231,-1.1663209807723396e-08
28232,2.5310372764781055e-09
28233,-6.696468505414879e-09
28234,-8.385059029655945e-10
28235,1.5477572176183175e-10
28236,2.660403846295653e-09
28237,4.354861494114806e-09
28238,1.4250092400465158e-09
28239,-1.4548249891671139e-08
28240,-4.418789281093581e-09
28241,1.489225959567526e-09
28242,2.777242432892747e-09
28243,-6.519029402918308e-09
28244,-1.2251129406304936e-08
28245,1.0895570035181954e-08
28246,6.280529177290206e-09
28247,-2.387481074133912e-10
28248,4.503383763157934e-09
28249,2.4879847625186114e-08
28250,-5.571619499058872e-09
28251,-1.1809377245171477e-09
28252,-2.2826801275989616e-09
28253,2.0102954075428764e-08
28254,-2.634986294711207e-08
28255,-8.849685250527608e-09
28256,-2.326346913100988e-08
28257,1.893399284656076e-09
28258,-2.612015644240925e-09
28259,-6.0267163886814426e-09
28260,-1.1219281279549955e-09
28261,-9.034780361959503e-09
28262,9.183381833874397e-09
28263,-1.4255573836600802e-08
28264,-9.407622694829161e-09
28265,-1.2598290912940253e-09
28266,-7.259409533720303e-09
28267,-1.640387053803522e-08
28268,-8.06501037392309e-09
28269,-9.896948816657928e-09
28270,6.274356836102317e-09
28271,7.677663764792407e-11
28272,1.1157598904712237e-09
28273,-1.0460831352446852e-09
28274,-2.7012414572337033e-10
28275,-2.0596352554296444e-09
28276,-5.879574299754821e-09
28277,5.104082911745932e-09
28278,1.0027324237218525e-08
28279,-5.39441879346367e-09
28280,1.3801736653718962e-09
28281,-2.129937230321961e-10
28282,1.0621431497791749e-08
28283,-1.1449333918065897e-08
28284,-3.120473921585108e-09
28285,4.0433796588694835e-09
28286,-5.827656710225931e-10
28287,3.352662568608597e-10
28288,3.060181877988446e-10
28289,2.174167163389669e-09
28290,3.3449731885919527e-09
28291,-1.9345252799085783e-09
28292,-1.7493563744406264e-08
28293,7.315046948818305e-09
28294,-1.792293473418463e-09
28295,1.2507950066114372e-10
28296,7.704051421161552e-09
28297,7.987436960472418e-10
28298,-2.7288996369886097e-09
28299,-7.214296952670052e-10
28300,5.655727194119658e-09
28301,-7.542692770607179e-10
28302,-1.0656053876960758e-10
28303,-1.5505960325264437e-08
28304,3.0047393985219837e-09
28305,-1.3617538858221162e-09
28306,-7.475306119372126e-09
28307,8.922375489324368e-10
28308,-4.8859490346808965e-09
28309,1.3618618021589313e-09
28310,-1.057102031678355e-10
28311,-8.344917069099242e-10
28312,-2.7131271685957212e-09
28313,4.807724411407221e-10
28314,-3.777020391433161e-09
28315,7.407700509375152e-09
28316,1.6956531120556588e-09
28317,8.872322998362176e-10
28318,2.310656881784955e-09
28319,4.591252924197788e-09
28320,1.933507989590793e-08
28321,-4.41040136499407e-09
28322,-6.886930685009567e-09
28323,-3.6306268975375025e-09
28324,3.645219340220831e-09
28325,3.5654987519684646e-09
28326,-1.548362264000234e-08
28327,-4.849505747444214e-09
28328,1.1091638040507848e-11
28329,1.0823282961616998e-09
28330,1.0414093344126019e-08
28331,5.226338654484316e-10
28332,-5.902548362278411e-09
28333,-4.212374956889466e-09
28334,4.340569435535539e-10
28335,-3.15234754455896e-09
28336,-1.0053823874725273e-08
28337,-2.709146172854685e-09
28338,-1.165068499443886e-09
28339,-5.228997263225529e-10
28340,-2.543814326980785e-09
28341,6.019600080938054e-10
28342,-5.1790527228180235e-09
28343,1.5069883045875572e-09
28344,-2.2148876815165947e-09
28345,-1.240284905417602e-08
28346,-1.1567914231367998e-08
28347,1.517904821821315e-09
28348,5.967908448549053e-09
28349,6.899844033057478e-10
28350,7.26256161506358e-09
28351,-4.343211787856756e-09
28352,1.1987498908915828e-09
28353,1.2875147271038343e-09
28354,6.316894337950658e-10
28355,2.2942783837600378e-08
28356,-3.1600068359613814e-09
28357,3.751852568481236e-09
28358,-1.2805313529499362e-08
28359,-1.3325922464737668e-09
28360,6.576035049056884e-09
28361,-1.1314683299865701e-09
28362,9.93251402265121e-10
28363,-1.1475467390945696e-08
28364,7.821762325408708e-09
28365,-7.349124000733629e-09
28366,-7.94605829241618e-09
28367,-6.674842692128746e-09
28368,8.556318504677916e-10
28369,1.1138964456772143e-08
28370,-1.4515682609722797e-08
28371,3.8336772147134554e-08
28372,-3.42985600722017e-10
28373,5.4175853283267184e-09
28374,-7.6508805897941e-10
28375,-1.4981470843937965e-09
28376,-5.268841618555003e-09
28377,-2.0571901292714475e-08
28378,1.4036505516599554e-09
28379,-1.0505164430203817e-08
28380,-2.0264340468280854e-09
28381,1.6552506314141262e-10
28382,3.6552335764835156e-08
28383,1.3445741057031734e-09
28384,-2.1246349545597556e-09
28385,8.094640109554859e-10
28386,1.2209202725814314e-08
28387,4.576522533716375e-09
28388,2.109507571807629e-09
28389,2.7146166898913252e-09
28390,1.5586387386212e-09
28391,-2.8828732794065155e-10
28392,-6.715802645175806e-09
28393,1.2550648571770176e-09
28394,-6.0305974042296675e-09
28395,-1.2016724760622893e-09
28396,-2.720313658611349e-09
28397,-2.157987244960295e-09
28398,-2.3662805746661573e-10
28399,-1.8364845914011991e-09
28400,-2.089808147234517e-08
28401,8.809159292789158e-10
28402,-3.87673295332142e-09
28403,-2.8005055746125942e-09
28404,-1.8037209801520936e-09
28405,-2.868757016654663e-09
28406,-4.799297377807658e-09
28407,-6.436240206069927e-09
28408,1.5211279345160614e-09
28409,-2.1247307476775996e-09
28410,-2.7572532802486003e-09
28411,-3.675395108704974e-10
28412,-5.530077754592125e-10
28413,-1.3491356106624242e-08
28414,9.406189457022833e-09
28415,8.38134795448423e-09
28416,1.0882255733223519e-09
28417,2.1874110331962472e-09
28418,4.552712355384479e-09
28419,-3.035125300015338e-09
28420,-8.745625567743461e-10
28421,-1.0578464930489657e-09
28422,-6.851540994106244e-09
28423,1.4988468221696063e-08
28424,2.1876818228418964e-08
28425,2.3125011965542198e-08
28426,2.994863903635507e-08
28427,8.742251173880502e-09
28428,-1.4831372175109049e-08
28429,-2.616154472655857e-09
28430,-1.6009371114166413e-09
28431,6.008739961802798e-09
28432,-2.6546081037336815e-09
28433,-5.3110790043916e-09
28434,3.9849875716216616e-09
28435,2.549970113668085e-09
28436,-2.1877395730912282e-09
28437,-6.270635373874877e-09
28438,7.925323676709076e-09
28439,1.4327391908042926e-08
28440,-1.6971566571826017e-09
28441,-1.4743066304157907e-09
28442,-4.640464609558007e-09
28443,-9.28788685144319e-09
28444,3.649944640362097e-09
28445,-4.095739270467096e-09
28446,-4.50788257906227e-09
28447,-5.261984716427662e-09
28448,2.207619722103201e-08
28449,-1.2475283886311505e-08
28450,-1.7182361418392338e-09
28451,-6.351804431084786e-09
28452,9.680443666619256e-09
28453,1.5453306873363656e-09
28454,-5.131423009180133e-09
28455,1.615333732209605e-08
28456,-6.303628794655423e-09
28457,-6.112872192324241e-09
28458,-1.1064471046451063e-09
28459,-7.557252107998312e-09
28460,-7.507248498622234e-09
28461,-3.212617448892268e-09
28462,1.2893631052852195e-08
28463,-2.9020915628318166e-09
28464,9.57545154873079e-10
28465,-3.2068910980941296e-10
28466,-3.1835393169633834e-09
28467,-1.1732979282008492e-09
28468,6.555363458025812e-09
28469,-2.2229191010380374e-09
28470,9.368260268522375e-09
28471,2.1534501912242954e-08
28472,-1.4640079035990226e-08
28473,-4.760446320836336e-10
28474,-5.878869591031923e-10
28475,-2.586331931221001e-08
28476,-6.039248674818584e-09
28477,3.3107993961897062e-09
28478,3.152396410748214e-09
28479,1.7833688531110456e-08
28480,1.2295009919575523e-09
28481,-1.4098948668477917e-09
28482,-2.7925264863018363e-09
28483,-8.168674335468911e-09
28484,8.046197926453742e-09
28485,5.1761875371173015e-12
28486,-1.195520893698296e-08
28487,-3.965014157483761e-09
28488,-1.0731742775168894e-08
28489,-1.0671423803703943e-09
28490,-1.5326420053788044e-08
28491,2.278986323922197e-09
28492,1.2613852102401643e-09
28493,1.1606986607424613e-08
28494,-6.826426766742699e-09
28495,1.7719305177007824e-09
28496,-8.944625474225846e-10
28497,-1.142526725793368e-08
28498,4.639656130065982e-09
28499,2.1288569691460845e-09
28500,-2.229357922560272e-09
28501,2.464809019276316e-09
28502,-5.974173427162512e-09
28503,-8.47529803653613e-09
28504,-2.012597530602184e-09
28505,1.917186314129926e-09
28506,-7.013801877012915e-09
28507,5.182946028255305e-09
28508,-1.2032546166194275e-08
28509,-3.005833093176441e-09
28510,-1.3746321633410052e-09
28511,1.3626690909899965e-08
28512,1.6684727289493507e-08
28513,-1.2077003706771745e-08
28514,-3.2060637845729405e-09
28515,-1.0427292613546516e-09
28516,8.144204362185437e-09
28517,-4.360884132810724e-09
28518,-3.741870351471457e-09
28519,-4.219806295538324e-09
28520,-3.370333983167583e-08
28521,-1.1709952243632639e-08
28522,1.0091303240443565e-11
28523,-1.4096116351141333e-08
28524,-2.1402647739284592e-08
28525,3.5617295874002374e-09
28526,1.925062757033195e-09
28527,5.104853001890916e-09
28528,-3.221084258182554e-09
28529,4.058287125493387e-09
28530,-1.5211502456274872e-09
28531,-5.170558817636425e-09
28532,3.515564898717503e-08
28533,4.0699107915057525e-09
28534,-3.0875174886426966e-09
28535,-9.024962741814965e-09
28536,-3.635040961581703e-09
28537,7.518417809659081e-09
28538,-1.5072353057123795e-09
28539,5.834735099387915e-10
28540,-2.915387141583493e-09
28541,-1.0078082904874514e-09
28542,1.0985459969056113e-09
28543,3.6091754357779594e-09
28544,4.616124498437077e-09
28545,1.597876037038861e-08
28546,-6.6334627663527966e-09
28547,-2.6628586989195822e-09
28548,2.8229429320453917e-08
28549,-3.941510745762187e-09
28550,1.5499209570637728e-09
28551,-1.242422195201059e-09
28552,-1.7858213897261318e-10
28553,-7.43182589259734e-09
28554,3.154249603067022e-09
28555,1.6099179408212213e-09
28556,-5.610209448068722e-09
28557,-3.930775200123725e-09
28558,9.236190854956914e-09
28559,8.14933679520596e-10
28560,-4.156349173981892e-09
28561,4.417921420168882e-09
28562,8.042262254869187e-09
28563,1.510495054740437e-09
28564,-1.1778492454602183e-09
28565,-3.118601616498991e-08
28566,-4.487861465040989e-09
28567,-2.0556535197336797e-09
28568,5.952354268571432e-10
28569,-3.770342782198185e-09
28570,6.353812728805511e-09
28571,1.5723766570820956e-08
28572,-1.2064751706635551e-09
28573,-3.181746858168447e-09
28574,-3.8476738777685146e-09
28575,-9.592239731453235e-09
28576,1.064015022513019e-09
28577,-3.747342867450671e-09
28578,-6.3359575627855985e-09
28579,-5.045186399442464e-09
28580,-9.41304348001316e-09
28581,4.681802675288654e-09
28582,1.6111223952798245e-08
28583,2.9491602617287447e-09
28584,-3.868548516803234e-10
28585,1.922451183318957e-09
28586,-1.427472060324967e-08
28587,-1.7760966739682554e-10
28588,-1.1153266944773612e-09
28589,1.6401224488120144e-09
28590,-5.083696370509477e-10
28591,-5.259581614100829e-09
28592,1.903328156373052e-09
28593,-1.2720277034747065e-09
28594,-1.927672342867612e-09
28595,-9.361399582457956e-09
28596,-8.960832845996023e-09
28597,4.651086691025899e-09
28598,-4.757916892782849e-09
28599,4.109001643116932e-09
28600,-1.2581648784702946e-08
28601,-1.1766664664896686e-08
28602,1.6394294442675765e-09
28603,-6.111403146405e-09
28604,-2.590097087064728e-09
28605,-4.161278437731597e-08
28606,-1.942856050046193e-09
28607,-4.879514549366988e-09
28608,-1.4777776552857188e-09
28609,-5.683580692615259e-09
28610,7.477226495507213e-10
28611,-9.994113786701065e-09
28612,-1.4456178966176539e-09
28613,1.2270681762102226e-08
28614,4.3122495171276995e-09
28615,-6.293245460386752e-09
28616,-3.911063066553264e-09
28617,-1.602283560230557e-08
28618,2.917404680169725e-09
28619,3.5674745568861575e-09
28620,5.423137785537064e-10
28621,3.3850216368891282e-09
28622,6.1694137797397834e-09
28623,-8.632358183620643e-10
28624,-2.8100162153051477e-09
28625,-1.6806913483541537e-09
28626,-1.855423252115164e-09
28627,9.005312012495497e-09
28628,-2.49570210117017e-09
28629,-6.319693524951174e-09
28630,-5.717236594574047e-09
28631,2.748568117101997e-09
28632,3.807206891474671e-09
28633,-7.685146534876009e-09
28634,-5.329499360194901e-09
28635,-3.266125897809964e-09
28636,-1.216960548297707e-09
28637,3.095996100838765e-09
28638,7.23107232280031e-10
28639,9.070077293473911e-10
28640,1.206066475232541e-08
28641,-4.165333478811147e-09
28642,-2.7582821086280997e-09
28643,-3.4448541494180377e-09
28644,1.3328133189269775e-08
28645,2.688133827178231e-09
28646,-3.426061651385521e-09
28647,-1.3971878183077657e-08
28648,1.1681076266700715e-09
28649,-1.620042740853292e-08
28650,-3.4145968309647925e-08
28651,-2.906880872678094e-09
28652,6.373789109999695e-09
28653,-2.18539442366577e-09
28654,1.0567814110433817e-09
28655,-1.2661215702084011e-08
28656,7.852771010967598e-09
28657,-3.944016620648082e-09
28658,5.312366618285423e-10
28659,-1.3406603962768124e-09
28660,4.2089690756550246e-10
28661,-1.5011099513712183e-09
28662,-2.1316979131932505e-10
28663,-1.905060821234626e-09
28664,-6.54002710157e-09
28665,-1.3925246232994828e-09
28666,-1.1856644135258829e-08
28667,8.877542320736103e-10
28668,5.424056203878323e-09
28669,-8.089886567114429e-09
28670,6.817225926281685e-09
28671,1.2725696207672418e-08
28672,1.7151554425710895e-08
28673,-4.006767255147514e-09
28674,1.3920727247284228e-08
28675,2.242584212985884e-09
28676,5.3559964840131984e-09
28677,-7.312634711133659e-09
28678,-2.5762032583411423e-10
28679,-1.5970339521800937e-09
28680,-1.3369133108209312e-09
28681,4.0931934133208325e-09
28682,-6.847867259857387e-09
28683,-7.886984651612346e-09
28684,7.760596956672637e-09
28685,-6.018287445541064e-09
28686,1.4246979755161314e-09
28687,-6.874814017729512e-09
28688,-1.188751433238339e-09
28689,5.235193520099694e-09
28690,4.597510689194914e-10
28691,-1.1838945658779034e-12
28692,-3.7150079220261767e-09
28693,-4.966501982911215e-09
28694,4.387713961466439e-09
28695,-1.7647623172917416e-09
28696,2.7886271730320542e-09
28697,3.726509828089001e-08
28698,5.3063890438266274e-09
28699,-7.4482674495342626e-09
28700,3.9282215713361983e-10
28701,1.7296961417867286e-09
28702,2.0016381484581882e-09
28703,7.290246709379512e-10
28704,-9.476905956872883e-09
28705,2.1872964817662412e-08
28706,-2.724874514529465e-09
28707,-4.594958945316788e-10
28708,-4.631013262415319e-09
28709,-6.087248753125025e-10
28710,-4.741097700681644e-10
28711,4.6886911150703066e-11
28712,-2.3476144424957076e-09
28713,-2.16140110594024e-09
28714,-1.958300989662016e-09
28715,-8.298036597952682e-10
28716,-5.376200224925923e-09
28717,5.3492705664655486e-09
28718,-1.5156713019060524e-08
28719,2.477509019088547e-09
28720,-5.006944161645693e-09
28721,-6.993972850240655e-09
28722,9.5781197018187e-11
28723,-1.0251197611816393e-08
28724,1.2787397487416028e-08
28725,-2.910875987032337e-09
28726,5.335070156672177e-09
28727,1.03995808759862e-08
28728,-1.0565082327852009e-08
28729,1.1638648880368535e-09
28730,-2.3538341388029486e-09
28731,1.7767643539214442e-09
28732,4.2050934824631246e-10
28733,-1.321628099151866e-09
28734,-8.966413062555438e-09
28735,-7.945826143518738e-09
28736,-3.7022810087531715e-09
28737,-7.252911461548865e-11
28738,-1.3664779840380998e-09
28739,-2.635080259330834e-09
28740,-2.6954024673313975e-09
28741,5.978362844641762e-09
28742,-2.4979739201998765e-09
28743,3.665440298327495e-09
28744,-4.870193177421988e-09
28745,1.5697514934755996e-10
28746,-1.308239542126689e-08
28747,5.876411778137846e-09
28748,8.087280077759806e-10
28749,-4.013650540141295e-09
28750,4.031250479366804e-10
28751,2.5665312407174067e-09
28752,-4.963299930472627e-09
28753,-1.1748540720216055e-09
28754,1.8145477303024248e-08
28755,-2.0202993375173575e-10
28756,1.0526315409755016e-08
28757,9.654475852570687e-09
28758,-2.1686809228493659e-10
28759,5.824649650871609e-09
28760,6.519806285740804e-11
28761,-4.287007086611994e-09
28762,1.8485955625479062e-08
28763,-6.860263976891553e-09
28764,4.892641336215244e-09
28765,-7.376477530230451e-09
28766,2.1520972272945246e-09
28767,-1.03818113925484e-09
28768,-4.543535959586992e-09
28769,4.78403230941438e-09
28770,-5.475655970860482e-09
28771,8.273008704677923e-10
28772,-4.266345534305317e-09
28773,-9.220571707595362e-09
28774,-5.376671944244111e-09
28775,-1.5106481579804324e-09
28776,4.086866355757678e-09
28777,2.762966469044733e-09
28778,-1.5967054748774174e-09
28779,-1.6385248344360076e-09
28780,-6.794185223428618e-09
28781,-4.727602766210295e-09
28782,6.92632624082104e-09
28783,-1.222982614653097e-09
28784,5.129381427910539e-10
28785,3.9219045313448956e-09
28786,-6.4993236147121076e-09
28787,-6.951023677466045e-09
28788,-8.958183093040078e-10
28789,-2.218448104842505e-10
28790,-2.3234620548042257e-09
28791,1.879473866458432e-09
28792,-2.472975850426922e-09
28793,1.3299007994729173e-08
28794,-2.272139064230155e-09
28795,-3.0701982981890823e-09
28796,-2.353406466778568e-09
28797,1.0107724378994862e-08
28798,3.7891881471700675e-09
28799,4.936074053930442e-09
28800,1.3681120076890743e-08
28801,2.173170418195199e-09
28802,-1.8059070326178424e-09
28803,-4.216913894965884e-09
28804,1.1325814908844296e-09
28805,1.374490310272185e-09
28806,-4.046650903024755e-09
28807,-1.8008493477921572e-09
28808,5.273728531554228e-09
28809,2.587405276894944e-08
28810,1.2199888138255097e-08
28811,2.594364499185445e-09
28812,3.0909463020626965e-10
28813,-8.929869962706687e-09
28814,-3.962100033636166e-09
28815,-1.7506183253052602e-08
28816,4.194993830229049e-09
28817,-1.460161441669807e-10
28818,-5.5002053448131265e-09
28819,2.136145579775985e-09
28820,-5.233011580287461e-09
28821,9.921665218121072e-09
28822,-2.2390619286883265e-09
28823,-7.132721217827931e-09
28824,-1.5482900343827521e-09
28825,-5.353386901458337e-09
28826,-2.886520883334103e-09
28827,-1.782137060921147e-09
28828,-2.355941152384358e-09
28829,-7.996690584615207e-10
28830,-8.379878574955543e-10
28831,5.045449890398965e-10
28832,1.3610735782358114e-08
28833,-3.5845720136545454e-09
28834,1.0087563980437365e-08
28835,-1.3338216111296094e-08
28836,6.494445177664457e-10
28837,-1.7718714120532934e-09
28838,1.6282686519193322e-09
28839,5.884567482264508e-10
28840,-1.0219908446626688e-08
28841,-2.5577400102479e-10
28842,-1.1463507066154991e-08
28843,-9.966955486463341e-10
28844,-1.1579208575831964e-09
28845,-3.082153010385885e-08
28846,-4.127075414087118e-09
28847,-1.3144252052015037e-09
28848,5.0607873875858056e-09
28849,-3.499417226517854e-09
28850,-3.8749167539882305e-09
28851,-4.495088924515463e-09
28852,-3.297285709314095e-09
28853,2.8304737125627356e-10
28854,1.015508205453985e-08
28855,-3.4827031407283287e-09
28856,-1.3600997235496239e-08
28857,-7.780930220772644e-09
28858,5.414929050585352e-09
28859,-1.09606868762164e-09
28860,8.388639628667103e-09
28861,-5.121333759278727e-09
28862,4.284041722637293e-09
28863,-5.190599705341047e-11
28864,6.62686920465698e-10
28865,-5.996706453193101e-09
28866,-1.4251124244259393e-09
28867,-5.861603423846143e-09
28868,-1.3774069108236074e-09
28869,-5.552187095055332e-09
28870,2.0651394235282596e-09
28871,-1.9797289588322114e-08
28872,4.56478251104839e-11
28873,4.075689079780547e-09
28874,1.713115979506597e-09
28875,-2.0088165369122626e-09
28876,-1.0407313004457087e-09
28877,-1.3410638077616794e-08
28878,-1.542469185405101e-10
28879,-3.5056372748207316e-09
28880,7.611427404181032e-09
28881,-1.554625676292339e-08
28882,-3.1809074635314017e-09
28883,6.223235252295574e-09
28884,-1.6970955856996822e-09
28885,1.7223281932061738e-09
28886,-5.233160151605427e-09
28887,-3.965060305031478e-10
28888,-2.517498480096125e-09
28889,-7.439729627640664e-10
28890,2.0259447918925878e-09
28891,2.6357812256266407e-08
28892,2.2080933210377248e-08
28893,-3.6558712450900214e-09
28894,5.940606281100161e-09
28895,2.071215544037086e-09
28896,-2.3147341608192197e-09
28897,6.359594324934314e-10
28898,-7.217436036801645e-09
28899,-2.311596897003096e-09
28900,8.277820220301243e-10
28901,4.695791054974987e-09
28902,-6.965602973950722e-09
28903,8.886901228083851e-09
28904,3.7245306780916045e-09
28905,-2.914945013614563e-09
28906,-3.848826959658043e-09
28907,-1.0561812318203304e-08
28908,-1.5185231356666398e-08
28909,2.0964440136031483e-08
28910,-3.7425494773731563e-10
28911,3.1423249823655796e-09
28912,1.3962155502218235e-08
28913,-1.8930652995761346e-09
28914,-5.358004405618545e-09
28915,3.615539873968974e-10
28916,-1.3067560736005664e-08
28917,-1.002861664603526e-08
28918,-3.968615114970669e-09
28919,-7.185886080693709e-10
28920,-8.921187191894291e-10
28921,1.9099167653503913e-08
28922,1.4466526980356338e-08
28923,-6.729618200632623e-09
28924,-1.665752342617903e-09
28925,3.6986400337106845e-09
28926,-9.216300069981418e-11
28927,4.381367755991113e-09
28928,2.903461734679593e-10
28929,9.92627754675359e-09
28930,-6.067762046401821e-09
28931,7.610787437606808e-09
28932,-2.9459442070231182e-09
28933,2.2654229087950247e-10
28934,1.4154341829435062e-09
28935,-3.670433730614378e-09
28936,7.863967608936204e-09
28937,-7.778192017179754e-10
28938,-9.775500930955354e-09
28939,7.573582930590926e-12
28940,5.600409819455527e-10
28941,4.280097847433534e-10
28942,-9.177002194157743e-11
28943,-6.415835355904079e-09
28944,9.51545538654767e-10
28945,-9.541954913053572e-10
28946,1.603473135759663e-10
28947,-7.80999904838793e-09
28948,-6.916209112273717e-09
28949,3.056067600329142e-09
28950,-4.744766162260814e-09
28951,9.38864016950326e-10
28952,-1.8071096043066694e-09
28953,-6.532177726585015e-09
28954,2.2676110808801016e-09
28955,-2.3592590533895604e-09
28956,1.1910229076089429e-08
28957,-7.915465968622687e-09
28958,1.0754229675970627e-08
28959,5.345229590693689e-09
28960,-2.228439040187202e-09
28961,2.2870543608699713e-09
28962,1.7908448776022603e-08
28963,-5.840499644846585e-09
28964,-7.704352728912721e-09
28965,1.362940561866178e-09
28966,-9.243586017843097e-09
28967,-1.4118026461098155e-09
28968,-1.294716225295901e-09
28969,-2.307340329311097e-09
28970,-4.982489593318192e-09
28971,1.2275004673737913e-08
28972,-1.5916089777347304e-09
28973,4.258090840779588e-09
28974,1.9657016032202757e-08
28975,-9.408747594885397e-09
28976,6.79749264451434e-09
28977,-8.79395839564791e-09
28978,1.6827146727492285e-08
28979,5.130134221559601e-09
28980,1.0976190845463706e-08
28981,6.610529520314411e-10
28982,-2.6856630710879797e-09
28983,-9.479013256354903e-09
28984,-2.6612618078713867e-09
28985,1.1915189184147203e-08
28986,5.552609632713264e-09
28987,-1.824893370219567e-09
28988,-4.096768351700872e-13
28989,2.6981787455461695e-09
28990,-5.31518307853894e-09
28991,-1.56912452223356e-09
28992,-2.3315243818861636e-09
28993,2.7106334703325806e-08
28994,-3.823873399443453e-09
28995,-9.775205854130591e-09
28996,-4.861554420912483e-10
28997,-3.944816507757835e-10
28998,-6.726235169542273e-09
28999,-2.101102826944143e-09
29000,-7.88184289021341e-09
29001,-7.886052983349932e-09
29002,-3.0363102218657373e-09
29003,-4.567907392975269e-09
29004,-6.0903582625052035e-09
29005,9.930336116022958e-09
29006,1.843040289576642e-08
29007,2.2819781056287563e-09
29008,-1.3947223270093423e-08
29009,3.598069411341991e-09
29010,-2.331722920102312e-09
29011,1.293561555295958e-09
29012,-7.93767391703044e-09
29013,-7.95998372686546e-09
29014,-8.757876941960787e-09
29015,-1.065877293511778e-09
29016,5.303709230941345e-10
29017,3.6099283046540987e-10
29018,-2.733743109565519e-09
29019,4.31540380700673e-09
29020,-3.2565766485518567e-09
29021,-6.371345587214896e-09
29022,-2.059245376588322e-09
29023,1.968143343585921e-08
29024,-6.0510516781820946e-09
29025,-4.44771893760612e-09
29026,1.5036390825363815e-09
29027,1.2503322383196866e-09
29028,-2.3953080270234933e-09
29029,-1.3850549757480246e-08
29030,-2.323071171799235e-09
29031,-6.6835798905491014e-09
29032,-3.934755621966691e-09
29033,9.48183773855488e-10
29034,6.364502197041299e-10
29035,-4.926861883281656e-09
29036,3.439280997905761e-09
29037,-2.1892427566433772e-10
29038,1.2970173972575188e-09
29039,1.5927526296112762e-09
29040,-9.170673768982889e-10
29041,-1.3143775027168836e-08
29042,9.409564158594778e-10
29043,-1.575465185827302e-09
29044,-9.770800677852541e-10
29045,-1.98420777280439e-09
29046,1.2481279782918328e-09
29047,-7.01426244316669e-10
29048,-1.1271888961445413e-10
29049,-2.893879177836259e-08
29050,-6.599607311057618e-09
29051,-9.987407793854457e-10
29052,-2.9880526328084153e-09
29053,-7.194065377090815e-09
29054,2.9008492409115288e-08
29055,-1.612448819318504e-09
29056,-3.02317030355438e-09
29057,-3.89126271301431e-09
29058,2.779676636311268e-09
29059,1.489516930970284e-09
29060,6.334649440879667e-09
29061,-6.423421781567619e-10
29062,-6.836622204769893e-09
29063,-8.910514448503745e-10
29064,-8.67711636896519e-10
29065,4.899248299498293e-09
29066,1.4005141033595294e-09
29067,-8.067362617858043e-10
29068,1.555199990925728e-08
29069,-5.475165631825687e-09
29070,-5.3214652340293364e-09
29071,-3.4737887516492154e-08
29072,-2.569857064757963e-08
29073,-8.580062961078977e-10
29074,1.6730425736114347e-09
29075,2.324138956628461e-08
29076,7.751295279256725e-10
29077,1.1199691930590973e-08
29078,2.3547774662489916e-09
29079,5.966864682840818e-10
29080,1.3900752052525646e-09
29081,2.3366870506375716e-08
29082,3.0011509497491436e-10
29083,-1.6321983088378898e-08
29084,4.848754221009408e-09
29085,-7.898173897625849e-10
29086,-2.6412061799180067e-10
29087,-1.1203811212239823e-09
29088,-1.2851220798905258e-08
29089,2.2387582588854543e-09
29090,-9.950926773488994e-09
29091,4.031576426849586e-09
29092,-3.4007325777165427e-09
29093,8.70326897131929e-09
29094,-7.102212572092169e-09
29095,-4.036332343531595e-09
29096,-7.549096142723829e-09
29097,6.089078129882822e-09
29098,1.450896187899246e-08
29099,-1.3758812661775867e-08
29100,-1.8453183708494239e-09
29101,2.8841118017749117e-09
29102,-1.3307059899644353e-08
29103,-5.1890312605023204e-11
29104,-4.280332720855243e-09
29105,-1.5828564373619125e-09
29106,-6.892264016811205e-10
29107,-4.36345374582591e-09
29108,-6.052785731247999e-09
29109,-1.4109768872734738e-09
29110,-7.700135010131104e-09
29111,4.220523599990024e-09
29112,-4.087428125532361e-09
29113,1.1552794358766089e-08
29114,-9.62849603670318e-11
29115,1.7719115945464305e-09
29116,1.3896603919057899e-08
29117,3.589644928850329e-09
29118,-1.0667900566557288e-08
29119,9.603045694226562e-10
29120,6.428120963266995e-09
29121,1.9342255208064876e-09
29122,1.807630594733882e-09
29123,1.3075054329312844e-09
29124,-2.687023288678107e-09
29125,6.00329367268003e-09
29126,4.843609976546779e-10
29127,4.051923773940769e-09
29128,-5.0037931302984445e-09
29129,-1.2253882762604636e-08
29130,-7.438199466433167e-09
29131,1.8414078417796904e-08
29132,-3.902347735037072e-09
29133,-2.941762980261069e-09
29134,2.356473190288527e-10
29135,6.372351361570363e-09
29136,-3.7118284783296517e-09
29137,-5.682326303676218e-10
29138,9.212529679538344e-09
29139,-2.12421723710467e-09
29140,-1.3334055107830566e-09
29141,6.867577178154971e-10
29142,-2.371467947224993e-09
29143,-3.530593642442079e-09
29144,-1.0429051613803183e-08
29145,1.669125090820436e-09
29146,-1.8060580858252743e-09
29147,7.71364921651783e-09
29148,1.5348636763640877e-08
29149,5.2217747567771624e-09
29150,-1.054452466621911e-08
29151,2.6864588596908468e-09
29152,-5.02873420033373e-09
29153,1.7931952632235832e-09
29154,4.272010669205922e-09
29155,7.159087756089629e-09
29156,-7.30174592202802e-09
29157,-1.3336853187143722e-08
29158,-1.4816834468852965e-09
29159,1.6999406849843504e-09
29160,6.7522714644717775e-09
29161,-1.3078435890240125e-09
29162,-5.098364533402207e-09
29163,2.278748096977917e-09
29164,3.3913915944431035e-09
29165,6.04520797180769e-09
29166,-3.3570366689608664e-09
29167,1.2737664644208612e-09
29168,-5.332167933360896e-10
29169,2.3943413455278148e-09
29170,-5.449069611254366e-09
29171,4.709907087868767e-12
29172,-1.6669803987393028e-09
29173,-7.56675599324414e-09
29174,3.763993291606239e-09
29175,-1.896623065007716e-09
29176,8.565987072766008e-09
29177,6.085325259483301e-09
29178,-9.387808071543635e-10
29179,-2.7242112417423193e-09
29180,-9.865104953134944e-10
29181,3.272482606642008e-09
29182,-6.568432147609021e-09
29183,1.783260786081785e-11
29184,-5.082748550012883e-09
29185,-2.3100889158990436e-09
29186,-1.7348195478149166e-08
29187,7.948931128008521e-09
29188,1.2589520295135452e-09
29189,6.1479529466871455e-09
29190,-8.633673055707297e-09
29191,3.9405730864926385e-09
29192,-2.559519493760637e-09
29193,-1.4393559953003246e-09
29194,-1.0844592610656043e-08
29195,3.228899577130475e-09
29196,2.333982753931183e-09
29197,-4.5604100566728685e-09
29198,1.1792046882364391e-08
29199,-2.448048901851415e-09
29200,2.92737869903005e-09
29201,1.6062539477300513e-09
29202,6.854453758315719e-09
29203,3.073974917734408e-08
29204,-9.138687862903948e-11
29205,1.8433379704775136e-08
29206,-2.5310367743477277e-09
29207,-4.011257587976355e-09
29208,4.686052679308372e-09
29209,9.079417781498622e-09
29210,3.324968659028954e-09
29211,-5.560240116007437e-09
29212,-7.72070088129303e-09
29213,-8.075355297671371e-10
29214,-1.6109310548791616e-08
29215,-6.4149225713664805e-09
29216,-3.713060710727799e-09
29217,1.4953286403062835e-08
29218,-8.7802286338069e-09
29219,-2.456907853957112e-09
29220,-1.6773640106889936e-08
29221,-5.753230490020967e-09
29222,-3.6324069285462136e-09
29223,1.079333129064739e-09
29224,-1.8211433083751603e-09
29225,-8.49975784760802e-09
29226,1.0681858672781968e-08
29227,-4.596185984550832e-09
29228,2.804160176201131e-08
29229,-1.0939070446434032e-08
29230,-6.448053104858159e-09
29231,-9.949023076061116e-09
29232,4.46191084242817e-09
29233,1.084651192193486e-09
29234,-1.6303786600867488e-09
29235,-9.311744641128998e-10
29236,-2.214615249381737e-09
29237,-2.51427903561115e-09
29238,-2.0376329089010757e-09
29239,-5.382494082544001e-09
29240,-6.001118309046536e-09
29241,-2.28277520636148e-08
29242,8.37268573165809e-09
29243,8.491331757965192e-10
29244,-2.050299610836735e-10
29245,-3.958248730682579e-09
29246,-2.6044682647364934e-10
29247,-1.35749794234631e-09
29248,-5.127022907605721e-09
29249,3.804526104729398e-09
29250,-2.3970037423864636e-09
29251,1.354408143820939e-08
29252,-1.2817478563401105e-08
29253,-3.131205725020352e-08
29254,-3.94286519256243e-09
29255,-1.8248629338554444e-10
29256,1.813433495323643e-09
29257,-6.992161497677053e-09
29258,-3.3537102231162885e-10
29259,2.342292224202314e-10
29260,-2.1271543620932765e-09
29261,3.721761902349552e-09
29262,7.135517451619081e-09
29263,-3.2516032490697e-09
29264,5.4568865195852835e-09
29265,-1.022057120291408e-08
29266,-2.8509358827492414e-09
29267,7.849714466470417e-10
29268,-1.0725047995710685e-08
29269,-1.1189440233755295e-08
29270,-2.0609014656345046e-08
29271,-1.6079091731162437e-08
29272,2.2692904634030038e-09
29273,-2.5703696253913817e-09
29274,6.641002395810516e-09
29275,-1.7772331031142253e-08
29276,-2.2049773548585917e-10
29277,-1.118641220729214e-08
29278,4.278825539762402e-10
29279,6.129253410067491e-09
29280,-1.0965387548899336e-08
29281,-1.1490849170248749e-08
29282,-2.217642180140377e-09
29283,-7.017034027697934e-09
29284,-2.3369966229531116e-09
29285,-9.983074660369514e-09
29286,-1.1044134790484672e-09
29287,8.306623118505055e-10
29288,-2.84396870984648e-09
29289,-1.9961479412591073e-09
29290,1.3374140033958907e-08
29291,-5.967004269492739e-09
29292,-8.777064824029339e-11
29293,8.311687365397194e-10
29294,1.2063712094803215e-08
29295,2.439475232041419e-10
29296,-1.257618942589274e-10
29297,1.1565577445782435e-09
29298,3.823328026465059e-09
29299,3.23543729663291e-09
29300,-6.379781553638429e-09
29301,-3.726320099141747e-09
29302,-3.6381419629563642e-09
29303,-8.795165333421085e-09
29304,-3.4249733900962967e-09
29305,5.9537666476097235e-09
29306,2.1527733838500174e-09
29307,-1.805063894114516e-09
29308,1.891478740549386e-08
29309,-4.142971908090414e-09
29310,-1.0704061186287073e-09
29311,2.1754591654126167e-08
29312,-1.1897490986216595e-08
29313,5.983267654341328e-09
29314,5.953132652787591e-09
29315,1.221278255477755e-09
29316,1.0438168626743771e-08
29317,8.242346093867946e-09
29318,-1.1985519722411529e-08
29319,-4.368836276902298e-09
29320,7.052879751141318e-10
29321,-5.44101892353224e-09
29322,-1.9815370363986184e-09
29323,-2.2055811714593653e-08
29324,6.401386122170511e-09
29325,1.6524822207317753e-09
29326,4.633288462460028e-09
29327,-5.527871366384449e-10
29328,1.8606962487672881e-09
29329,1.2710167392405846e-08
29330,2.7589678886934185e-09
29331,-3.029360275348683e-08
29332,-2.109129389417622e-08
29333,-1.974074367052398e-09
29334,7.3511467663649904e-09
29335,-1.0677196829733742e-08
29336,1.0551775352500672e-08
29337,4.330714574546585e-08
29338,1.5385511821025204e-09
29339,-1.1004341041296575e-08
29340,5.237134984394325e-09
29341,-3.9061520989504104e-09
29342,2.6568364302094344e-09
29343,-2.0779942369449513e-10
29344,-5.701955754760845e-09
29345,7.855227398978398e-09
29346,-3.5770498243846398e-09
29347,-6.014896235340816e-09
29348,-6.07910277587991e-09
29349,-9.819698324817059e-09
29350,-1.7846667133309596e-08
29351,3.1689511999964715e-09
29352,-4.486510315925902e-09
29353,-2.6993865402132106e-10
29354,-2.689565730501372e-10
29355,1.9849620206660376e-09
29356,-8.945173436544355e-09
29357,-5.224787592342339e-09
29358,-2.221171827039601e-09
29359,8.20197060626673e-09
29360,-9.143742357019268e-09
29361,5.16972257143301e-09
29362,3.924772417841778e-09
29363,2.0253383862102956e-09
29364,7.983713028557169e-11
29365,-6.3652864481624155e-09
29366,-8.453128015670737e-10
29367,9.73344915147744e-09
29368,2.3473237541785422e-09
29369,-8.09512127104642e-11
29370,-1.0729804494602252e-09
29371,2.5922064762959325e-09
29372,1.4002717110822096e-09
29373,-1.8038200715940285e-09
29374,-7.3825980783473596e-09
29375,-1.5603890279063031e-09
29376,-1.1332020779313614e-09
29377,2.8923979559914584e-09
29378,1.5820582824985294e-08
29379,5.998158235007062e-10
29380,-1.9382122692727513e-10
29381,2.8556746879088232e-09
29382,1.2865205627544389e-09
29383,8.535182140250727e-10
29384,1.0924195185518766e-08
29385,-1.7804529244784387e-09
29386,-1.4470023912705649e-09
29387,-6.890373418028979e-11
29388,1.7797955034448056e-08
29389,6.763779523379642e-09
29390,-4.267225283780174e-09
29391,-1.031807899773762e-09
29392,-1.919524569575147e-09
29393,-8.716643247498949e-10
29394,1.3118357254130752e-08
29395,5.86080424109301e-09
29396,1.015394271129295e-08
29397,-2.0788735959789172e-09
29398,3.4128987918757034e-11
29399,4.867142997293841e-10
29400,-1.3372555128941488e-08
29401,2.9415925386076823e-10
29402,6.534275780668411e-10
29403,5.935131542327026e-11
29404,-6.850620141742068e-09
29405,-9.487261004195447e-10
29406,-5.915629306116508e-09
29407,-6.417627235966201e-09
29408,-1.0539554039549135e-08
29409,-1.0337324494945048e-09
29410,1.5677285305251553e-08
29411,-3.812797572809113e-09
29412,1.7761801321748304e-08
29413,4.887628068159532e-10
29414,-1.0315432765228623e-08
29415,-1.1569986785783872e-08
29416,2.0361550446555445e-09
29417,-2.340128910395418e-10
29418,1.1091020044429665e-08
29419,-2.7032684180047604e-09
29420,2.5583933022973586e-09
29421,-5.653525764674749e-09
29422,-7.529856372085671e-09
29423,6.6848184885265235e-09
29424,6.512514313430673e-10
29425,7.649493712361425e-09
29426,-7.986645702595324e-09
29427,-3.090973590450906e-09
29428,-1.1296219743011171e-08
29429,1.7643466740359659e-10
29430,-4.7056741334320575e-09
29431,1.0537157752616763e-08
29432,-1.980676122536389e-09
29433,-1.0772889021497665e-09
29434,2.523062708884392e-10
29435,-2.0502642822731336e-09
29436,-2.7231445570855977e-09
29437,1.8563577356468117e-09
29438,1.60874750349579e-08
29439,3.753265569988742e-09
29440,-3.86931715952094e-09
29441,1.1861320908040438e-08
29442,-1.1054093834619849e-08
29443,-8.527328465948539e-09
29444,-2.779889396321012e-09
29445,-2.11888019805571e-09
29446,-3.4771875404228025e-09
29447,-1.6207506507105195e-08
29448,2.0527391366802183e-08
29449,-2.5185254297379125e-09
29450,4.111889578193879e-09
29451,1.2423701998056026e-09
29452,-3.402162071332164e-09
29453,1.1893931052291566e-09
29454,9.628865218667322e-09
29455,5.519489925023642e-10
29456,-1.3171384188427441e-08
29457,4.108629344203763e-09
29458,1.5040225137088514e-09
29459,5.424325914943955e-09
29460,3.5135637823089654e-09
29461,7.922616918619736e-09
29462,-5.335289143600669e-09
29463,-1.2191517909264581e-08
29464,-8.266165669557609e-09
29465,-1.738684852524513e-08
29466,3.0913980964210183e-09
29467,8.057448519248514e-10
29468,-1.9735441681250904e-08
29469,4.880684767428624e-09
29470,-5.149936062895598e-09
29471,1.3478892761391173e-08
29472,-7.951870798606666e-09
29473,7.03749589354853e-09
29474,-4.432781253672982e-09
29475,2.900219872999198e-09
29476,1.360228475961882e-09
29477,4.5805823371372636e-10
29478,2.156831214746757e-08
29479,-9.985864236670313e-09
29480,6.879521036530841e-09
29481,7.911061147751934e-09
29482,-2.876655252587694e-09
29483,2.2714973449901705e-09
29484,-1.5647768177572945e-09
29485,2.59758411660403e-08
29486,9.923462535546493e-10
29487,1.3921487758827303e-08
29488,4.845316447926955e-10
29489,-4.459322975904765e-09
29490,1.8799749692207192e-08
29491,2.6440190826046156e-08
29492,3.80248711620148e-09
29493,1.8121392262554526e-09
29494,-9.952459453015994e-09
29495,6.648711711580552e-10
29496,-6.939018999998869e-09
29497,-1.0715439960511777e-10
29498,1.0707687110556175e-08
29499,-3.0657375223164224e-09
29500,2.5614285271739715e-09
29501,4.129727649001637e-11
29502,-2.5403732594466154e-09
29503,-1.2197037959433127e-09
29504,-2.8457254358090115e-09
29505,-2.3990703087964125e-09
29506,-2.546880418460287e-09
29507,5.106842692736474e-09
29508,1.6443034511390257e-08
29509,-1.0296705709072869e-10
29510,-1.4838820606324087e-08
29511,6.903282657748721e-09
29512,-8.184460487415456e-09
29513,2.708119603697733e-09
29514,9.035024233080258e-10
29515,-1.194176452058854e-09
29516,3.083150969022044e-09
29517,1.2872460246975369e-08
29518,7.92934720095535e-09
29519,-1.1398733519538113e-08
29520,1.3013300549707834e-08
29521,-2.26913116821525e-09
29522,-3.0486349538267526e-09
29523,4.808810312287693e-10
29524,-5.497716570470058e-09
29525,7.704756641120975e-09
29526,-1.3462657837946567e-09
29527,-8.261852217994878e-11
29528,1.476895110894419e-08
29529,-7.859926065413003e-10
29530,-6.585386702513246e-09
29531,-1.8487739983752825e-09
29532,-1.3942784978235226e-09
29533,-2.9239442371938464e-10
29534,3.811576946163452e-09
29535,-6.4371529298255115e-09
29536,1.743580960887018e-09
29537,-5.9468844291025365e-09
29538,-8.315499612794928e-09
29539,-3.484358123863882e-09
29540,3.686445149815463e-09
29541,-1.8795134266136674e-09
29542,-1.9651874433158834e-09
29543,-8.982749565490408e-10
29544,-1.9065950602566478e-08
29545,-5.951365222638235e-09
29546,-3.2069118555120365e-09
29547,6.8925402748305235e-09
29548,1.982558897708687e-09
29549,-5.122699705958016e-09
29550,2.342135779465452e-09
29551,-6.8525857819297686e-09
29552,-1.0101162977448741e-09
29553,5.790120434363763e-09
29554,9.07115270272914e-09
29555,-1.2054189092058013e-08
29556,1.6365098908477372e-08
29557,-1.4881438586850637e-10
29558,4.3968412953817715e-09
29559,-5.603286641749611e-09
29560,2.6718079620756854e-09
29561,-5.839308014450836e-09
29562,2.8794152901984546e-09
29563,-1.1018900038081654e-08
29564,-6.236064395552012e-09
29565,1.1343501857609942e-08
29566,-5.785843625661685e-10
29567,4.5763709001612645e-10
29568,-8.494692452748292e-09
29569,-2.1211739403728713e-09
29570,2.312047188139559e-10
29571,-1.0243632364519382e-08
29572,-1.3247106642040294e-09
29573,4.754459549714617e-09
29574,3.599250665236572e-09
29575,1.1402065175946361e-08
29576,-4.1193840247670965e-09
29577,2.5783655866582177e-09
29578,3.4805255146632975e-09
29579,-1.683285739539741e-08
29580,2.0025076523255794e-09
29581,-2.9569166316251984e-09
29582,1.4636956118309406e-09
29583,-4.939953392830293e-09
29584,-6.3229156425200044e-09
29585,1.4151494879645757e-09
29586,-1.0466409691397872e-09
29587,2.83080142176063e-09
29588,-2.774092902241074e-09
29589,-2.4526369991325545e-09
29590,-2.934297244525634e-09
29591,3.1096859387779163e-10
29592,-4.723153007999701e-09
29593,3.450770054770697e-09
29594,-3.4546016177267967e-09
29595,-3.8122306073033135e-10
29596,8.337259048889776e-09
29597,-5.116492438055395e-09
29598,2.0259306787437014e-08
29599,3.4177180027896875e-09
29600,-2.548756502348049e-08
29601,4.2468061187500323e-10
29602,-5.619964551599146e-10
29603,-4.380556947216638e-09
29604,1.5123766447222674e-08
29605,5.9941374925773806e-09
29606,-1.154133868631846e-09
29607,8.555522550915722e-09
29608,-1.3310815816294317e-08
29609,-7.115496687613502e-09
29610,-6.395309660115963e-09
29611,-7.86311013569625e-09
29612,-8.19231309997508e-09
29613,-4.805662225684619e-09
29614,-2.428973266402277e-08
29615,-2.734118550756386e-09
29616,-4.217289456815698e-09
29617,2.071292025929219e-08
29618,1.3286920040496823e-08
29619,-7.62419960315785e-09
29620,-1.166956709643539e-10
29621,2.4146825652266375e-09
29622,-3.930791741153418e-10
29623,-1.2319190219888767e-08
29624,1.2143533620765729e-08
29625,-1.2411105843128686e-09
29626,-3.4257648145846672e-09
29627,-2.346316235539416e-10
29628,2.388882623340785e-09
29629,1.5711729250953166e-09
29630,-5.26265958020878e-10
29631,1.8774940792959944e-08
29632,-5.825828604081644e-09
29633,-4.359277984287094e-09
29634,4.234251972907394e-09
29635,-1.1183062868661234e-08
29636,3.300426444729622e-08
29637,-2.9088427041645447e-09
29638,2.4674030920725745e-10
29639,-5.383505532732207e-09
29640,-7.2926022488894034e-09
29641,2.9932290120650525e-08
29642,-3.95152290546446e-09
29643,1.0393985222755248e-08
29644,1.0228959778928795e-09
29645,-3.0245998034466933e-09
29646,-3.5391837366590707e-09
29647,-1.4438136307292375e-08
29648,-1.8812505798920765e-09
29649,-1.010730926653475e-09
29650,3.5444142589587712e-09
29651,5.511209922497379e-09
29652,1.1327705112455084e-08
29653,-5.881151336281123e-09
29654,-2.37523977447335e-09
29655,-3.1841846022866853e-09
29656,-9.502815463605304e-10
29657,-2.418384884236272e-09
29658,-1.6064840961737628e-09
29659,-3.0904802669059603e-09
29660,2.74518734368745e-10
29661,-7.956547455149433e-09
29662,3.823143259907065e-09
29663,-5.214198291682734e-09
29664,-2.4000699610605016e-09
29665,-3.542213963672561e-10
29666,-4.017802117790117e-09
29667,-2.281199112309036e-09
29668,-7.538703585384369e-09
29669,-4.031386818462565e-09
29670,-4.424597750033543e-09
29671,-1.7758185333688208e-08
29672,3.4553746326749333e-09
29673,-3.481917829387116e-10
29674,-6.256611891443213e-09
29675,-3.752674089972894e-09
29676,5.085260144605383e-10
29677,-2.4438260266755984e-08
29678,-4.727020885905344e-09
29679,-6.599392662879074e-10
29680,1.4839675517524031e-08
29681,6.036807903648657e-09
29682,1.6347296012562914e-09
29683,-1.654200725842089e-09
29684,8.255565999918657e-09
29685,-7.090975516152994e-09
29686,-3.341178320509769e-10
29687,-3.205727320866788e-09
29688,-8.222679709681384e-09
29689,1.0904476149979612e-08
29690,1.0307039420507716e-09
29691,1.559199384098471e-08
29692,1.508529565181874e-08
29693,-1.605202883735492e-09
29694,1.2232802493941113e-08
29695,5.577256451857888e-09
29696,-2.2773847983480712e-09
29697,1.082948547231217e-08
29698,-3.6167460370263214e-09
29699,-3.1996546130966593e-09
29700,-2.925211160581479e-10
29701,-5.115815124637288e-10
29702,-3.31732111982092e-09
29703,-5.0874980705977885e-09
29704,-2.309467762380944e-08
29705,-4.673018607838287e-09
29706,1.2955216608037586e-09
29707,-4.046456373067939e-09
29708,4.833266268351283e-09
29709,-1.0564143218004804e-08
29710,-4.918849427488078e-09
29711,-9.581963637218311e-10
29712,-7.575282067572175e-09
29713,1.4356344791039753e-08
29714,1.9313428379240797e-08
29715,-4.585708721577341e-10
29716,1.3006334813255233e-08
29717,-2.1434715002144835e-08
29718,-2.4019251227589964e-09
29719,-2.6648017437002478e-09
29720,-1.1269004901764323e-08
29721,-5.55193755883482e-09
29722,4.757876740365562e-09
29723,-7.193558811987071e-10
29724,-1.579250792750013e-08
29725,-9.525598004008515e-10
29726,3.799388379374562e-09
29727,-3.0908714944857177e-09
29728,1.6688074950000652e-08
29729,-1.7838230765105276e-09
29730,2.0446826462505296e-08
29731,3.7174662950775227e-09
29732,2.0959372562530868e-10
29733,-1.82424174271115e-08
29734,-2.312970008646237e-09
29735,-1.2122389697435348e-09
29736,-1.9307304418402823e-08
29737,-4.421017219300472e-09
29738,3.3937879097540673e-10
29739,-4.984514288520487e-10
29740,-1.0884172373953598e-08
29741,6.759830942221811e-09
29742,4.328045663935665e-09
29743,-7.439547530083636e-09
29744,1.3608065711748113e-08
29745,-9.489960728932069e-10
29746,-3.4909073121156068e-09
29747,-1.9912943784952674e-08
29748,1.6645202311663595e-08
29749,-2.4288525424301624e-08
29750,2.920663300060408e-10
29751,-3.1512571999071784e-09
29752,6.882450480499695e-09
29753,-7.702217040844264e-09
29754,-3.568668748869153e-09
29755,-2.4557037910266575e-09
29756,-1.075715151660387e-09
29757,-3.5455140214411515e-09
29758,-9.91776191693389e-10
29759,-5.845039011263485e-09
29760,-7.411194280057024e-09
29761,-1.978099642377553e-09
29762,-1.4009297805699502e-08
29763,-1.0640981854115519e-08
29764,3.2500492017001454e-09
29765,1.5002813265182374e-08
29766,-3.082325548958732e-09
29767,-5.938457318208559e-09
29768,-9.194449632172638e-09
29769,-3.258872620258972e-10
29770,-2.1818930194630717e-09
29771,8.249538487159255e-09
29772,-4.726474402512269e-09
29773,-5.552677923501052e-09
29774,-1.695748423160768e-09
29775,4.7029697411457324e-09
29776,-1.941970595039916e-09
29777,-6.809092389997963e-09
29778,-9.27774495432838e-09
29779,7.756903447860472e-09
29780,-2.969629513201414e-08
29781,1.5485467898660614e-08
29782,-3.855863573537926e-09
29783,-8.81067518329537e-09
29784,1.0232140268220418e-09
29785,4.864143939608114e-10
29786,1.9694199276054183e-09
29787,7.53884536587833e-09
29788,-4.601907019853519e-09
29789,4.856528151893785e-09
29790,1.6300715525148793e-09
29791,2.260561218353995e-09
29792,-3.3570245437923985e-09
29793,-5.469580218229485e-10
29794,8.191696895649231e-09
29795,-1.0764520631385875e-08
29796,-3.6249194158584798e-09
29797,2.218304098848638e-09
29798,-6.366657657889883e-10
29799,-4.766202204276394e-09
29800,3.4003254746477184e-09
29801,2.9358359107013007e-08
29802,2.3708685928707223e-09
29803,7.297135626063896e-09
29804,-3.995033308909722e-09
29805,3.254532968633106e-09
29806,2.257237213660515e-09
29807,-3.1807733322699165e-09
29808,3.0923032374692568e-09
29809,-2.470285826809689e-09
29810,5.940880027900092e-10
29811,1.4051617448145862e-09
29812,-2.6173713434758996e-09
29813,1.9731354530740505e-08
29814,4.343145975477547e-09
29815,-6.554414424596022e-09
29816,-2.152232841807369e-10
29817,-3.5124934058118706e-09
29818,-2.6175902983088184e-09
29819,-6.490321448205519e-09
29820,-5.059475415590629e-09
29821,-3.437660025412249e-09
29822,-9.500352401821795e-09
29823,-1.557032807188331e-09
29824,3.392806028220095e-08
29825,4.345429533152081e-09
29826,-6.257168160474988e-09
29827,5.599592856513257e-09
29828,-1.2844099905865867e-09
29829,3.599531701856351e-10
29830,-6.036495766978334e-09
29831,-5.429085040539605e-09
29832,1.1427209701713747e-08
29833,-3.498333988030617e-09
29834,-1.2485912300312662e-09
29835,2.1968409680302198e-08
29836,6.230631138616733e-09
29837,-3.7501568448252767e-10
29838,2.027933353179399e-09
29839,-1.4639316384521542e-09
29840,9.751698912199928e-09
29841,5.361726116152553e-09
29842,5.912915498467234e-10
29843,2.4522890960085447e-09
29844,-1.0036941964129968e-09
29845,1.2324543059336775e-10
29846,1.884849025171576e-08
29847,3.804857123194084e-09
29848,-6.40623372016278e-09
29849,-9.43987363529203e-09
29850,2.3969615157659914e-10
29851,-1.5342177468971773e-09
29852,-3.4505209920790224e-09
29853,4.6271493601005464e-10
29854,-6.626619211958259e-09
29855,1.2314620940498546e-09
29856,8.219519774141643e-09
29857,4.114428358262457e-09
29858,-3.6309185380505816e-09
29859,-5.662428256137589e-09
29860,-3.0702870146563567e-09
29861,-1.553684348889494e-09
29862,-3.8793481668936284e-09
29863,-1.548374164427259e-08
29864,-6.12992110035637e-09
29865,1.9685292408433935e-08
29866,-1.1043155412645112e-08
29867,-5.23731122387362e-09
29868,-5.707466963528165e-09
29869,2.7848254490655014e-09
29870,1.0425943305937526e-09
29871,6.7207580096509e-09
29872,1.5944374755140772e-09
29873,-1.6472255382669027e-09
29874,-5.262647848196768e-09
29875,1.2508972437115745e-08
29876,3.961611040047577e-09
29877,8.465410136148521e-10
29878,-3.329347708926394e-10
29879,1.920799328775425e-09
29880,-6.001632182609042e-09
29881,-1.1877970736342132e-08
29882,-1.6365868293929927e-09
29883,-2.5237210088759114e-09
29884,-4.7184423662656606e-09
29885,-6.163821068482456e-09
29886,-3.835595209865491e-09
29887,-8.629890228807807e-09
29888,-7.558899573265409e-10
29889,1.2558929025881005e-10
29890,4.515617101920822e-10
29891,3.9014439900385515e-09
29892,-9.831387660703988e-10
29893,2.5867212275882493e-08
29894,6.237713836784551e-09
29895,6.8968344440254504e-09
29896,9.773819773147988e-11
29897,-1.6273747987294338e-09
29898,1.066549221235499e-08
29899,-6.010136891803892e-10
29900,-7.971910487313997e-09
29901,1.2069802093502376e-09
29902,1.7260731305848772e-09
29903,-1.902410087722343e-09
29904,-5.310436501068503e-09
29905,2.2420036821087743e-09
29906,-2.366993638601209e-10
29907,8.53001564945912e-10
29908,-1.941585431007591e-09
29909,4.918410654060996e-09
29910,-7.601164174450709e-10
29911,-1.6751358522875436e-09
29912,-5.208890968201131e-09
29913,-6.123465835521831e-09
29914,-3.3436532632111823e-09
29915,1.82402648184056e-10
29916,1.6720511091644334e-08
29917,7.381632676260344e-09
29918,1.5434089710702772e-08
29919,-1.9312330597117496e-09
29920,-2.529994100658245e-09
29921,-1.2745878939920034e-08
29922,1.0382493036795659e-08
29923,3.1748803418899365e-08
29924,-2.0210746243161683e-09
29925,5.064095038669311e-09
29926,8.938261864639276e-10
29927,-5.061964062590551e-10
29928,-4.198308866037179e-09
29929,2.954409347099688e-09
29930,2.9588259399798727e-08
29931,-3.051226982474598e-09
29932,-1.1381739880321891e-08
29933,1.3242680269661994e-08
29934,-1.0244159356562142e-09
29935,-8.139673451347393e-09
29936,5.082441918574732e-09
29937,-9.67341165904392e-10
29938,-3.5139448769250605e-09
29939,-3.6068540661170065e-09
29940,2.4266686423301773e-09
29941,1.7899069690268121e-09
29942,-1.3164149171850576e-09
29943,5.451186037580908e-09
29944,1.561689202245131e-08
29945,-5.789544112471592e-10
29946,3.81663804779271e-09
29947,-7.617224009070154e-09
29948,-4.4531195570340506e-09
29949,2.9077783867724167e-09
29950,2.2544893329192824e-09
29951,-2.0473663893824542e-09
29952,-3.0589541308236685e-09
29953,-5.114731442835147e-09
29954,-1.145423260936873e-08
29955,5.3254322281075e-10
29956,1.5287861272547703e-08
29957,5.1196862265005505e-09
29958,-2.1778750778307974e-09
29959,-7.696885700053506e-10
29960,-3.8153505431695005e-09
29961,3.3908784857903326e-09
29962,-6.5563220559878415e-09
29963,5.129668399380394e-09
29964,-5.882081597727128e-09
29965,-1.4886160010775622e-08
29966,3.6500449961405435e-09
29967,-3.871034848690211e-09
29968,-1.0954969574231201e-09
29969,-2.2875137797508366e-09
29970,1.3710043005355467e-08
29971,-2.8589880332261546e-08
29972,-5.12615324310219e-09
29973,4.381951528997927e-09
29974,2.7082638995264816e-09
29975,-1.9613716419488496e-09
29976,1.492097073917965e-08
29977,3.847706844670648e-09
29978,-5.216452179033887e-09
29979,7.111061191940175e-09
29980,-3.2750830851567902e-09
29981,7.833047071983268e-09
29982,-3.445290668629574e-10
29983,1.7549456929685006e-08
29984,-1.537239107623107e-09
29985,8.977478459967666e-10
29986,4.882231722104107e-09
29987,1.56088051564095e-08
29988,-1.6439862467879537e-09
29989,2.9012668007732816e-10
29990,-6.579252350843782e-09
29991,-4.593651276165359e-09
29992,1.255540301516201e-08
29993,-8.815892037360563e-09
29994,2.3355294889381033e-09
29995,-2.8289891531559946e-09
29996,-2.090433923758899e-09
29997,-4.668296642752467e-09
29998,-4.591036025518492e-09
29999,-6.174910406158767e-09
30000,-3.729702984304408e-09
30001,-2.429994608228098e-09
30002,-7.624958149779412e-09
30003,1.1636741904030602e-08
30004,9.371563133738293e-09
30005,4.75011064428586e-09
30006,-1.2112358682143388e-09
30007,1.2796255936728493e-09
30008,-5.424363542060152e-09
30009,-9.041349185478145e-09
30010,1.0405828167639454e-08
30011,-1.095712926031492e-09
30012,1.8359404234624873e-08
30013,1.264572014450671e-08
30014,-1.024790655747731e-09
30015,3.453516129031864e-11
30016,6.146939298810722e-09
30017,1.0814168230135315e-09
30018,2.486787791167911e-10
30019,-3.3526545765644754e-09
30020,-2.3931186314362614e-09
30021,-1.2538622763674684e-08
30022,-4.048435148046173e-09
30023,-6.740307409739851e-09
30024,-6.8495269177601996e-09
30025,-6.397687523980787e-10
30026,-1.2516236978884252e-09
30027,-3.386757557013182e-09
30028,1.0424119494370595e-08
30029,-1.159888514764801e-09
30030,3.1187378121599806e-10
30031,-1.3212496925608487e-08
30032,-2.1544399930996852e-09
30033,-9.808429228814698e-09
30034,3.390651242842791e-09
30035,-9.925056468126797e-10
30036,-4.253646879470537e-09
30037,-7.776747110690827e-10
30038,1.603406772582581e-09
30039,9.242601730929729e-11
30040,-1.8439909952470904e-09
30041,3.692847001169205e-09
30042,-9.423651315848587e-09
30043,-4.4727261999989314e-09
30044,-1.0979635736700678e-08
30045,1.8579992581463927e-08
30046,-2.5931784516833856e-09
30047,1.1157737336297579e-10
30048,-1.1014580403842318e-08
30049,7.459415265625134e-10
30050,1.2259324784912299e-08
30051,-1.0910460255124323e-08
30052,2.1116064759359478e-08
30053,1.8918144249004467e-08
30054,-9.40035791984865e-10
30055,1.673240449034737e-09
30056,-7.04206981205114e-09
30057,1.4467014462467739e-09
30058,8.83033551749521e-09
30059,1.095626740159979e-09
30060,-1.878038637237014e-08
30061,-8.480648133612428e-09
30062,7.714657364545002e-09
30063,-7.531559988091532e-09
30064,-2.4720778568896797e-09
30065,-7.0764524300877256e-09
30066,1.724478424920111e-09
30067,1.3124143655476822e-08
30068,-2.0113545510454937e-09
30069,3.006878847086575e-08
30070,7.989176670292193e-09
30071,-1.86839347189438e-09
30072,1.2523331910582301e-08
30073,-9.10855645396411e-09
30074,-1.0663389555057606e-08
30075,2.7290791445358488e-08
30076,1.0067114441572513e-09
30077,-9.750047604963089e-09
30078,9.304937636069986e-09
30079,1.0712956127673742e-09
30080,-1.7363677348247223e-09
30081,3.353813128281811e-09
30082,-7.424339935100261e-09
30083,-1.6715101154697484e-09
30084,2.4780038726481914e-09
30085,-2.4170156264125985e-09
30086,3.4511647800940096e-09
30087,4.388188730300368e-09
30088,-5.266549245701041e-09
30089,1.571226383014155e-09
30090,-5.419343599096819e-09
30091,-3.2392717593352343e-09
30092,-3.1787328272384917e-09
30093,5.8968605344662355e-09
30094,3.129280849498888e-09
30095,2.3635969684611346e-09
30096,-4.715801952989665e-09
30097,-7.391642446034388e-09
30098,3.1429808760661305e-09
30099,-8.796555044626738e-10
30100,-9.254353165290895e-10
30101,1.2636084984645657e-09
30102,-8.30950144885238e-09
30103,1.0110970967529933e-08
30104,-8.113610389660283e-09
30105,-3.4941335654451794e-10
30106,4.266334930299317e-10
30107,-1.1226565657933005e-10
30108,-2.7834400141054e-09
30109,8.583678030296642e-09
30110,1.9867468121698963e-08
30111,-5.2850436155784725e-09
30112,-2.5657600382896703e-09
30113,-1.0488617869136097e-08
30114,-5.516063698591587e-09
30115,6.227664321943808e-10
30116,3.379907517052888e-08
30117,2.0312912531196516e-08
30118,9.916817217254501e-09
30119,-1.4253631282276886e-09
30120,1.3087080531877398e-08
30121,-3.910901969897847e-09
30122,2.3177059806965532e-09
30123,6.9458502090236935e-09
30124,-7.352764470246016e-10
30125,2.4905987514198174e-08
30126,-1.635849407600135e-08
30127,8.435171307915873e-12
30128,1.0133874731966466e-09
30129,-1.2058238493914609e-09
30130,-7.135251301977893e-09
30131,2.4869921086328217e-08
30132,-2.550668933329134e-09
30133,-2.695691199510289e-09
30134,4.156518049686512e-09
30135,-1.6283202779169773e-09
30136,-1.793528333141492e-09
30137,1.2317692624276173e-09
30138,-7.26285336442792e-10
30139,1.0104549102293188e-08
30140,6.000917595406862e-10
30141,-2.0044433588558626e-09
30142,-1.428335270414891e-08
30143,5.197437317726658e-09
30144,-1.7068617995116423e-09
30145,-4.231721260882594e-09
30146,-3.983893263077612e-09
30147,-7.900614287815365e-09
30148,-1.209453247022948e-08
30149,-6.283426183584956e-09
30150,1.2809783741206857e-08
30151,-2.333521025642739e-10
30152,-4.396829297842435e-10
30153,9.280111884352921e-09
30154,-1.8032020904788161e-09
30155,-7.290784115695763e-10
30156,4.115942371158717e-09
30157,-8.46498173155705e-09
30158,9.681427764931793e-10
30159,4.8524478485018194e-09
30160,3.6886917894133274e-09
30161,-1.342282861617777e-08
30162,1.773917130754537e-09
30163,-5.150949477632108e-09
30164,-4.019570012236247e-09
30165,-1.7676480330471902e-09
30166,2.6645728232411982e-09
30167,-4.785165654375223e-10
30168,3.6507372678186538e-09
30169,-2.6299859629858967e-09
30170,1.4651729217593282e-08
30171,-7.917738410499388e-09
30172,-9.753930955221056e-09
30173,7.160686324007719e-09
30174,-6.5512119054400525e-09
30175,-9.821781446890688e-09
30176,7.598380223404619e-09
30177,-4.189192539890996e-09
30178,-5.470639949951061e-10
30179,-3.0103304138223977e-09
30180,-1.3477187899916612e-09
30181,-6.190494226948355e-10
30182,4.09657502374931e-09
30183,6.135940120920231e-09
30184,-1.0013171550214727e-08
30185,1.1646866961215128e-08
30186,-9.796800571582604e-10
30187,2.1530529018320543e-09
30188,1.117683488500252e-09
30189,-7.791172253005456e-09
30190,-5.3562254089185265e-09
30191,7.399945726780525e-09
30192,-3.224508998138391e-09
30193,-2.050983684669879e-08
30194,1.6297464658180654e-10
30195,8.591864598403111e-10
30196,9.02857075236444e-09
30197,-7.261808005035873e-09
30198,1.1934529446923993e-09
30199,2.3186119781140665e-09
30200,6.046101353928547e-09
30201,1.2621274016777045e-08
30202,-7.3377288679176185e-09
30203,-3.669738385784071e-09
30204,-4.430406575751142e-09
30205,5.2348013711797765e-09
30206,-6.231738044938791e-09
30207,-4.526169776919658e-09
30208,2.174908845122505e-09
30209,-2.5913633194830877e-09
30210,1.976606819895969e-10
30211,-5.945268361932169e-09
30212,-5.501085139931206e-09
30213,3.7072395778012877e-09
30214,-5.52689012575187e-09
30215,-2.5297640638340136e-10
30216,1.505631673674195e-09
30217,-7.947174466604236e-09
30218,-1.5950685144997324e-09
30219,2.797962344132343e-09
30220,-1.8034173565942976e-09
30221,6.060661463497182e-09
30222,-2.1627063425660637e-09
30223,3.746999259350262e-09
30224,-9.82335843784141e-10
30225,9.255868556650452e-09
30226,1.585762421128265e-08
30227,1.5766888126470058e-09
30228,6.715133606515929e-10
30229,-5.59445855151006e-10
30230,-8.316297799563266e-09
30231,-9.66280982037602e-09
30232,-8.26148819118742e-09
30233,-2.4383257508693624e-10
30234,1.1268760663025048e-08
30235,-1.1312567421261881e-08
30236,-1.2636238641842204e-09
30237,3.850494195326026e-09
30238,4.581452912484939e-10
30239,2.4341614100944026e-08
30240,-3.598487598938477e-10
30241,-2.4031029814654325e-09
30242,2.0891093570812563e-08
30243,-2.195241915134985e-10
30244,6.31998860843658e-09
30245,8.405872283260187e-09
30246,-2.118374178407206e-09
30247,-2.93008242656352e-08
30248,1.0822607522098698e-08
30249,4.936727636324089e-09
30250,2.8145115990706305e-09
30251,5.171230530705111e-10
30252,-4.646608782127814e-09
30253,8.906230108380421e-10
30254,-1.355305074095622e-09
30255,2.2612501899439883e-09
30256,-4.206532075634674e-09
30257,-6.133478022401293e-09
30258,3.4172910605464443e-09
30259,8.961499922503148e-09
30260,-8.513044120116331e-10
30261,-1.202229251586346e-09
30262,1.432780436375426e-08
30263,-2.2726455180826598e-09
30264,-3.6522061724961803e-09
30265,2.8019274409598073e-09
30266,-7.486112854452811e-09
30267,-2.0641145711463575e-09
30268,6.490156534403336e-09
30269,2.455955394545257e-09
30270,1.7839248955086033e-09
30271,5.177802460462396e-09
30272,2.3125595608481495e-09
30273,-2.4669149153638745e-08
30274,5.444033432724322e-09
30275,-4.971334733044481e-09
30276,2.1931896458904283e-08
30277,-1.216104462870974e-09
30278,2.2977876831200825e-08
30279,-4.899044361404531e-11
30280,-1.506867185220961e-08
30281,-1.6973888313825474e-09
30282,-4.9433313623514e-09
30283,1.5616474223794646e-08
30284,-3.411883279882029e-10
30285,8.325879219344857e-09
30286,-1.075829940578969e-08
30287,2.6865641779398384e-08
30288,-4.237060010563849e-09
30289,-7.334423412880252e-09
30290,1.0098359144708405e-08
30291,-4.427917039298563e-09
30292,2.677376259067467e-10
30293,-9.25455346151138e-09
30294,-1.1401392529979949e-08
30295,-9.338977221763775e-09
30296,-9.887772245173153e-09
30297,-2.4626422914741725e-09
30298,-2.7336940315613756e-09
30299,-4.915410563983558e-09
30300,8.98526501255048e-09
30301,-2.0662279331604945e-09
30302,-1.2855869683862195e-08
30303,-3.009731097918727e-10
30304,1.5958388926456929e-09
30305,2.9295357111950108e-08
30306,-1.6438629187709468e-09
30307,-2.0483317984888993e-09
30308,-3.631685014912979e-10
30309,-7.674125499683597e-09
30310,-2.9054789561016182e-09
30311,-2.9231968187436794e-08
30312,1.0975454777403032e-08
30313,-8.573347342380129e-10
30314,2.4891532708664e-10
30315,-1.4022387969759583e-09
30316,5.142316186768166e-10
30317,-2.74716075188293e-09
30318,-1.6510582732369147e-09
30319,1.3538893973790124e-09
30320,-9.634764488370823e-09
30321,4.4224716763248005e-10
30322,1.107372348240016e-09
30323,-3.2273797069079433e-09
30324,-3.764950513820466e-09
30325,-2.890838256959087e-10
30326,-2.956489334728186e-09
30327,-6.054340029051495e-09
30328,-3.230649506028097e-09
30329,-4.405809223659912e-09
30330,1.6310228552527193e-08
30331,-2.303469009336313e-10
30332,3.6303964545288857e-09
30333,-2.6041676569508063e-09
30334,-1.2992966286657671e-09
30335,3.200791359956105e-09
30336,-2.66571491529256e-09
30337,-5.445796422867479e-09
30338,4.214803079406941e-09
30339,1.0290399829645098e-09
30340,-1.4545794538239353e-08
30341,-3.81840452971834e-09
30342,1.4216466971769067e-08
30343,1.1838756421193867e-10
30344,6.183382190579008e-09
30345,-4.969878808403489e-10
30346,1.589521218650728e-09
30347,2.9783278899688057e-10
30348,1.226220640825034e-10
30349,-3.732752644430745e-09
30350,-8.806427655281602e-09
30351,-1.7792718050185728e-08
30352,-4.45685707174026e-10
30353,-1.2484875555869978e-08
30354,-6.258059829044417e-09
30355,1.9885572884078336e-08
30356,1.0875193502288255e-08
30357,1.1621508228832825e-08
30358,-2.7731286205347412e-09
30359,-1.890910235389354e-09
30360,3.960635018894857e-10
30361,1.7077699776938826e-08
30362,-2.8559286572132177e-09
30363,-5.134390545288469e-09
30364,9.481225500517902e-09
30365,6.182447764004523e-11
30366,1.0449557386041883e-08
30367,-1.3948577986306656e-08
30368,-6.431713001382951e-09
30369,-1.3745886456668681e-08
30370,-1.4949219092361304e-08
30371,3.602152177615755e-09
30372,8.583190932842543e-10
30373,8.483573915512363e-09
30374,-8.080376775700578e-09
30375,3.94860143735793e-09
30376,6.606980299621159e-09
30377,-2.7576197145324464e-10
30378,-4.366192817120947e-09
30379,-2.4286071415044906e-08
30380,-3.029632622204163e-09
30381,2.1712219650618163e-09
30382,3.2849822819140625e-08
30383,3.557279884318012e-09
30384,3.7023161866331126e-09
30385,7.456612330207252e-09
30386,1.2220584738855711e-09
30387,1.2839397560894444e-08
30388,-1.100608101210116e-09
30389,4.6195947059590054e-10
30390,2.7733795929118394e-09
30391,-9.216512929989523e-09
30392,7.226654242465987e-10
30393,6.841840227658241e-09
30394,1.7665780338440845e-08
30395,1.612318471179555e-08
30396,2.129103592904435e-09
30397,-3.753330844058672e-09
30398,1.8663756225994708e-09
30399,-8.19598996231726e-09
30400,-4.0476015059252515e-09
30401,1.1944551887474947e-08
30402,-8.708601543938222e-09
30403,-7.526234727913373e-10
30404,-4.099157591690832e-09
30405,6.610762261960363e-09
30406,5.485129001376636e-10
30407,-2.1641773486822962e-10
30408,-1.0373380383789035e-08
30409,-5.404399434201132e-09
30410,8.368402037221435e-09
30411,-6.434901357725453e-09
30412,-2.2489182015956723e-09
30413,-7.571428137970533e-09
30414,-3.51910494750125e-10
30415,6.950117490696987e-10
30416,-2.8608653561719296e-09
30417,9.087514958108984e-09
30418,-9.825392247529414e-10
30419,-6.1793871827395584e-09
30420,-6.481124263091206e-09
30421,-1.0435659679645296e-08
30422,4.635753416391839e-08
30423,-2.864718571812023e-11
30424,-3.5321467635421918e-09
30425,-2.830026192498849e-09
30426,-3.646346215958876e-09
30427,-9.471248672523172e-09
30428,5.387030845119161e-10
30429,1.7865770891940538e-10
30430,-6.997751150443089e-09
30431,-1.5543474843372008e-09
30432,6.690363862838664e-09
30433,-8.957589784578121e-10
30434,5.12544581308306e-09
30435,7.676635015920318e-09
30436,2.6809702790742163e-09
30437,-5.723734302985273e-10
30438,3.161667882470666e-09
30439,-2.5530162323237437e-08
30440,1.3398940464040127e-09
30441,-2.1774750080572994e-09
30442,9.929051046908442e-10
30443,5.938426567038353e-10
30444,3.25453600625962e-09
30445,4.497805082992456e-11
30446,-3.203443817321871e-09
30447,-2.3984824575071555e-09
30448,2.2383779604840288e-09
30449,1.8926174891434073e-08
30450,-6.148701537247811e-10
30451,-9.334398430137125e-09
30452,-8.039008404633586e-11
30453,3.976640925291815e-10
30454,-9.036149826581956e-09
30455,-1.1573752786691268e-08
30456,-4.227054110313957e-09
30457,-6.873459968189236e-10
30458,-4.5918224285791236e-09
30459,1.2825880997237204e-08
30460,-7.15948900714269e-09
30461,1.0127187452252126e-08
30462,7.475738714266246e-09
30463,-1.019430109997857e-08
30464,-2.6526916550451578e-09
30465,-2.5137497902663638e-09
30466,-5.8789382696917875e-09
30467,8.624554467803952e-10
30468,1.077312257501592e-08
30469,2.7977249257034655e-09
30470,2.3699455882509647e-09
30471,1.527889651336019e-08
30472,-9.12887870158719e-10
30473,-2.7881762185276445e-09
30474,5.8306913597890045e-09
30475,6.1618471621413e-09
30476,-3.646631487020303e-09
30477,2.2332641400081345e-09
30478,-5.979748885044831e-10
30479,-6.868915238143244e-09
30480,-7.3635365458699295e-09
30481,-2.2821194186896316e-09
30482,-2.540476012084399e-09
30483,1.840339020045749e-09
30484,-5.431448196268097e-09
30485,-2.7503960953777515e-09
30486,-6.175728108970609e-10
30487,6.230866749869733e-09
30488,-2.028057106498891e-09
30489,2.2113720015544542e-08
30490,-1.592304326583237e-10
30491,-2.0100178884279784e-09
30492,5.771765621390928e-10
30493,2.5725968702437886e-09
30494,-2.5017912896748755e-09
30495,-5.456579003466934e-09
30496,-7.625200984233823e-09
30497,-2.3506557115624573e-09
30498,-7.994553247656929e-09
30499,-1.0691649438951308e-09
30500,1.223967743863964e-08
30501,-8.199413671132245e-10
30502,-4.130998555226331e-09
30503,1.3101802654906438e-09
30504,4.2531806320244874e-10
30505,9.611189661666076e-09
30506,-7.6599445841434e-09
30507,-5.3961096893781334e-09
30508,4.419565764741179e-09
30509,-9.83504719712674e-09
30510,-9.733251134606845e-10
30511,7.126697291817873e-10
30512,-6.487037734863988e-09
30513,8.673011393210892e-09
30514,1.5648986446859132e-09
30515,1.9781457806245926e-09
30516,-9.332353516631584e-09
30517,-1.147948522010345e-09
30518,6.575562137482151e-09
30519,-6.043044082164732e-09
30520,3.5666499930922626e-09
30521,1.5327902359454996e-09
30522,3.730594304856253e-09
30523,-5.376208811496349e-09
30524,-7.206320162499671e-09
30525,-9.131030668543922e-10
30526,2.4370644055270873e-09
30527,-1.1059658121624203e-09
30528,-2.853326695567441e-10
30529,-7.715318332794936e-09
30530,-2.670311567528534e-09
30531,-1.8549009321575783e-10
30532,1.7650884902860233e-08
30533,2.9378623382163415e-09
30534,-2.4335246073452947e-09
30535,8.436120178119311e-09
30536,5.862597892313791e-09
30537,-3.2523440994792472e-09
30538,2.7294487999241806e-09
30539,-7.716026262690802e-09
30540,-3.014651097447253e-09
30541,-1.8258033345177842e-08
30542,-2.0773855251420094e-09
30543,-6.091124243767197e-10
30544,-6.546196833755841e-09
30545,-3.2959302444503794e-09
30546,1.0407043211045415e-08
30547,1.852608058525471e-08
30548,-1.2138182224944767e-08
30549,-4.860399046951323e-09
30550,8.309948374926471e-09
30551,7.495991180953845e-10
30552,1.0181825201883155e-09
30553,-6.368506906194688e-10
30554,-6.803721137323272e-09
30555,8.653949566038928e-09
30556,1.4166130788369663e-09
30557,2.1804236214470774e-09
30558,-6.900385236022165e-09
30559,1.5711585491811452e-08
30560,-4.5830819684680124e-10
30561,-1.0472031349530546e-08
30562,1.7905141797700474e-10
30563,2.669992810806717e-09
30564,-2.4841815523214517e-08
30565,5.467420161593862e-09
30566,-3.172786284676829e-09
30567,-6.022455789285887e-09
30568,4.4144391986132955e-11
30569,-6.723101677003071e-09
30570,3.952384901887676e-09
30571,9.4670058208895e-09
30572,4.714104478884328e-10
30573,4.3096955180257734e-09
30574,-4.882469765881337e-09
30575,5.474496786574289e-09
30576,-3.865775469137406e-09
30577,-4.825986305465494e-09
30578,-1.7165694558404394e-09
30579,7.321546904397705e-09
30580,-5.093931640770879e-09
30581,-2.857969755848349e-09
30582,-4.787618029949839e-10
30583,7.917602008068213e-09
30584,9.00059636680622e-09
30585,4.0483907514627115e-09
30586,-1.162843501666062e-09
30587,2.2795720458591025e-10
30588,-9.913566474043246e-10
30589,5.412773975538524e-09
30590,-5.218065214181617e-09
30591,2.011836141035364e-10
30592,3.6229237016704078e-09
30593,2.794719399027072e-09
30594,6.064634443320053e-10
30595,-5.732786222917457e-09
30596,4.440441573050371e-09
30597,-1.978884033602308e-09
30598,2.565935783801925e-08
30599,-6.530492050107321e-09
30600,5.8560782716590136e-09
30601,1.230534651319351e-09
30602,-2.1653443723712746e-09
30603,2.98032189028638e-08
30604,5.5900467530207e-09
30605,-3.1603749019788015e-09
30606,4.789610818519001e-09
30607,1.4842790843605121e-08
30608,-1.1698488355872992e-08
30609,-1.3488717110287468e-10
30610,-3.995875446531873e-09
30611,-4.644552514907228e-09
30612,2.6579789376779954e-09
30613,2.003471799062517e-08
30614,2.427618838842317e-09
30615,-4.4118474959288557e-10
30616,3.0110768374745823e-10
30617,-1.417745400291846e-08
30618,4.511507293055502e-09
30619,-3.0800667899304606e-09
30620,-1.450868783913057e-09
30621,-6.249570618733825e-10
30622,-8.221200609827906e-09
30623,6.038929149950381e-09
30624,1.0572256952912755e-08
30625,5.890160658634172e-10
30626,-9.515717692604175e-10
30627,-8.735737797774224e-10
30628,1.3263727449376333e-08
30629,-2.0143173646898883e-10
30630,1.5516704922948263e-08
30631,1.1067548713569643e-08
30632,-7.950050022027434e-09
30633,-3.962404686636554e-09
30634,-2.4541630013497675e-09
30635,-5.021868217681723e-09
30636,2.6619914116711353e-09
30637,2.6405260452219972e-08
30638,-2.0797437351158358e-09
30639,5.80040864774144e-09
30640,-9.276747581737397e-09
30641,1.9115885531239563e-09
30642,-1.913946324068486e-09
30643,7.25552621622796e-09
30644,-3.868927802062863e-09
30645,-8.28649473381578e-09
30646,2.6547631893345505e-08
30647,1.1791740412357057e-08
30648,4.172850594494389e-09
30649,3.0495142374189426e-08
30650,-5.764112003848931e-09
30651,-4.398903700696583e-09
30652,-1.0698493910277218e-09
30653,-9.616557509315714e-09
30654,6.331574064602795e-10
30655,9.460204505220607e-10
30656,-1.3860588162453701e-09
30657,-6.083647899056577e-09
30658,1.273436703878304e-08
30659,4.833664962354245e-09
30660,-8.90544338460276e-09
30661,-5.517004435497968e-10
30662,-6.6512995331320476e-09
30663,3.0409671076943075e-09
30664,-5.378414015265692e-09
30665,-2.0561628534501602e-08
30666,3.3818504164279546e-09
30667,-6.998056945051253e-09
30668,-1.1073439449202778e-08
30669,2.3345349525813665e-08
30670,4.421008054040657e-09
30671,1.0590556583894391e-08
30672,2.3597162241025275e-09
30673,5.200499426288803e-11
30674,3.6688954186588845e-09
30675,-2.775980795688806e-09
30676,-4.740889858061166e-09
30677,-1.5836153670609493e-09
30678,-1.0260937646114457e-08
30679,-1.3725843236490273e-09
30680,8.822011825609247e-10
30681,-1.1261908360509341e-09
30682,4.501310872714721e-09
30683,-5.972443987584052e-09
30684,6.993696391952319e-09
30685,-1.6025688781902073e-08
30686,-4.342782107336157e-09
30687,-5.005752318329251e-10
30688,-1.4228023930427607e-08
30689,-1.6121044983009483e-09
30690,-1.1497578253852138e-09
30691,1.4255754530835447e-08
30692,-1.1202428547580437e-11
30693,-4.174218673354137e-09
30694,-3.773751736636667e-09
30695,5.252808605386796e-09
30696,-7.494232401501391e-10
30697,-4.100016193700939e-09
30698,-9.358088808032793e-09
30699,2.806271445050326e-08
30700,-1.4145395923109925e-08
30701,2.097836688266597e-09
30702,-2.3080337136232386e-09
30703,-2.3667540509993963e-09
30704,-8.02418105342274e-09
30705,-6.588375720445177e-09
30706,3.061325313533216e-10
30707,-2.002150862813714e-09
30708,1.1106706495122457e-08
30709,-1.1817867760055021e-08
30710,7.386390960426918e-10
30711,7.992354276658851e-09
30712,-5.320490990391796e-09
30713,4.1206654302459685e-09
30714,1.8138122740342423e-08
30715,-8.74764158749309e-09
30716,-6.096726234358962e-10
30717,-2.226805665309167e-09
30718,-3.1341698314355637e-09
30719,-1.0115880388047453e-08
30720,-8.610518646550437e-10
30721,-3.705140043497135e-09
30722,9.711858552488909e-11
30723,-3.5313593737496316e-09
30724,-8.673563866273642e-09
30725,-2.84178416647016e-08
30726,-6.558285334590048e-09
30727,3.1907063156159443e-08
30728,4.258681571388921e-09
30729,-1.3992180224330181e-08
30730,-1.3138187763547499e-08
30731,3.1214020508311033e-09
30732,-8.037192432301224e-09
30733,-3.4756866525659848e-09
30734,5.266911953683585e-09
30735,9.978484989539596e-10
30736,1.7989161724818687e-08
30737,-1.2875765324026493e-08
30738,1.9980135257221835e-08
30739,-1.7496806462177567e-08
30740,-5.614824608945721e-09
30741,7.1110833035321655e-09
30742,1.7968579657766666e-08
30743,5.589747248226236e-09
30744,1.2709039233152893e-09
30745,-5.871378903464284e-09
30746,1.1454409906946575e-08
30747,8.847464927420596e-10
30748,-6.523125115263556e-10
30749,1.2978952494568993e-08
30750,-1.4884267152852404e-09
30751,-7.476374771666282e-09
30752,-4.088875877862388e-09
30753,6.548165072498188e-10
30754,-6.6952204868855325e-09
30755,-4.2663833459543876e-09
30756,9.68489451598897e-09
30757,2.5539374037712813e-08
30758,1.8932387381646892e-08
30759,5.0295045678247854e-09
30760,-7.328770495145808e-09
30761,-2.1759912130757605e-09
30762,6.089959979378904e-09
30763,8.493438701305137e-09
30764,-1.0196485016078598e-08
30765,3.4567735248374873e-10
30766,-3.1818054536735873e-09
30767,8.702435794563388e-10
30768,-8.465533917342596e-09
30769,-2.1491701855893685e-09
30770,-9.18062033718708e-09
30771,-6.931938628612754e-09
30772,1.7806328750347577e-08
30773,-4.563892556618416e-09
30774,1.2824336423931855e-09
30775,2.041048693204166e-09
30776,3.4787456259100083e-09
30777,3.4890809142467463e-09
30778,-6.306032353680293e-09
30779,-1.9261586130720424e-10
30780,-5.464814369704659e-09
30781,9.602871277301515e-10
30782,3.8320895898661884e-10
30783,-7.29415537333671e-09
30784,2.1725619846560205e-10
30785,1.2618925169424025e-09
30786,-1.160775157925344e-08
30787,-2.3025466417001128e-08
30788,1.3188069103596993e-09
30789,2.392869330701866e-11
30790,4.716223933569532e-09
30791,-1.761162063236086e-08
30792,1.635502847375348e-08
30793,5.146670240748609e-09
30794,1.727573416787077e-08
30795,4.593562812250977e-08
30796,8.718812043296635e-09
30797,1.78331178480256e-09
30798,8.342342671844411e-11
30799,-5.158484477460481e-09
30800,-5.899744793847015e-09
30801,1.367549789232158e-09
30802,1.7995271108428452e-09
30803,-2.0984329285521552e-08
30804,-8.890556436424019e-09
30805,-8.655520232457077e-09
30806,-4.20914977205939e-10
30807,-8.926450927429355e-11
30808,1.3392772518284869e-08
30809,-2.325210976496307e-09
30810,-3.2335992311813655e-09
30811,-1.6497560219831154e-09
30812,-9.420908142865407e-09
30813,8.711256283665977e-10
30814,6.470882080474714e-09
30815,-4.159032899919376e-09
30816,-2.2125645589561267e-09
30817,9.458368468732303e-09
30818,9.483226499233332e-09
30819,-4.068619372961331e-09
30820,6.996936818943827e-09
30821,1.0192783533815252e-10
30822,-2.558879495642734e-09
30823,-4.620017941426105e-09
30824,-1.7347541506427864e-08
30825,-1.0724282423814683e-08
30826,6.5243097399180155e-09
30827,1.0242439831670195e-09
30828,-3.0483994600178427e-09
30829,-1.207908578882835e-08
30830,-3.9156113226548444e-09
30831,-9.263687003041779e-09
30832,-1.4508301874120909e-08
30833,-2.8211095205046727e-09
30834,2.2463249474954453e-09
30835,-3.002367515496635e-10
30836,-3.6981810352684973e-09
30837,-1.1349471042533256e-08
30838,-6.063629405729226e-09
30839,-5.733979000443453e-10
30840,-1.1753757420622098e-09
30841,-4.6078993441842114e-10
30842,-1.0435436943334132e-08
30843,-9.83568998353267e-09
30844,-1.1435718157770383e-08
30845,6.0646705101316134e-09
30846,9.332446082425316e-10
30847,-3.33047903672438e-09
30848,-1.0288110995097587e-08
30849,-5.507827353854918e-09
30850,4.865163713790833e-09
30851,9.969503181585494e-09
30852,-3.2129280172158373e-09
30853,1.844216953967922e-08
30854,-8.025583812039754e-09
30855,-1.8000840559468606e-08
30856,1.1615157921949591e-09
30857,-8.957001097207699e-09
30858,3.912376875638003e-09
30859,1.0127876746677708e-08
30860,-5.8507254193185376e-09
30861,2.4323577028281776e-08
30862,9.379864667522414e-09
30863,1.6605240271989108e-09
30864,1.9570175593934644e-08
30865,-3.4165026229417595e-09
30866,-5.901255937358261e-10
30867,4.3368088729573785e-09
30868,-1.2178880002334061e-08
30869,-1.5390132715095777e-08
30870,6.236617979483257e-09
30871,1.0931806461365918e-08
30872,1.0785449109940255e-09
30873,1.6326545286105374e-09
30874,-1.0269908993134865e-08
30875,-1.0833072844171073e-08
30876,-6.610642663714262e-10
30877,6.3518564099689e-09
30878,3.2114981791729994e-09
30879,-2.1498964486512416e-08
30880,-8.33394870633945e-10
30881,-3.977638051774134e-09
30882,1.4414706803860643e-08
30883,9.519862890705302e-11
30884,-8.945437324607998e-09
30885,-1.2868588624343744e-08
30886,-3.1708262125810407e-09
30887,-3.736500785686842e-09
30888,-1.6987616733878272e-09
30889,-7.448341376291407e-10
30890,4.85079706838043e-09
30891,-7.156054143298801e-09
30892,-9.30096790073366e-09
30893,-3.002535261463114e-09
30894,-5.333836146492913e-09
30895,-2.7714693848228036e-10
30896,8.171328327284954e-09
30897,-4.408075250602026e-09
30898,-2.3260092159910656e-09
30899,-1.6461740592192302e-09
30900,-8.544226715812232e-09
30901,-1.4911630185794646e-09
30902,-3.27606800923108e-11
30903,-2.575857683508411e-09
30904,-1.871211448459702e-09
30905,-4.152757597741712e-09
30906,-1.713495863175395e-09
30907,1.687071418072027e-09
30908,-3.85556247007663e-09
30909,-4.942123191015523e-09
30910,7.537044428911996e-10
30911,7.482678575784402e-09
30912,1.6928330275023326e-09
30913,-5.990614835418328e-09
30914,-8.417335239555965e-09
30915,-2.4246900747646153e-09
30916,3.4916619906400665e-10
30917,-9.784038290041692e-10
30918,1.0370394068176993e-08
30919,-3.240349606720722e-09
30920,2.6978741751767023e-09
30921,-2.3306273965095276e-09
30922,-3.554905979092169e-09
30923,1.7590466778018195e-08
30924,-9.172717119082476e-10
30925,1.62339000020789e-08
30926,2.8598916170015575e-09
30927,3.4651705624495237e-09
30928,-1.2557141185398936e-09
30929,1.8627546249336757e-09
30930,8.258172188587143e-09
30931,7.464865168029118e-09
30932,9.018622030109002e-09
30933,-9.994101999422144e-09
30934,1.2769316735023727e-09
30935,-8.412769925237315e-09
30936,-2.929967087973722e-10
30937,5.28094529767102e-09
30938,2.0713139399875694e-08
30939,8.120510777276852e-09
30940,-1.0963719266809315e-08
30941,-1.8038628590466627e-09
30942,1.9760599501036349e-10
30943,3.801546481864012e-09
30944,-8.533089429967642e-09
30945,-1.0390344292522282e-08
30946,1.4642813677087376e-09
30947,-2.73078087475046e-09
30948,-1.5089764232269688e-08
30949,7.704388221937904e-09
30950,1.3672881310655127e-09
30951,1.4328249833035045e-09
30952,4.6918531037403505e-09
30953,-8.684986930490417e-10
30954,-4.373869216532308e-09
30955,-8.688314275186422e-09
30956,-2.923542586895659e-09
30957,1.8247823788123853e-08
30958,1.517028464855634e-10
30959,4.965523450771625e-10
30960,1.679932422046052e-10
30961,-1.2319920358384138e-09
30962,2.0819458173576946e-09
30963,-3.259099490364826e-10
30964,-1.4015977534794673e-09
30965,-4.717490051024038e-09
30966,-6.33358995987823e-10
30967,-1.1717883222033963e-09
30968,-8.623747873311887e-09
30969,2.6023844429944205e-09
30970,-8.683216235000351e-09
30971,-6.688671514576558e-09
30972,-1.0940630663411561e-08
30973,-3.179797974713649e-09
30974,2.490084149394875e-09
30975,-7.432051330863702e-10
30976,9.146030932242762e-09
30977,-2.6030223204213867e-08
30978,2.0191710052839434e-09
30979,3.9819918501125135e-09
30980,5.459185604329903e-10
30981,-1.885079843352142e-08
30982,3.6121233938273988e-09
30983,-8.913612716303497e-09
30984,-9.887988616841091e-10
30985,-3.671324703033294e-10
30986,-1.6195299725110207e-09
30987,1.4432904890522468e-08
30988,3.320123950789951e-09
30989,2.350519329103651e-09
30990,-1.4099290159823668e-08
30991,-3.894143803571886e-09
30992,4.468013799714024e-10
30993,-1.0603605191540406e-09
30994,-4.2352015781002846e-10
30995,1.4864353422571241e-08
30996,-2.888781639053991e-09
30997,-3.2034102564256902e-09
30998,-5.291348885968427e-09
30999,2.444236712472401e-09
31000,4.6459471872408255e-09
31001,1.8424266502325305e-08
31002,4.590331534741344e-09
31003,1.7258833893355182e-09
31004,7.0722173296180466e-09
31005,3.7193700099547363e-09
31006,2.1718441237732345e-08
31007,-1.2080821049557132e-08
31008,-2.5384123963940187e-09
31009,-5.163634372524693e-09
31010,-2.09795091864171e-09
31011,1.4671179987463139e-09
31012,-2.222885790829183e-09
31013,-3.705426746216336e-10
31014,1.3261894503217362e-09
31015,5.700095198726137e-10
31016,2.744053683682161e-09
31017,5.870339039367265e-09
31018,-7.542559298794662e-09
31019,-7.03557352223399e-09
31020,-1.8159933180271051e-09
31021,-4.452291509261862e-09
31022,-1.0614888134514083e-08
31023,-4.438656599475649e-09
31024,-4.089769940166117e-09
31025,5.60539334293619e-09
31026,7.649001044010867e-09
31027,-6.765030835743633e-09
31028,1.4721720029419884e-08
31029,8.172190308567058e-10
31030,-4.572751175576142e-09
31031,1.2128336866969576e-08
31032,7.247165954728833e-09
31033,-8.817243563985777e-09
31034,1.7479611786846707e-08
31035,2.5746252151088753e-09
31036,-1.7222855308906373e-08
31037,-5.204232346011019e-09
31038,4.61744393444297e-09
31039,-4.946734430678724e-09
31040,1.7879139866853335e-09
31041,-7.244447002689083e-09
31042,-7.019140867106212e-09
31043,4.013478712884772e-09
31044,-4.2984054425445e-09
31045,-2.2201195725507503e-09
31046,-3.6064066573923224e-09
31047,-1.1893235570878196e-09
31048,1.4634886106263203e-08
31049,1.678442600900707e-08
31050,1.5840626733909734e-08
31051,-7.097843005019884e-09
31052,3.1353740480442065e-10
31053,-1.1779690133486467e-10
31054,1.567293511904518e-09
31055,-9.023397658628926e-09
31056,-1.0831445129437772e-08
31057,-1.1923892901284645e-08
31058,-3.0504001904296206e-09
31059,-1.3591639801757126e-09
31060,-1.4286798637161878e-09
31061,-1.5351764681037764e-09
31062,-7.150244595569005e-09
31063,-1.400682592514176e-09
31064,-2.1881769237833514e-09
31065,-2.2190860862079081e-10
31066,-5.570649349429222e-09
31067,1.2804062840948488e-08
31068,-3.5923093893310056e-09
31069,-1.358206861099544e-09
31070,-1.953231010872113e-10
31071,1.0468236572618994e-08
31072,-6.078179602924996e-09
31073,4.888892407459649e-09
31074,8.190037570141357e-09
31075,-7.241951162427308e-09
31076,-4.1477581943566835e-09
31077,-2.0569539428874305e-08
31078,4.058002518005132e-09
31079,8.894115124638971e-09
31080,-1.538000465493306e-08
31081,5.039611122884282e-09
31082,-1.0843348380120423e-08
31083,9.080841235645765e-09
31084,-4.398809334850571e-09
31085,1.9771871823089693e-09
31086,-4.8183553456671656e-09
31087,1.505390480178295e-08
31088,-3.9771934747726145e-09
31089,-1.1663749915567626e-08
31090,-4.0851450236564976e-10
31091,1.5799473615089333e-09
31092,2.526839968965251e-10
31093,7.231588714912287e-10
31094,1.4569866297835063e-08
31095,4.168542265304327e-09
31096,4.9578171259354566e-09
31097,1.2737415336541845e-08
31098,3.112673932815836e-09
31099,-5.160342509274037e-09
31100,-1.6336903346072508e-08
31101,-1.16317730261004e-08
31102,-1.761499429695068e-09
31103,6.699640364352799e-09
31104,-1.184988927626292e-08
31105,5.228558094207211e-09
31106,-2.8788855661577685e-09
31107,-4.67019709529716e-09
31108,-6.330380303191793e-09
31109,7.784091319294897e-09
31110,4.188392763848793e-09
31111,2.2891350129408175e-10
31112,-9.958828372864587e-10
31113,-1.0547776655894989e-08
31114,-2.7538479215688396e-09
31115,-8.078750795942167e-09
31116,-5.851584575947833e-09
31117,-9.29143617853284e-09
31118,-2.3967962381222773e-09
31119,-5.972474112410709e-09
31120,1.1208141637664055e-09
31121,1.9345568839973445e-08
31122,2.31010816840084e-09
31123,4.7589017622042586e-08
31124,4.351721611581313e-09
31125,3.5235540201039907e-09
31126,-1.9584185156381666e-09
31127,-1.807187432921342e-09
31128,-1.4898211020515234e-09
31129,-1.8621343682715267e-08
31130,-7.188090389073429e-09
31131,-1.675362210637326e-08
31132,-1.4112992682674852e-09
31133,-2.0497359952571972e-08
31134,8.258036321594071e-09
31135,-3.3390242212476283e-08
31136,1.079831512147507e-08
31137,-7.261941604834231e-09
31138,-1.3183654159357961e-08
31139,1.7144016418544406e-08
31140,-1.2689028822373853e-10
31141,5.8868147231761066e-09
31142,5.2096414071702404e-09
31143,6.244537532294246e-09
31144,6.774218944273386e-09
31145,-4.6265205535537127e-10
31146,-2.253147325366795e-09
31147,-2.4608729210367735e-09
31148,2.944983292891096e-09
31149,1.9740053655410077e-08
31150,-5.153529730228481e-09
31151,-9.94559668630135e-11
31152,-9.081936882342176e-10
31153,6.28193832872185e-10
31154,-1.1976649134927424e-09
31155,-4.576915815753894e-09
31156,2.549416648537193e-08
31157,6.595986300980724e-09
31158,-4.5919592452665955e-09
31159,-1.0064768985494075e-08
31160,-4.330200995057645e-09
31161,2.239451349889118e-08
31162,2.2630864729935287e-09
31163,-5.6851976055285404e-09
31164,9.428387091999954e-09
31165,-6.376086795148867e-09
31166,-1.1897861527078083e-09
31167,1.193643594103161e-08
31168,-3.5633908472836165e-09
31169,-7.043273641951949e-09
31170,-4.713631036716233e-09
31171,-2.7947435629639117e-09
31172,-3.799353624159651e-09
31173,4.023699142096727e-09
31174,9.886722961768514e-10
31175,-1.0830742449586487e-09
31176,2.83172236740181e-09
31177,7.024616130046599e-09
31178,-1.857649509460807e-09
31179,-1.101395779936816e-09
31180,-8.964104743187102e-09
31181,6.560082457783744e-09
31182,1.4342672450682654e-09
31183,2.3408297877010246e-08
31184,1.261296765354899e-09
31185,4.604525521093118e-11
31186,-3.840796641123776e-09
31187,-5.036662542991031e-10
31188,1.8016724896393685e-09
31189,4.948394436279975e-10
31190,-1.4696099554987702e-09
31191,-3.051972020269701e-09
31192,-4.6594668551442905e-09
31193,-3.267690760481257e-09
31194,4.767276504338864e-09
31195,-1.3982986141749338e-09
31196,1.4227132026695297e-08
31197,-3.080330135367119e-09
31198,4.7272908104471e-09
31199,-6.528971169943002e-09
31200,7.20453595577656e-09
31201,-5.676450252125021e-10
31202,4.057004597966184e-09
31203,7.543744884919361e-10
31204,-3.407646276639693e-10
31205,1.176827958759837e-09
31206,2.819687589133768e-09
31207,3.321258976485441e-08
31208,5.204866794101537e-09
31209,-2.9720055073739402e-09
31210,-2.278513510480121e-09
31211,6.785220079535864e-09
31212,-1.5754655132350463e-08
31213,3.494148068967147e-09
31214,1.053831629588856e-09
31215,3.896831164931362e-09
31216,-4.930805281798304e-09
31217,-3.257953371101802e-09
31218,7.751765747969756e-09
31219,1.63087931288203e-09
31220,2.8860429141267077e-09
31221,-7.991550861889367e-10
31222,-3.4542950912205097e-09
31223,-5.881207209297719e-09
31224,-1.4333432313480319e-09
31225,-1.0506473599785175e-08
31226,1.2931212055195377e-08
31227,7.4239400585046086e-09
31228,-1.345499048562857e-08
31229,6.370355612953613e-10
31230,7.320289343434373e-10
31231,-7.184418246287369e-09
31232,5.165587140203545e-09
31233,-2.6553218795069408e-09
31234,-8.5915053461873e-11
31235,1.6565779334845815e-08
31236,-3.299195413871749e-09
31237,-6.44635103466968e-09
31238,-1.653179767280415e-09
31239,1.7963035685779538e-08
31240,-2.306158236560234e-09
31241,-2.942703098475511e-09
31242,-2.0949553347396494e-09
31243,2.1914271596024122e-09
31244,-1.7452748080787835e-09
31245,3.10539501053738e-09
31246,3.307186181822065e-10
31247,-1.2964323125005128e-09
31248,3.202072291069764e-09
31249,-1.6422163833124787e-08
31250,2.6334101497769098e-09
31251,-1.5325861392605119e-09
31252,2.220133332353704e-09
31253,6.306494860246612e-09
31254,1.1353060700508832e-08
31255,-8.63817900700415e-09
31256,-5.657411282483972e-09
31257,-5.048597328087006e-09
31258,-3.1524688606546682e-09
31259,1.220340989157519e-09
31260,-2.0494085949258418e-08
31261,7.890831666065374e-09
31262,-6.4319571989696975e-09
31263,-6.266007586382866e-10
31264,-8.319795952061986e-09
31265,-2.669865798990774e-09
31266,1.8058274917788577e-08
31267,8.66762014627526e-09
31268,1.6784050481985688e-08
31269,-5.939918735073666e-10
31270,-2.031122034920539e-08
31271,-1.5873749205295011e-09
31272,-1.1574251333759966e-08
31273,1.7400542021444066e-08
31274,-3.78316853040884e-09
31275,-6.752163200775808e-09
31276,-1.3015340335481698e-09
31277,-2.862981494465363e-09
31278,-6.417949709316121e-09
31279,1.5321481077032284e-09
31280,7.540963904700214e-10
31281,2.49972669501682e-09
31282,-8.932535357198878e-09
31283,-6.615822243554601e-10
31284,4.287730756976836e-09
31285,-5.375449407509034e-09
31286,-4.618637391386745e-09
31287,-1.4816363245530503e-08
31288,-8.52758219131205e-10
31289,-2.0415326454532865e-09
31290,-2.315610430661397e-09
31291,2.7245888593088097e-08
31292,3.5651977343498902e-09
31293,-1.2852343469356456e-09
31294,-1.932487737552646e-09
31295,-1.4978666107118476e-09
31296,-1.1101625738075015e-09
31297,2.535880297198923e-08
31298,2.0752066735105366e-08
31299,-9.036357365563995e-09
31300,-1.2593311727357262e-09
31301,9.557773031859982e-09
31302,7.906240550973905e-09
31303,-2.236529796137046e-09
31304,1.1581032496946972e-08
31305,-3.434814205895687e-10
31306,-3.000543867946854e-10
31307,-5.325608668699706e-09
31308,1.9485137639768673e-08
31309,-4.1098804940992095e-09
31310,-1.2819071630631378e-09
31311,3.2193857379432125e-09
31312,-5.798108820708654e-10
31313,-6.562325151045195e-09
31314,-1.560461498053734e-09
31315,-1.646717039453027e-08
31316,5.206029016380982e-09
31317,1.3388627012416671e-08
31318,-3.880070470639525e-09
31319,-8.415343625404437e-09
31320,3.4608669155032615e-09
31321,5.917056438310144e-09
31322,-3.028354987079624e-09
31323,1.3974009579332502e-09
31324,-1.872080229634944e-09
31325,3.4429214909697516e-09
31326,-1.444106254677728e-08
31327,-1.8126264111718723e-08
31328,-4.2869993463707976e-09
31329,6.61431193384526e-09
31330,-1.4015198368994406e-08
31331,1.6050252000701043e-10
31332,5.692145162460892e-10
31333,-6.724702463500107e-09
31334,2.235682593509551e-09
31335,-4.428339260496445e-09
31336,3.5167481021997976e-09
31337,1.4582245950951912e-08
31338,3.581197942778735e-09
31339,1.2959165894846197e-09
31340,7.248759876484863e-09
31341,-2.9810943097477993e-09
31342,-7.861910798245501e-09
31343,-9.542586413405178e-09
31344,-7.334460486397967e-09
31345,-3.754109831954886e-09
31346,1.5126274801101392e-09
31347,1.9601104986859202e-08
31348,1.0518398007267761e-08
31349,1.5165502683508778e-08
31350,-2.3285426169157173e-09
31351,-1.729216241504407e-10
31352,2.6513179947725962e-09
31353,-7.931245342193388e-09
31354,-6.182938345417525e-10
31355,-5.695570742392951e-09
31356,9.244641662691707e-10
31357,-1.6012543677772433e-09
31358,-1.3190918585305751e-09
31359,-7.953752200221365e-09
31360,7.77781892199009e-09
31361,-8.704685282331013e-10
31362,3.9504482613034314e-08
31363,-8.699509241023137e-09
31364,-2.6363392107155202e-08
31365,1.8705967474835945e-08
31366,6.992619285995033e-09
31367,6.4017000621485075e-09
31368,-4.242286803083355e-09
31369,-3.3622748828343807e-09
31370,-6.387209647697924e-09
31371,-3.93733469649682e-09
31372,5.056459682480998e-09
31373,-1.3756856602340925e-08
31374,1.250916470837935e-08
31375,3.0199104297297227e-09
31376,-7.880809381925635e-09
31377,2.5183727649399565e-08
31378,-8.594312693957948e-09
31379,-1.673232045146737e-08
31380,-4.750286816742653e-10
31381,1.0312974787527122e-08
31382,1.2859410639434949e-08
31383,-1.808114795458521e-09
31384,9.76742306589803e-10
31385,1.270799419575919e-09
31386,-2.266969642802355e-09
31387,1.0917892169119228e-08
31388,-1.8231430324970329e-09
31389,3.3769838022807645e-09
31390,-5.710330201240468e-09
31391,1.3730179325464911e-08
31392,6.192875444199527e-09
31393,6.563040978008201e-09
31394,2.924923630886536e-10
31395,-4.01869133462128e-09
31396,-4.379040376186311e-09
31397,-1.5056961167986305e-08
31398,-1.7349222611735424e-09
31399,-2.750774203165532e-09
31400,-5.479586908337629e-09
31401,-5.471576280519176e-09
31402,-2.1863400892473255e-09
31403,8.281973352331129e-09
31404,3.450200443713233e-10
31405,-3.7017662704222197e-09
31406,-1.5987355607327825e-08
31407,1.799613648978555e-08
31408,1.4651769056962456e-09
31409,3.5625421595764993e-09
31410,-1.898030396858672e-08
31411,-1.5522367719313649e-09
31412,1.1012690374600972e-09
31413,-3.1532628815635582e-09
31414,-1.0738861411073927e-09
31415,-2.189067994637646e-09
31416,-6.031761189538646e-09
31417,1.2775193407855692e-09
31418,-1.3139493390865111e-08
31419,-2.6405389211102023e-10
31420,-1.0033191180041008e-08
31421,-3.965716490066148e-09
31422,6.755325394301702e-09
31423,-6.1376716960692564e-09
31424,-8.108206491202466e-10
31425,-4.661212545375881e-09
31426,-2.1755859967382162e-09
31427,-8.669813066039464e-09
31428,2.2716620571244537e-08
31429,7.045864177067125e-09
31430,2.7956763940437103e-09
31431,2.2239592350622266e-09
31432,-7.96134572710776e-10
31433,3.703800544123334e-09
31434,-1.5415815931432915e-09
31435,5.182631133840827e-09
31436,9.686571981077129e-10
31437,5.235128358787321e-10
31438,-2.272345656909543e-09
31439,-5.486790948748711e-09
31440,-6.431209894442736e-09
31441,-1.4170734849325278e-10
31442,8.204896048866449e-09
31443,-4.062166211708193e-09
31444,3.3269006307345913e-10
31445,1.927605923989304e-09
31446,7.923192887416105e-10
31447,-3.941986929185265e-09
31448,4.596102802001308e-10
31449,-3.522626502367561e-09
31450,-2.0537956325654674e-09
31451,-4.0951507205740304e-09
31452,-7.01192194675149e-09
31453,-3.718062987912576e-09
31454,3.1962323339985696e-09
31455,-5.212930134271573e-10
31456,5.5355477394565455e-09
31457,1.4096090234482332e-08
31458,-7.49217371326249e-09
31459,6.59220815764287e-09
31460,3.0656195901285906e-09
31461,-1.4937556058660107e-09
31462,-7.3638079465889725e-09
31463,8.771102285224246e-09
31464,-3.284815915213491e-09
31465,-1.913903532386107e-09
31466,-3.193721735208673e-09
31467,2.394243845716706e-08
31468,3.6281834368006236e-09
31469,-9.43190186390279e-09
31470,-2.70446746976339e-10
31471,-1.597653103474744e-08
31472,-2.487521057822138e-09
31473,-1.0751328562461194e-08
31474,-3.426517924413794e-09
31475,6.930179020366514e-09
31476,3.6901119437092633e-09
31477,3.7167553383574205e-09
31478,1.3853858943491254e-10
31479,-3.733089465205774e-09
31480,-1.1227249087424036e-10
31481,6.906213466037186e-09
31482,7.370144310611348e-10
31483,-1.2036972579392504e-10
31484,-1.3456515269552038e-09
31485,-1.147414445768435e-08
31486,2.5303365273050623e-09
31487,-6.0196988736483876e-09
31488,-1.1508753182047198e-08
31489,-2.5489742376943968e-08
31490,1.2731519559466487e-09
31491,1.31278946686922e-10
31492,2.7687783384091734e-09
31493,4.548108832766692e-09
31494,-1.703165136878202e-08
31495,-3.6121562933916976e-09
31496,3.789351391306907e-09
31497,-1.1013518877753847e-09
31498,1.438465467193457e-08
31499,-8.05362681862017e-09
31500,-1.7756666073855844e-08
31501,1.3315627641066029e-09
31502,-5.617540274348972e-10
31503,1.6562747486699051e-09
31504,-1.6630319766072632e-09
31505,2.4547646456578723e-09
31506,1.0896532641535294e-08
31507,-1.9162255837959678e-08
31508,3.2248157411931515e-09
31509,-1.0749728460196302e-09
31510,-5.291398955621985e-09
31511,-1.1516989568753335e-09
31512,-2.091095867688867e-09
31513,7.061473789984521e-10
31514,1.9891840561923178e-08
31515,6.829797528352269e-10
31516,-9.829368237082096e-09
31517,-5.412609124387288e-09
31518,-6.290302169720374e-10
31519,-1.8359044316897893e-09
31520,-7.739322655502591e-09
31521,-1.8635662725358944e-08
31522,8.880207499716498e-09
31523,2.0233199710933033e-09
31524,-6.320840613058274e-09
31525,-4.7898187640452765e-09
31526,-2.6971966501199146e-09
31527,-3.0296425781633094e-09
31528,-5.276306428767637e-09
31529,5.22960988821811e-09
31530,-3.7634185572622535e-09
31531,2.4706520228385325e-08
31532,-4.834087983531203e-09
31533,1.1646176994487024e-08
31534,-2.7460549038878717e-09
31535,-4.645240992476938e-09
31536,-3.2006664056597426e-09
31537,4.207897471404269e-09
31538,1.9770416608514046e-09
31539,8.143353329199268e-09
31540,4.2537507751551766e-09
31541,2.307821137468872e-09
31542,2.3163550481537822e-09
31543,9.615453331652264e-09
31544,4.765820488605247e-09
31545,-2.595833970069631e-09
31546,-5.729393121910723e-09
31547,-1.7471469683638815e-10
31548,4.585517773184843e-09
31549,-1.2679629327204302e-09
31550,1.0782237263819906e-08
31551,-2.6825809559470625e-09
31552,-6.9631889466823646e-09
31553,-1.5500988820037297e-09
31554,4.92582669969828e-09
31555,4.908124286175666e-10
31556,3.094746988768942e-09
31557,2.1102459536771083e-09
31558,-1.3065919130216572e-08
31559,1.5075770890990336e-08
31560,1.7842293177566858e-08
31561,1.3015498017459188e-08
31562,-5.592735601915184e-10
31563,9.30842385884619e-11
31564,5.6258286940287074e-09
31565,-1.6626598147826999e-09
31566,-1.8918182382431335e-09
31567,1.0841006374479211e-09
31568,-2.730958780196047e-09
31569,-1.1017532466172925e-09
31570,-2.2251310241522115e-09
31571,1.3452909469014765e-09
31572,-3.0511903072771766e-09
31573,1.8571599986698425e-09
31574,-9.643571754746698e-10
31575,-6.722747037248432e-09
31576,1.1480574423167094e-08
31577,-5.720523528022658e-09
31578,-4.478336524999888e-09
31579,1.969244678267998e-09
31580,-4.13526195420317e-09
31581,-5.170425206056589e-09
31582,1.3913998962510108e-08
31583,4.393998170066718e-09
31584,-4.237280606648725e-09
31585,3.637515568825346e-09
31586,-7.718161519015686e-09
31587,8.799864267620328e-09
31588,-1.3924855606626355e-09
31589,3.560795973919872e-08
31590,8.080544024399682e-09
31591,2.4031314419712214e-09
31592,2.2938560344045265e-08
31593,-4.94164817227911e-10
31594,-1.0781356009632084e-09
31595,-1.15755978643332e-08
31596,4.7566142243352924e-09
31597,-1.357963548456275e-08
31598,-4.151941067478538e-09
31599,-4.149052136803284e-09
31600,-1.0401505612210331e-09
31601,1.4432690816175925e-08
31602,4.00671052015771e-09
31603,3.20846632008387e-09
31604,2.011599936324472e-08
31605,5.431376389551285e-09
31606,-1.880727176481015e-09
31607,1.5622625750861884e-09
31608,-1.343731249925901e-10
31609,-2.3686898633497293e-09
31610,-1.7714199988407355e-08
31611,1.0593689742992796e-08
31612,-1.6123710226529558e-08
31613,-1.8294192871453714e-09
31614,-5.997945067283499e-09
31615,-1.2279908167010595e-08
31616,-1.0976632390711594e-10
31617,2.692416325972307e-09
31618,1.1408393661665377e-08
31619,-2.1535251218544855e-09
31620,-3.529147101711887e-09
31621,1.6978537138722803e-09
31622,-9.128026716635516e-09
31623,7.609846538489785e-09
31624,3.845885504942323e-10
31625,-2.9592252356138692e-09
31626,8.894570406159322e-09
31627,-1.726334333390182e-08
31628,-2.8939271280085432e-09
31629,-1.7768647765038866e-09
31630,6.1675413822935145e-09
31631,-1.0290213298540714e-09
31632,-6.862666764866802e-09
31633,9.075711856296121e-09
31634,7.61542070852132e-09
31635,-3.8695624679118413e-10
31636,2.1242241168992834e-09
31637,1.2099581504541177e-09
31638,-4.0329943140260205e-09
31639,3.4887034248182932e-09
31640,-2.8458567235619243e-09
31641,-4.356021776965988e-09
31642,1.4084395914677987e-09
31643,2.0530285660335543e-09
31644,7.601814101556536e-10
31645,-1.8462676652750437e-10
31646,-2.43923460489658e-08
31647,-2.454743301155532e-09
31648,4.312391255608178e-09
31649,-2.2292698716836733e-09
31650,-7.163732087439028e-10
31651,-6.441483380687994e-10
31652,-4.2606781337848745e-09
31653,-7.990812557535582e-10
31654,-4.4772109191700997e-10
31655,-2.102239533387893e-09
31656,-7.449785659776571e-10
31657,8.753859896112707e-10
31658,-2.8899211058883756e-10
31659,1.4682785489900015e-09
31660,4.301365018040495e-09
31661,-1.4553001390419677e-08
31662,4.357499930362625e-09
31663,-5.578979105855957e-09
31664,-5.104730143726981e-09
31665,3.3298410286690225e-09
31666,-9.907414187979853e-10
31667,8.204096795858783e-10
31668,-4.684352073433257e-09
31669,-3.7387551482237414e-09
31670,-4.224711866606132e-09
31671,1.0940119380108123e-08
31672,2.020584385837473e-08
31673,-2.3264305680497592e-09
31674,-3.8132339523244365e-08
31675,-4.363421708689827e-10
31676,1.8630167250635943e-08
31677,-1.6730131051714753e-08
31678,-9.735943431432889e-10
31679,-2.6248634778279695e-09
31680,6.79570395805713e-09
31681,1.6387649553181867e-09
31682,1.0643524420547725e-09
31683,-2.1849069680953314e-09
31684,-1.0449416907223969e-10
31685,-9.486976649247154e-09
31686,-1.8968450031970047e-08
31687,-2.9774509825599e-09
31688,1.5433504187128046e-08
31689,4.413796517721631e-09
31690,-1.0360768810997272e-08
31691,1.0076960307490654e-10
31692,7.923496371350201e-09
31693,-1.1120789194196181e-09
31694,-9.57052199146413e-09
31695,6.1561238181037076e-09
31696,1.1578080942728367e-09
31697,-8.864384979826292e-09
31698,1.0927695156864525e-08
31699,-4.008843605933112e-09
31700,-3.099416737203868e-09
31701,8.521076194082137e-09
31702,-3.790532889609191e-11
31703,4.625640865261459e-09
31704,-4.658370171384177e-09
31705,1.8819637884509532e-08
31706,5.239269987007153e-09
31707,1.6945303660133842e-09
31708,5.278065890999399e-09
31709,1.1219808746792104e-09
31710,7.4011259964216895e-09
31711,-2.559683170800231e-09
31712,-5.327316628242354e-09
31713,-2.5508365760950155e-09
31714,-2.7370891266242546e-09
31715,2.4255103639639906e-08
31716,-1.74019695640865e-08
31717,2.1957010236280962e-09
31718,-2.048451187155371e-09
31719,1.8119854552605528e-08
31720,-7.362474710559593e-09
31721,-5.206958287578595e-09
31722,4.4637313308545464e-09
31723,9.07264402930407e-09
31724,8.999981178176176e-10
31725,-2.339182622120401e-09
31726,-3.9986101659119165e-09
31727,3.7009630944181697e-10
31728,8.207610527884807e-11
31729,-2.4850825897349718e-09
31730,-2.8478963460371272e-08
31731,-5.294551131984017e-09
31732,-3.049815927954567e-09
31733,-2.6452651275199483e-09
31734,-6.466268045926084e-09
31735,-1.4092146966480256e-08
31736,1.264160022266494e-09
31737,-1.4769563710633545e-09
31738,5.184601741345399e-09
31739,5.757506728481271e-10
31740,-1.4800579727241004e-08
31741,-1.2013424681298711e-08
31742,-7.468129608923148e-10
31743,-1.1546942592593685e-08
31744,-8.072457644430704e-09
31745,2.265886777801023e-08
31746,-5.597264956569428e-10
31747,-5.239988479923257e-09
31748,-3.1783898298090545e-09
31749,-5.944255340494078e-10
31750,-1.403483198065293e-09
31751,1.8066480278931968e-08
31752,-3.367166834862245e-09
31753,1.9763870227220895e-08
31754,-2.8294888094189538e-09
31755,6.89149438638494e-09
31756,1.5871179632594703e-09
31757,-1.008783703018681e-08
31758,-4.4418508713394366e-10
31759,-1.0949413721908008e-08
31760,-8.160689405705365e-09
31761,-4.675393611047521e-10
31762,-1.5356038898075233e-08
31763,7.426848572656391e-09
31764,-2.314954795730226e-09
31765,5.929808532506828e-09
31766,6.031045394329496e-10
31767,-1.9442988249764705e-09
31768,-7.383044344228725e-09
31769,-1.6675062123583333e-09
31770,-5.808211163070681e-09
31771,-1.1489082609433112e-08
31772,-3.738161849751347e-09
31773,6.6199015746862805e-09
31774,3.809464385366727e-10
31775,7.25330504402372e-10
31776,2.4326459144924068e-09
31777,-2.9333011570933572e-09
31778,-6.356975155235549e-09
31779,2.859032600705115e-08
31780,-1.0045510214189637e-08
31781,-5.470994017715288e-09
31782,1.941426096269766e-09
31783,1.0317481627504275e-08
31784,-2.585162055506146e-09
31785,2.1295728634141218e-10
31786,2.6018313958358346e-09
31787,-7.254171298106517e-09
31788,-3.0081968622284925e-09
31789,1.9528548858914573e-08
31790,-1.2863214858725499e-09
31791,2.4264227862789167e-08
31792,-7.403924201680469e-09
31793,3.0262177597830875e-08
31794,-5.761661016711564e-09
31795,-3.9165594766705196e-09
31796,5.295532162259233e-10
31797,9.045575139868162e-09
31798,8.762325219847982e-09
31799,7.225926377187246e-10
31800,-1.571007113842896e-09
31801,-5.98608590078851e-09
31802,1.0260354887420194e-08
31803,2.2892486839200983e-09
31804,-3.619384980873865e-09
31805,-2.019238466512905e-08
31806,4.164954012790404e-08
31807,-4.997606563367862e-09
31808,-1.939489953713282e-09
31809,-9.727605029737477e-09
31810,-5.450323414129773e-09
31811,1.1710782021067673e-09
31812,-8.92170387238294e-09
31813,-2.1495332508225057e-09
31814,5.442985473150488e-09
31815,5.425121060440671e-09
31816,-7.055748426055784e-09
31817,1.3524568845609513e-08
31818,1.7162888982304424e-09
31819,-3.0265937411837124e-08
31820,-4.176863563170764e-09
31821,-1.944769471307581e-09
31822,1.9331004404992493e-10
31823,-2.214580108702245e-10
31824,9.80180780069885e-09
31825,-1.5630590902643384e-09
31826,-2.587936546396972e-09
31827,7.456869636663517e-09
31828,-2.361728345481301e-08
31829,1.3485902884611294e-08
31830,-5.031027798601841e-09
31831,-6.302608049940238e-10
31832,3.2784633814821096e-08
31833,-5.090170603485669e-09
31834,-2.0844364088386053e-08
31835,7.968240911066229e-09
31836,-1.963130827791214e-09
31837,1.8056703711740354e-08
31838,-6.04076834550868e-09
31839,-6.381517510838179e-09
31840,-2.8685061793479898e-09
31841,-4.633906757102649e-09
31842,3.53607741227195e-08
31843,-7.709638455309041e-09
31844,1.0353170234009412e-09
31845,-2.0806788392628813e-09
31846,-1.2873211130917694e-08
31847,2.032551345094054e-08
31848,-2.3821858292470107e-09
31849,3.3902757029765626e-08
31850,-2.353111802422308e-09
31851,1.3474943053877153e-08
31852,-9.96173041958164e-09
31853,-3.3658679693242244e-09
31854,1.015205835139236e-09
31855,-1.637985726385876e-09
31856,4.1138865482186264e-10
31857,-7.740106302307886e-09
31858,-1.2819788729296317e-09
31859,3.9412247721172495e-09
31860,3.3914613424010398e-09
31861,-5.622258033256153e-09
31862,-1.096882921234522e-08
31863,1.4455976757108146e-09
31864,3.93701604171956e-09
31865,-1.602917710452474e-09
31866,-4.88262652434886e-09
31867,2.6485360315611578e-11
31868,-1.3858551806783481e-08
31869,6.198166496652666e-09
31870,-7.1991633050960956e-09
31871,-6.9564347179779666e-09
31872,5.4394068486553085e-09
31873,6.10314134439737e-10
31874,1.920973555156496e-09
31875,4.873449285635765e-09
31876,9.991013300308207e-10
31877,-1.11508409496578e-08
31878,-1.503924220250564e-08
31879,-4.1099826023191575e-09
31880,1.7019308155717972e-08
31881,-4.6305790241467115e-09
31882,-1.3021140380267755e-09
31883,-1.9323634061990218e-09
31884,2.546949845179434e-11
31885,-7.202957785492008e-10
31886,9.620790346422407e-10
31887,-8.95399582003413e-09
31888,1.0604891882126925e-09
31889,-2.075000117897169e-09
31890,-8.129171893654366e-09
31891,2.7214999515611824e-08
31892,-1.7144631721482713e-09
31893,-1.2622240378310018e-08
31894,-1.142184754940829e-09
31895,-5.344699448399761e-09
31896,-4.632641508159945e-09
31897,4.0393103492487714e-10
31898,1.5466706406786737e-08
31899,1.4638190941282907e-08
31900,-4.056883373248946e-09
31901,-8.224916803292472e-09
31902,1.295624455890416e-08
31903,-4.0823709695307436e-10
31904,-3.6270968906785263e-09
31905,5.488732898855537e-10
31906,-1.0005492016249496e-09
31907,-4.041786641192245e-09
31908,-1.2462245652293359e-09
31909,-1.1547711006222934e-09
31910,-9.151960447339423e-09
31911,-1.3385337292001637e-08
31912,1.7662032760427854e-10
31913,-6.2094505055647195e-09
31914,2.6714551324427023e-08
31915,2.193359495987842e-08
31916,-6.103308955822455e-09
31917,-3.580537139279873e-10
31918,2.6394952239329597e-09
31919,2.0288539863537575e-09
31920,-6.919500486444427e-09
31921,-6.665822901078289e-09
31922,6.131401197588932e-09
31923,-3.3250017011842304e-09
31924,-2.9698657505625284e-09
31925,-5.037503841045717e-09
31926,-8.145790815080249e-09
31927,-6.464586779461866e-09
31928,-1.0653758953311038e-08
31929,5.979748188016861e-09
31930,6.59871836455111e-09
31931,8.621866821726132e-09
31932,6.413938024546109e-10
31933,-4.6684140881237664e-09
31934,1.7513915489995467e-09
31935,6.7498053256993105e-09
31936,-4.962658033041647e-09
31937,2.3662681085183396e-09
31938,-1.0114227909774764e-08
31939,-9.152237119837494e-09
31940,-1.0952520872607467e-08
31941,-2.2074092735775973e-09
31942,-3.958023814250766e-09
31943,1.0319327609257898e-08
31944,2.8915082799362867e-09
31945,1.1048560616180702e-09
31946,-7.2710220875736774e-09
31947,-7.595132596612165e-09
31948,-1.3401130910492304e-08
31949,-1.7893028311405923e-09
31950,-4.164587497697562e-09
31951,2.2113092889020768e-09
31952,-2.8971112093564956e-09
31953,-2.8400471851532597e-09
31954,-5.103595445975328e-09
31955,-1.062060662017055e-08
31956,-9.77129418039365e-09
31957,7.2164938501726915e-09
31958,-6.701491250687333e-10
31959,-5.175028177178857e-10
31960,1.2738033673131986e-08
31961,-4.646033006219364e-09
31962,-4.418000220572131e-09
31963,-2.41743485007147e-10
31964,-3.0366770445637535e-09
31965,-8.823834581756893e-10
31966,1.0839853482727226e-08
31967,-6.4719922182289026e-09
31968,-9.746711571471476e-09
31969,6.6493196013099495e-09
31970,5.440273404232821e-09
31971,1.981769794391676e-09
31972,4.516472004473375e-09
31973,7.779435713683982e-09
31974,-6.070767695499516e-09
31975,3.4460828501609274e-09
31976,2.0478456520868253e-08
31977,7.444493442874985e-09
31978,-4.350302590386337e-09
31979,6.472328517388732e-10
31980,6.556179303435584e-10
31981,-4.073831950291567e-09
31982,-1.3639724488333076e-08
31983,2.120163577870894e-08
31984,1.2944009851028965e-08
31985,-3.550092272657074e-10
31986,8.824210852095959e-09
31987,3.61956837890389e-10
31988,1.9256993826030745e-08
31989,-1.2235864982269227e-09
31990,-1.2088076375065074e-08
31991,-6.408621625845177e-09
31992,7.517765557574156e-09
31993,5.112420065380823e-09
31994,-4.857790142170211e-09
31995,4.755288050739746e-10
31996,-4.207295284572876e-09
31997,-1.9642011452807947e-09
31998,-1.6672336942459666e-08
31999,-1.0196758426559306e-08
32000,-1.3643210961745229e-08
32001,-3.6096476810683057e-09
32002,-2.748117280544843e-11
32003,-1.1887442770207709e-08
32004,-2.7250083329787627e-09
32005,4.481010369623757e-09
32006,-1.3800246305935162e-08
32007,-2.5338335302822215e-09
32008,-3.2069626305626377e-09
32009,8.983176409782491e-11
32010,-1.9036974549127078e-08
32011,-2.7030506064102898e-09
32012,4.02129034910503e-09
32013,1.0091649896201912e-08
32014,3.214103294719583e-09
32015,-3.2790390913541957e-09
32016,-1.1929268158599613e-09
32017,-2.04078646344377e-11
32018,-9.116391057748403e-09
32019,-7.379192133739865e-09
32020,4.2351397051733243e-10
32021,-5.367755403372203e-09
32022,-2.865881830418856e-09
32023,9.025066245612686e-10
32024,-2.2828610061567334e-09
32025,-6.9092432544029995e-09
32026,-4.2014970057758055e-09
32027,7.736553667712037e-09
32028,2.7324838912099053e-09
32029,1.9926097905964587e-09
32030,-2.038506519361528e-08
32031,1.0692944012193908e-08
32032,-3.646555566200731e-09
32033,2.2959102114120884e-09
32034,-1.3265539780243979e-08
32035,-2.1569889764599913e-09
32036,8.000977701211662e-09
32037,-7.564047841926006e-09
32038,-3.726499051735186e-09
32039,2.7505060520632224e-09
32040,-6.66764538249459e-09
32041,-2.219041910379272e-09
32042,-5.7079863370290225e-09
32043,-7.8852514894929e-09
32044,6.232827409975861e-09
32045,3.3557767341318766e-10
32046,3.347945216652689e-09
32047,-4.672790038331285e-09
32048,2.563868731338262e-09
32049,-1.814617601090251e-10
32050,-6.062920470658769e-10
32051,8.9999745429156e-09
32052,-4.914393193163044e-10
32053,-8.008744381488522e-09
32054,1.8477800689269187e-08
32055,-8.120506110823387e-09
32056,1.0158092800925394e-08
32057,8.557014329550337e-09
32058,-6.8205116116023704e-09
32059,-6.225509196161673e-09
32060,-1.7615074919634536e-09
32061,4.125697412963038e-09
32062,1.781204892865001e-08
32063,-2.6922881462902817e-09
32064,-4.110052922258155e-09
32065,-3.5077683595497316e-09
32066,-2.157997884893971e-10
32067,-2.5367005558720595e-10
32068,-1.4428510792674956e-08
32069,-1.610951299681935e-08
32070,2.434350710816546e-08
32071,-6.92164367142876e-10
32072,-1.7577933300723267e-09
32073,-1.4103087553987505e-09
32074,2.4885642050769302e-09
32075,-5.933103858197532e-09
32076,-1.14135824893714e-09
32077,2.0285228759777224e-08
32078,7.150951305809589e-10
32079,-8.353592037049028e-09
32080,3.954054265026566e-09
32081,1.529566947069619e-08
32082,-1.5773772412075318e-09
32083,-2.4093677938676875e-10
32084,1.7725371290427415e-09
32085,7.965688086860512e-09
32086,-7.1814123448058085e-09
32087,1.1445028936364026e-08
32088,-1.3918797713554603e-09
32089,-1.589822931699755e-09
32090,1.8063146191212137e-10
32091,1.2195713126807096e-09
32092,4.974901397386865e-10
32093,-2.1367366932889216e-09
32094,-2.7638219444452203e-09
32095,2.712305146550184e-09
32096,-7.046714946893217e-09
32097,-2.803781720068078e-09
32098,5.259716106922835e-10
32099,4.513003705453402e-09
32100,-8.032246468786146e-09
32101,-7.67296610776582e-10
32102,4.760552663902438e-09
32103,2.1892689705623222e-08
32104,4.704317512440318e-09
32105,-2.941680457733055e-09
32106,1.6546647021269372e-09
32107,9.742083280551067e-09
32108,1.0855931874605621e-08
32109,-6.280715202597551e-09
32110,2.8316258308823915e-09
32111,6.334428046444805e-10
32112,1.0821420451893534e-08
32113,-5.54636792121846e-09
32114,4.860323689427859e-09
32115,-4.871839407622109e-09
32116,-4.654327017321974e-09
32117,1.046245679524017e-08
32118,6.10520723853683e-09
32119,1.2604533402354414e-09
32120,7.042247819442517e-10
32121,-1.8614446615147666e-08
32122,-3.099064502546322e-09
32123,-4.534738673289989e-09
32124,5.025934722665687e-09
32125,-4.9110759083728705e-09
32126,-1.2949454288913823e-08
32127,5.227980169786978e-10
32128,-1.1494181735360605e-09
32129,7.706500185339912e-10
32130,-2.3209461351514902e-08
32131,4.190671764451735e-09
32132,5.583083277937082e-09
32133,-1.8845170847054825e-09
32134,2.8694704134070308e-09
32135,-1.3257566876073372e-09
32136,-1.1474760951785777e-11
32137,2.1110179145669665e-08
32138,-2.8535664295080375e-08
32139,-9.724633108855117e-09
32140,-2.3497402054286754e-09
32141,-3.39120462300263e-09
32142,-5.149569249833671e-09
32143,-9.493562542536519e-09
32144,-1.7639195889846923e-09
32145,3.4796708062491896e-09
32146,6.346992470693484e-11
32147,1.4637915517206232e-08
32148,-1.1729341392347957e-09
32149,6.488721727877922e-09
32150,-4.476838992061692e-09
32151,-3.445151083771704e-09
32152,-4.152406094328031e-09
32153,-9.96579805160572e-10
32154,4.770370903684563e-10
32155,-1.747034795203557e-09
32156,-6.25506874223072e-09
32157,-7.392980632945587e-09
32158,9.005502468169888e-09
32159,7.031145758964794e-09
32160,-5.439298459781293e-10
32161,-6.8734975706763955e-09
32162,-1.1857707474820623e-08
32163,2.9068305946448077e-09
32164,6.50253386598785e-10
32165,-1.0862048587370911e-08
32166,-8.722694138087271e-09
32167,1.0485551556553326e-09
32168,9.477861116149796e-09
32169,4.590868631786628e-09
32170,-8.543304997972058e-09
32171,6.694751741826313e-09
32172,-5.700170237675012e-10
32173,-7.073187448973796e-09
32174,-1.5216062859329677e-08
32175,-5.460928308242329e-10
32176,-1.3872526311496243e-08
32177,-4.998821725376472e-09
32178,-8.510260927826462e-10
32179,-3.7122873527439188e-09
32180,7.044882198724786e-09
32181,-4.0535643874164955e-09
32182,-1.3385039319337715e-09
32183,-3.911982296661405e-09
32184,1.6618619448682655e-08
32185,1.783976064387636e-08
32186,1.2091857326999027e-08
32187,-4.199196140292333e-09
32188,-2.8575408755568244e-09
32189,-4.951526447983861e-09
32190,-7.6316601343486e-09
32191,-1.462701968267801e-10
32192,2.5778371945005966e-10
32193,4.519643182571821e-09
32194,-1.1076755969361171e-08
32195,5.447036133295519e-09
32196,2.4008004900498144e-08
32197,-3.0498046823318822e-09
32198,-6.440760369732949e-09
32199,-7.767149795921323e-10
32200,-1.3968569692468715e-09
32201,-2.545420095194872e-09
32202,6.670197851179817e-09
32203,2.3933748039677363e-09
32204,-1.8008455597941466e-08
32205,2.6649783298680095e-09
32206,9.15426482717049e-09
32207,8.17319422267827e-10
32208,-5.819974242431702e-09
32209,-1.2023712712116826e-09
32210,-3.1801434728665147e-09
32211,8.199382431003929e-10
32212,-3.6727964574063085e-09
32213,-7.340256489357007e-10
32214,1.9942577844443357e-09
32215,-3.4793711078280792e-09
32216,3.7147326617698674e-10
32217,-1.0940796884226982e-09
32218,5.197382057590414e-09
32219,1.7476491005926426e-09
32220,5.299110174588367e-09
32221,-1.627350047479529e-09
32222,-2.299337955430274e-09
32223,6.793440273401195e-10
32224,2.873154888801462e-09
32225,-2.233883873266764e-09
32226,-8.51556845985825e-10
32227,-9.878367010853105e-09
32228,-4.495060403482219e-10
32229,-1.2942418994548923e-08
32230,-1.4339809705168506e-09
32231,-6.699035298182342e-09
32232,-6.741351193022925e-09
32233,-2.3172954526780957e-09
32234,-1.370090793784215e-10
32235,-4.5207689591381814e-10
32236,-2.756348115427188e-09
32237,2.2591903857302767e-09
32238,2.826752513947453e-08
32239,-8.559350943825568e-09
32240,1.9913793235268396e-08
32241,-6.303138868719432e-09
32242,4.359511746237031e-09
32243,-2.2705223737191543e-09
32244,2.612643321453839e-08
32245,-1.2595998384302751e-08
32246,2.2664509824966693e-10
32247,-5.4866811011689765e-09
32248,-5.924914733815333e-09
32249,2.0052856283614634e-08
32250,1.3422660771146797e-08
32251,1.8356048328560056e-09
32252,1.967701054852116e-08
32253,1.7503454795296083e-08
32254,-2.5432839118919012e-09
32255,1.540699748267106e-09
32256,8.577960307086582e-10
32257,2.0977771404276535e-09
32258,9.615571121123426e-09
32259,5.452701310114111e-09
32260,-3.409144999136879e-09
32261,-2.191497192913505e-09
32262,-1.1079614567733524e-08
32263,1.561539935324319e-09
32264,-1.0127406679260905e-09
32265,-3.7120908417732665e-09
32266,-3.5036610501790497e-10
32267,-2.212502368618548e-08
32268,-9.66924591947666e-09
32269,-1.9310172756996664e-08
32270,-3.933747104007386e-09
32271,-4.2136267753175996e-09
32272,1.6271366583532275e-08
32273,-7.967841778339246e-09
32274,4.7101077535235835e-09
32275,-3.5876760013977083e-09
32276,1.0589762648262453e-08
32277,-2.8710224651798216e-09
32278,-4.659655802244142e-09
32279,1.4747434451154122e-08
32280,-1.348200675345078e-09
32281,-1.7118044243418653e-09
32282,-6.210606073528682e-09
32283,-2.9906505403768343e-09
32284,3.5540781657248722e-09
32285,2.3192788495354292e-09
32286,1.5087648841951394e-09
32287,3.652691356542556e-09
32288,-1.252317721332351e-08
32289,-2.0848021014265366e-09
32290,-8.536127431672993e-09
32291,-6.634797937984995e-09
32292,3.5993056945824008e-09
32293,-9.254378865802924e-09
32294,-6.113103385516031e-10
32295,1.2492045673011327e-09
32296,-1.7224523637767555e-08
32297,2.1565935931746836e-09
32298,-6.628586704956298e-09
32299,6.389383990904979e-09
32300,-3.898828993973204e-09
32301,-4.944311180709512e-09
32302,-7.965346383759313e-10
32303,-1.1377646600034562e-08
32304,1.3510023329086257e-08
32305,-4.735546606262751e-09
32306,1.8938568652693986e-10
32307,-8.013862779149269e-09
32308,-1.7424529044157275e-09
32309,-1.2376750197289277e-08
32310,-8.748907753568268e-10
32311,-1.314793462550272e-08
32312,5.865570259900086e-09
32313,-5.949846451674107e-10
32314,-5.803619537281668e-10
32315,-1.9220164755007123e-09
32316,-2.192943253359566e-09
32317,1.615088349498021e-08
32318,4.942538119226956e-09
32319,1.2824982272268024e-09
32320,-7.593360449461486e-09
32321,-1.2679068235202505e-08
32322,-1.4887425968765337e-10
32323,-9.980854242393422e-09
32324,-9.218361215448491e-09
32325,3.4123487942691274e-09
32326,-1.586006785164497e-08
32327,-3.897971964445028e-09
32328,-2.804997473498322e-09
32329,2.0145017297427574e-08
32330,2.078606741493818e-09
32331,-2.0930712116916144e-10
32332,1.277408694376923e-08
32333,1.6033486915391168e-08
32334,4.817482127260303e-09
32335,-4.1841973181187375e-09
32336,-3.9721724759126175e-09
32337,2.2034728920523177e-09
32338,2.5120419782414104e-09
32339,-5.538505203051872e-10
32340,-5.591025229642975e-09
32341,-2.9144413199204685e-09
32342,-2.4236429358823717e-08
32343,-1.4062994876863323e-08
32344,-1.2900142275892801e-08
32345,1.846477705894553e-09
32346,5.929770273257273e-09
32347,4.714314214219595e-10
32348,-2.3810302211825417e-09
32349,-2.7420583995866366e-09
32350,-2.2627439133232778e-09
32351,-6.932873618448967e-09
32352,1.6753018142795217e-09
32353,-6.557697124078287e-09
32354,-5.752610650822338e-10
32355,-6.7491658302602476e-09
32356,8.41431679856498e-09
32357,-3.146606238765858e-09
32358,1.4274054582618844e-08
32359,-1.368769425803861e-08
32360,5.476502765995026e-10
32361,-9.729052434125099e-09
32362,8.441834826807738e-09
32363,1.5216596057632738e-09
32364,1.6145641964974112e-09
32365,4.766141314962051e-09
32366,-4.560440619865647e-10
32367,-2.5658739140374096e-09
32368,-5.9302954361464435e-09
32369,-5.4357842063426726e-09
32370,-4.604189683370179e-09
32371,2.3448776791871146e-09
32372,6.153282005502769e-09
32373,-5.1166138191565085e-09
32374,-7.059129105420118e-11
32375,-3.599288870183797e-08
32376,-5.473880344947655e-09
32377,-1.3441392210276293e-08
32378,-5.093897514169802e-10
32379,2.2295273229540324e-08
32380,-4.5508688637869825e-09
32381,9.558420835786332e-10
32382,1.5258316318506383e-09
32383,-6.998814031534644e-09
32384,3.146238566606738e-09
32385,2.7249729792192387e-09
32386,-4.746656528113294e-09
32387,-9.82576473682488e-10
32388,1.6312573448490177e-09
32389,-1.6861421934529718e-09
32390,1.098828028823418e-09
32391,-6.341382905067095e-09
32392,5.374073984018509e-09
32393,1.901651181996628e-08
32394,-3.951069040951722e-10
32395,3.042955599278861e-09
32396,-1.6837541798028085e-09
32397,1.6364474741564607e-09
32398,5.248308077432394e-10
32399,3.7855812325370655e-09
32400,-7.228149618017388e-10
32401,-6.313282320030424e-09
32402,-4.222539146702622e-09
32403,4.467980667364578e-10
32404,-1.5997606943497833e-08
32405,-8.681802171544482e-09
32406,-9.264271898792273e-09
32407,6.195943134954937e-10
32408,-2.425291487033478e-09
32409,-8.011429624907198e-09
32410,-1.0665427917706852e-08
32411,-1.3659209895630801e-09
32412,1.207866140912236e-08
32413,-1.2326424208784807e-09
32414,-1.0499818836095737e-08
32415,1.869832816988642e-08
32416,-9.91017961739691e-09
32417,2.1028204732191948e-10
32418,-2.8997540351275967e-09
32419,-1.6468051844135874e-09
32420,-1.1838890079162378e-08
32421,1.6169019809589317e-09
32422,-1.1993571175657446e-09
32423,-5.503561483910845e-09
32424,-1.7558212741038539e-09
32425,-8.848900887458452e-09
32426,7.342734621600013e-10
32427,-7.002376823643472e-09
32428,-7.336644732984405e-09
32429,-2.094687707952911e-08
32430,2.1725065700849024e-09
32431,-1.2465845803897162e-10
32432,5.927826201607166e-09
32433,4.348590709600265e-10
32434,-3.874348526999366e-09
32435,3.238896415984722e-10
32436,1.3376363257359546e-10
32437,-5.214633616453019e-09
32438,1.6484416798686673e-08
32439,5.183001159600477e-10
32440,-2.8924226924115127e-09
32441,-7.126827609603641e-09
32442,9.82965797057378e-10
32443,1.613340002809466e-08
32444,-2.849824970943201e-09
32445,-1.6191671295809923e-08
32446,-1.0771155894609157e-08
32447,3.943148990514159e-08
32448,1.8213106853094305e-08
32449,1.7040191806455e-09
32450,-7.447890808744906e-09
32451,2.6897224965817473e-09
32452,-1.964854971395091e-09
32453,-1.4238303432477389e-09
32454,1.3264106227290645e-09
32455,8.179215125571816e-10
32456,1.1018202402804415e-08
32457,-2.9481694964722898e-09
32458,2.051848935569073e-09
32459,-1.6776704235027863e-09
32460,-6.535198137155923e-09
32461,-6.9877268334032224e-09
32462,2.789230171600049e-08
32463,-1.0799037606108602e-09
32464,2.6786948704128997e-08
32465,-3.1433559339993133e-09
32466,-4.273998566734186e-09
32467,2.357204902654398e-09
32468,4.895103802655811e-09
32469,-2.9415946822505146e-09
32470,2.2568157957313907e-09
32471,6.078885031830008e-09
32472,7.300908493934041e-09
32473,1.3881401989290548e-09
32474,-1.61438420893643e-08
32475,1.6449177267433604e-08
32476,-6.348911276764729e-10
32477,-4.041242827332814e-09
32478,3.15357858379601e-09
32479,1.1718199891261214e-08
32480,-1.0481490220419553e-08
32481,9.61947520157341e-09
32482,1.2748998056274488e-09
32483,-5.503597706491833e-09
32484,-1.3262767762691057e-08
32485,-4.420147302598187e-09
32486,-5.68424462137e-10
32487,-2.0504879119774654e-09
32488,2.0567788264503967e-09
32489,-2.6511829368017357e-09
32490,-6.442977517466962e-09
32491,-2.0287625664676824e-09
32492,1.3131833697820347e-09
32493,3.211758794717249e-09
32494,-1.0448807011878176e-08
32495,2.6333630124379098e-09
32496,-2.982536319847137e-09
32497,2.131277920789698e-09
32498,9.921822841722604e-09
32499,-9.10955420753646e-09
32500,2.865889151900325e-11
32501,-7.00782922114807e-09
32502,4.320745008505191e-09
32503,8.575025553238891e-10
32504,1.8523821552389393e-08
32505,-6.583765583264776e-09
32506,-1.8900893465945777e-08
32507,-7.89485873004963e-09
32508,1.0640363536355832e-08
32509,-1.5651612628238294e-09
32510,-2.549304553238804e-09
32511,-4.485170238963762e-09
32512,1.8189272101382519e-09
32513,6.855792024371474e-09
32514,-4.376452089276031e-09
32515,-2.553920466300163e-09
32516,-2.6280167443563485e-09
32517,9.88490527757627e-09
32518,-1.8576542466298365e-08
32519,-7.029754986462645e-09
32520,-2.537668607216616e-09
32521,2.8521557577775894e-09
32522,1.0968544512568362e-10
32523,3.993407383599664e-09
32524,-2.017719307905807e-09
32525,1.8089819316541487e-08
32526,3.6317453554315836e-09
32527,9.538203986346454e-10
32528,-9.741062843207698e-09
32529,-4.378746328029731e-09
32530,9.949277785078798e-09
32531,2.8221906947468737e-09
32532,-3.5568781642423024e-09
32533,8.148181433891627e-09
32534,-6.607832734633172e-09
32535,9.564193306200581e-09
32536,-9.802916723854686e-09
32537,9.063715586022147e-10
32538,1.9904752388540054e-08
32539,7.189598872027959e-09
32540,-3.4293191337345277e-09
32541,6.402306942368037e-09
32542,-2.2098629043290147e-09
32543,1.2384347074058784e-09
32544,4.979733014349151e-10
32545,-9.107495329855068e-09
32546,3.5726723375553694e-09
32547,-7.390640697591226e-10
32548,-1.1836084708535579e-08
32549,-2.8814160005719645e-09
32550,7.849596771287655e-11
32551,1.351243030948273e-08
32552,2.1074928911531683e-08
32553,-1.6276047831618944e-09
32554,5.001861280569399e-09
32555,1.2987935186719022e-08
32556,-1.8096594601598295e-09
32557,1.2970076143261064e-08
32558,4.009966487522846e-09
32559,2.0469773006617952e-09
32560,1.3049390760904283e-08
32561,1.559700185636289e-08
32562,-8.697759877400967e-11
32563,-2.9966447363531614e-09
32564,1.2594003880438447e-08
32565,1.2052148038835457e-08
32566,-1.5302813743420054e-10
32567,-8.9998490235718e-09
32568,3.258514995376784e-08
32569,1.2687931299830794e-08
32570,-9.552137188211362e-11
32571,8.745754381646259e-09
32572,-1.0195521805363453e-08
32573,1.1021696167328024e-08
32574,5.3897338507748905e-09
32575,5.176427773323766e-09
32576,3.6284470070291605e-09
32577,7.032624996565801e-10
32578,-5.3515031318157116e-09
32579,-1.8274313317392615e-10
32580,-4.788711447466956e-09
32581,-2.064806971776799e-09
32582,4.0474003152677846e-10
32583,1.7018983841986423e-09
32584,-4.344985766061158e-09
32585,-3.720418950736024e-09
32586,-1.1049304104150163e-08
32587,-4.274258121823953e-09
32588,-2.8148370132430396e-09
32589,-1.933032128634633e-09
32590,1.9027712973137666e-09
32591,2.034804308528393e-08
32592,-3.550547307954805e-09
32593,1.2030245145909412e-09
32594,4.243604366400319e-09
32595,8.970948896665842e-09
32596,-3.9151386609477993e-10
32597,-5.971889134310863e-09
32598,9.56401443247447e-10
32599,7.801818263654039e-09
32600,-1.6426618275406856e-08
32601,-2.9226085241462998e-08
32602,8.230653245221987e-09
32603,-7.490255209270438e-09
32604,4.3290869456590925e-09
32605,-2.57351566484535e-09
32606,-1.7509691840624137e-08
32607,-8.75610423283295e-10
32608,-6.740659070445337e-09
32609,1.177549035489298e-09
32610,1.998751211924043e-08
32611,-1.3285323005028442e-08
32612,5.4595926019821255e-09
32613,-9.675468004416939e-09
32614,-1.1404825475229674e-08
32615,-1.4307401959691202e-09
32616,-7.829417922755843e-10
32617,6.578018746425279e-09
32618,-1.6260058268726337e-09
32619,1.418951325144542e-08
32620,-1.2430886628089307e-10
32621,2.5107873837872284e-08
32622,-1.0815670539399315e-09
32623,-7.515303026542421e-10
32624,-4.795377775588157e-09
32625,-4.435673756871175e-09
32626,-2.3794852570584572e-09
32627,-8.737755618259936e-09
32628,6.499817511927555e-09
32629,4.694809781276428e-09
32630,-8.166223206488385e-09
32631,-1.5923970013708988e-08
32632,-2.9030960725426454e-09
32633,-4.5422214145876855e-09
32634,1.1210726384564746e-08
32635,-1.092215663300475e-09
32636,1.2941361604495678e-09
32637,-5.8183157644730875e-09
32638,-8.735035312910196e-10
32639,7.965074256673008e-10
32640,1.3355990980653932e-09
32641,6.505084900965979e-09
32642,1.1991702775441599e-08
32643,-7.439498662410532e-10
32644,-3.1945279686369623e-09
32645,-1.1749239411124391e-09
32646,-5.211805537720446e-09
32647,-1.3632097817465101e-09
32648,-5.746854901607296e-09
32649,-1.948855207104354e-08
32650,-1.0133091544198943e-08
32651,1.154165542307989e-09
32652,3.0700405278583363e-09
32653,-2.189552710650061e-09
32654,-1.7636730089281199e-09
32655,-6.199097149093126e-10
32656,4.65808499196244e-09
32657,-3.30956518058047e-09
32658,-5.071874254055716e-09
32659,-1.3008984051601342e-08
32660,1.654096096610945e-08
32661,-6.796954636250095e-10
32662,1.2427487595748255e-08
32663,3.2852205965979304e-09
32664,-5.141999831439423e-10
32665,2.6055060617174642e-08
32666,-2.3361570987762246e-09
32667,2.176424346185024e-08
32668,2.3119924454844537e-08
32669,-4.590309651934708e-09
32670,-1.7979081807968183e-09
32671,-1.9413872709712694e-11
32672,-2.420680888361324e-10
32673,3.089386064445359e-09
32674,2.8326864193112864e-09
32675,6.48517722720468e-09
32676,-1.0152913917043278e-08
32677,-2.878894482432698e-09
32678,-4.743438476999451e-09
32679,1.390010447910978e-08
32680,-3.6282580597159157e-09
32681,2.813201179040444e-10
32682,2.2386678902531607e-09
32683,-1.4790462915263945e-08
32684,3.051788534363391e-09
32685,-2.6095796326095764e-09
32686,2.8071065886811583e-10
32687,-1.7207035544213072e-09
32688,-2.7702820036441995e-09
32689,-5.214060579341174e-09
32690,-2.3984554617561693e-08
32691,-2.7195081022478103e-08
32692,-1.0170694898849867e-08
32693,-1.6983145800469254e-09
32694,4.626655844378564e-10
32695,-4.796640060531493e-09
32696,-6.132004410391291e-09
32697,-1.341185435433269e-09
32698,6.25841706522887e-09
32699,-3.033339111788589e-09
32700,7.153890484241325e-10
32701,2.818728337852343e-09
32702,1.1834799507862506e-08
32703,-9.036732509385633e-10
32704,-5.883280779107495e-09
32705,2.856481730001953e-09
32706,-5.216591556483302e-09
32707,1.8339798056169818e-09
32708,1.147862030685878e-08
32709,1.056265394965266e-08
32710,1.1310749219836134e-08
32711,-7.192168499135023e-10
32712,-1.9732563929243566e-09
32713,-8.337227181353754e-10
32714,1.1043998275643591e-09
32715,-2.6856317499856353e-10
32716,-2.6024529909195905e-09
32717,-1.0649946059436658e-08
32718,-7.81374770342063e-09
32719,-2.3650910434530165e-09
32720,-4.89924922667858e-10
32721,-1.2308479032397694e-09
32722,-2.8109971928666345e-09
32723,1.3421951350943124e-08
32724,-5.852540172366073e-09
32725,1.3804210296921252e-08
32726,-6.381154651748867e-09
32727,-5.951708724360385e-09
32728,-4.87469603421737e-09
32729,-3.2296380976733993e-09
32730,-5.248098709276553e-09
32731,1.775040363806228e-08
32732,-2.658838509461535e-09
32733,7.786354041662955e-09
32734,4.733825311338067e-09
32735,1.4839220440970545e-10
32736,-1.1349494767569415e-08
32737,-3.4986900702497582e-09
32738,-3.825936426697549e-09
32739,2.5020623528991823e-09
32740,-2.256470507698119e-09
32741,-2.1879069076957753e-08
32742,-5.27866630318048e-09
32743,-3.847848510299128e-09
32744,-3.5219872817107795e-09
32745,-5.067947743526558e-09
32746,4.232438759496698e-10
32747,9.145997567561339e-09
32748,-1.374151181656102e-08
32749,1.0038421452323658e-08
32750,-9.77323174418598e-09
32751,3.0396779261924294e-09
32752,-3.005230511089223e-09
32753,-2.6167729360362362e-09
32754,-4.792182751358097e-09
32755,4.7437213937439584e-09
32756,-1.453110444635997e-09
32757,1.8897586655734608e-09
32758,1.2750840870509592e-09
32759,1.1375991351434197e-08
32760,-2.0421970769831454e-09
32761,-8.882173045017614e-09
32762,-6.272134485420419e-09
32763,-2.2449476248359464e-08
32764,-8.018326777338662e-10
32765,-1.147690425548936e-09
32766,-9.345482784479018e-09
32767,2.6442188222930846e-08
32768,1.913506200245136e-09
32769,1.868668290552622e-08
32770,-5.141645885483938e-09
32771,1.8267378418221603e-09
32772,-2.1640312052518495e-09
32773,1.425055469710027e-08
32774,-8.09855667153667e-09
32775,1.5106578321870093e-08
32776,4.650957705714364e-09
32777,1.2672183968478769e-08
32778,-8.770523051734516e-09
32779,-7.4308787708632014e-09
32780,-5.8285197971619545e-09
32781,-5.5557254892024934e-09
32782,-1.904290364698795e-09
32783,-5.040273217369686e-09
32784,9.415941752347013e-09
32785,-2.0302193200380746e-09
32786,1.9605655840861905e-09
32787,3.96671079116771e-09
32788,-1.923873804526727e-09
32789,-5.958122273831245e-09
32790,-1.5487488668736176e-08
32791,7.529038285353033e-09
32792,3.971937275606939e-09
32793,-3.586522975442237e-09
32794,2.25737376285177e-08
32795,-7.292548006598604e-09
32796,-1.0667901643414635e-10
32797,1.8972856748777824e-09
32798,-6.534177515499333e-09
32799,-3.608497380045179e-09
32800,-5.488651617346764e-09
32801,-3.355747577439926e-09
32802,-5.818112982271542e-09
32803,-1.0659841182029115e-10
32804,-1.920863221994308e-09
32805,-5.85613612828067e-09
32806,5.798022704790926e-09
32807,-2.270938728529099e-09
32808,1.5082596839266881e-09
32809,-3.4485675215218592e-09
32810,-4.187999235105508e-09
32811,-2.5263421571727765e-08
32812,-9.292097446036002e-09
32813,-6.158291179753694e-09
32814,-3.4655986381767283e-09
32815,-2.1960151773403e-09
32816,-4.308706080784003e-09
32817,1.220578248632129e-09
32818,1.3303654133199802e-09
32819,-1.346909619623662e-09
32820,5.382139065962057e-09
32821,-4.303666780570447e-10
32822,-1.6889430025361518e-10
32823,-6.87870889216495e-11
32824,1.5147033631581756e-08
32825,7.737474322564712e-09
32826,-2.971119894349018e-09
32827,-4.2494608207842713e-10
32828,-6.421090117072018e-10
32829,4.8906212784354815e-09
32830,-5.333405293201909e-10
32831,6.859579763423228e-10
32832,1.3804037587666473e-08
32833,1.5063072040687635e-08
32834,-8.606364373584726e-09
32835,-7.703205003552735e-09
32836,2.34867200640204e-09
32837,-2.434158876309496e-09
32838,-5.109603853601499e-09
32839,8.07698321744137e-09
32840,8.254606544572782e-09
32841,-1.2218526907783374e-08
32842,5.921437393083985e-09
32843,-7.705619852900555e-10
32844,-6.552355954644369e-09
32845,-1.8705692046105383e-09
32846,2.344398166575101e-09
32847,-5.997257292519373e-09
32848,2.0344836262031724e-09
32849,3.7961503809236125e-09
32850,2.043772247261301e-09
32851,-5.245517767470358e-09
32852,-1.4308982155309797e-11
32853,-1.037602157205139e-08
32854,-1.269800407296264e-08
32855,-2.932905263815232e-09
32856,-1.2227966890008591e-08
32857,-2.822703430557831e-09
32858,-7.38371001002994e-10
32859,-9.180523474373528e-10
32860,1.2842792042680046e-08
32861,1.2892198023744152e-08
32862,1.2125739597591465e-09
32863,-3.4810647053530024e-09
32864,-1.0141999379438284e-08
32865,-1.5773869444915941e-09
32866,-5.684356203583807e-09
32867,1.465952261067777e-10
32868,-7.355924854530242e-09
32869,-3.408270330969244e-09
32870,-2.072947782306828e-09
32871,5.894476833890142e-10
32872,1.9667766828556557e-08
32873,-7.849577280679298e-09
32874,6.0464789077517325e-09
32875,1.396707786941149e-08
32876,2.5513930962918696e-09
32877,-9.636301520864882e-10
32878,-1.0473311643464246e-08
32879,5.292827644625705e-09
32880,7.4393036357668575e-09
32881,-1.923262258093482e-09
32882,-9.28483333713949e-09
32883,4.612018006044734e-09
32884,-1.7883572659307622e-09
32885,-4.3169011414748895e-09
32886,5.816550402153708e-09
32887,-7.035343352597844e-09
32888,1.2190315936393427e-09
32889,-1.2068444017209319e-08
32890,-4.135524111089305e-09
32891,1.2673623373622316e-09
32892,-2.299028318186883e-10
32893,-1.9837332528477694e-09
32894,1.4357925781670701e-08
32895,-2.731114782892607e-09
32896,1.2083058440170577e-08
32897,1.7744126655595187e-08
32898,-1.012490601882536e-09
32899,5.0460723536200435e-09
32900,-5.770250608099953e-09
32901,-4.906917960509561e-09
32902,-2.4102941745723274e-09
32903,-1.0979825825690296e-08
32904,-1.692095728702902e-09
32905,1.9203669089940795e-09
32906,2.0845821848108986e-08
32907,-1.1531664031406528e-08
32908,-1.7507008098967808e-08
32909,-1.8316498563065527e-09
32910,-5.367270181687949e-09
32911,9.684929657294808e-09
32912,-2.452432527176913e-09
32913,-7.2050078909075065e-09
32914,9.468973536566393e-10
32915,5.30275533678679e-09
32916,-1.3465153284859218e-08
32917,1.7717615301084452e-08
32918,-7.561847678837487e-09
32919,-3.804270554872591e-09
32920,6.6740593786896484e-09
32921,6.812103757355618e-09
32922,1.3367420390159401e-09
32923,-4.079945436374976e-09
32924,-1.928373541406213e-08
32925,-1.8909654006363024e-09
32926,2.1824053468051244e-09
32927,6.94673802084271e-09
32928,2.7633878759129316e-10
32929,-2.802763971635192e-09
32930,-1.0145742444901088e-09
32931,2.07124830820882e-09
32932,-5.946302233976561e-09
32933,2.558689561684296e-09
32934,-1.70259952819376e-08
32935,2.508896831813908e-08
32936,-6.050495688547256e-09
32937,-9.712603157081413e-09
32938,-1.064952897099619e-09
32939,-1.2567358746332463e-08
32940,2.098040930593174e-08
32941,-9.599353089794838e-09
32942,1.273144858098397e-09
32943,-2.0177437633045265e-09
32944,6.648107704842087e-09
32945,-1.174924776724027e-09
32946,-2.087818018487286e-09
32947,-1.2330739574793303e-08
32948,-1.2638481895268735e-09
32949,2.265445815555214e-08
32950,-5.681249303425975e-09
32951,-4.414739726515697e-09
32952,-8.027374659019803e-09
32953,-2.0967927466219828e-09
32954,-4.353233870558507e-09
32955,-1.3767267367807438e-09
32956,2.1104855389278964e-09
32957,-1.2998379261679158e-09
32958,-3.376450312268122e-10
32959,-1.7282653647419378e-08
32960,-9.640792817452198e-09
32961,1.3021283187182368e-09
32962,-3.7110384973551053e-09
32963,2.4096544703005624e-10
32964,-1.0545536568370801e-09
32965,7.355021986555581e-09
32966,3.6430849230184112e-09
32967,-5.764109020676064e-09
32968,1.3376853003676603e-08
32969,1.5436667296797417e-08
32970,1.5520293031001468e-09
32971,-3.7832702993380256e-09
32972,4.878396233320012e-10
32973,1.1778598866233151e-08
32974,8.751018917696114e-10
32975,-7.901942828786251e-09
32976,3.7174381904024138e-09
32977,-8.649354002918401e-09
32978,-1.061291982041836e-08
32979,1.437364547967617e-08
32980,2.108068168066089e-09
32981,-1.0128756866718396e-09
32982,2.3155680203041344e-10
32983,-5.2597741744375106e-09
32984,-1.9096763336485e-08
32985,3.240660039347828e-09
32986,-5.181303389856998e-09
32987,-2.6280433343662056e-09
32988,-7.042928312978985e-09
32989,1.8728886075494603e-08
32990,-2.128370707767377e-08
32991,-1.3482935301149321e-08
32992,-9.03235333427741e-09
32993,-2.230266572635255e-09
32994,-6.448313193132955e-09
32995,-8.817266431392099e-10
32996,-1.9673240526853242e-09
32997,-1.0188620146009519e-08
32998,1.3695170627267485e-09
32999,1.0798672132756687e-08
33000,1.2964605335343276e-08
33001,-3.739094200094524e-09
33002,2.6392340780837685e-09
33003,-3.8701571382355235e-09
33004,1.8602196711420146e-09
33005,-3.366439875357634e-09
33006,8.667697245832067e-09
33007,8.631342838953625e-10
33008,-3.883985956878775e-09
33009,-5.0900098633235175e-09
33010,-3.905811809500169e-09
33011,1.438048421801913e-08
33012,-1.9182082963808193e-09
33013,8.79232546781662e-09
33014,-1.2549181386000746e-10
33015,-1.670728426500088e-09
33016,-1.0127774351108849e-08
33017,1.6335120163352973e-09
33018,-5.914566409005477e-09
33019,1.2522561674602863e-08
33020,8.045192505317475e-11
33021,1.0321067360611157e-09
33022,-1.3534816861686555e-08
33023,-3.399739984142154e-09
33024,-3.247821259124682e-09
33025,4.487021536526709e-09
33026,-2.034025336443925e-09
33027,4.817301572489924e-09
33028,-5.029963317386719e-10
33029,1.0663476183222395e-08
33030,-2.3805125011635557e-10
33031,-8.987936219926224e-09
33032,-1.0206637244275398e-08
33033,-3.12351747498052e-09
33034,6.228364959696308e-09
33035,1.5428940240947948e-08
33036,1.3431014286793346e-09
33037,-5.596516609381481e-09
33038,-1.4043549963091253e-08
33039,1.956633340610803e-09
33040,3.382497202740459e-11
33041,1.7061732646683415e-08
33042,-8.058592448365239e-10
33043,5.784903128805006e-10
33044,-4.798678250669483e-09
33045,-1.9848324711801585e-09
33046,2.86960502362364e-10
33047,-2.795791801448018e-09
33048,-1.6165654529923086e-09
33049,-3.823106599879055e-09
33050,-1.9850328475677017e-09
33051,-8.902492105740672e-09
33052,-5.374204152504087e-09
33053,6.0834422775368866e-09
33054,-1.0647629052421208e-08
33055,1.6941921044289138e-08
33056,4.5634030543461404e-09
33057,4.240790993198417e-09
33058,2.4900099645113777e-09
33059,-3.354003838307023e-10
33060,1.7408576015551873e-08
33061,-1.6280805142586396e-08
33062,6.23156446650229e-09
33063,2.0244788138482828e-08
33064,-3.725507815958427e-09
33065,1.7743030763615983e-08
33066,-1.1204190718873203e-08
33067,-6.419405220696258e-09
33068,-2.4951556973443385e-09
33069,-2.1783933401055106e-09
33070,2.228732360533644e-09
33071,-7.706638290476257e-09
33072,-9.806252358865853e-09
33073,-1.0442864994906969e-09
33074,-2.8228537324126616e-09
33075,-2.4955911051206242e-08
33076,-2.0135762311313986e-09
33077,-7.702267566694629e-10
33078,-1.9112539697559392e-11
33079,7.354237224721254e-09
33080,1.699542459541872e-08
33081,4.2003476881948005e-09
33082,-8.120122921683685e-09
33083,1.058210135441913e-09
33084,3.3991274614207583e-09
33085,4.867742159518037e-09
33086,-2.855257443152662e-10
33087,-1.3767556824295077e-09
33088,3.400174136704847e-08
33089,4.918916870290357e-09
33090,5.862639571589548e-09
33091,-8.795621438934342e-09
33092,-1.904175091644852e-08
33093,-3.1668245458302824e-10
33094,3.812825993536859e-08
33095,-7.85391124522802e-09
33096,1.503933090910491e-08
33097,-2.2813684285286175e-09
33098,-1.7199107435012493e-09
33099,2.1433083852889794e-08
33100,3.8097199003569176e-10
33101,8.198100516521314e-09
33102,2.057864419547352e-08
33103,7.529678913844992e-09
33104,4.347819508568634e-09
33105,3.0688033291742675e-08
33106,-2.142981480107755e-09
33107,-1.1951785006111652e-09
33108,-8.481249906239816e-09
33109,-8.528322584946139e-09
33110,-2.2580974734377634e-09
33111,-4.805470567801142e-09
33112,-4.858553699004936e-09
33113,-2.0021755615378105e-09
33114,3.3749483939678802e-09
33115,1.8149041266212158e-09
33116,-2.580493962213206e-09
33117,-8.272736346511702e-09
33118,-5.006924693743567e-09
33119,-5.093542835744182e-09
33120,-3.145214741245651e-09
33121,-1.674882714440523e-08
33122,-3.761153957393012e-09
33123,2.972699378238466e-09
33124,-1.3280784288840305e-08
33125,1.1317760528810261e-08
33126,2.828025366222549e-09
33127,-8.367544631910192e-09
33128,-3.1682869634995383e-09
33129,7.019749392731832e-10
33130,-4.743767487767539e-10
33131,-1.762690610485579e-08
33132,-1.9442343200224313e-09
33133,3.0932235933371802e-09
33134,-4.049296939932288e-09
33135,1.637339375393123e-08
33136,-3.225804792537783e-09
33137,-4.902806952273438e-09
33138,6.17232340327013e-11
33139,-6.805275733578482e-09
33140,-3.975493837953456e-09
33141,-4.4844281491023476e-10
33142,-8.617557904523514e-09
33143,1.3349544121996964e-09
33144,6.023175356934864e-09
33145,-5.06266988012772e-09
33146,-2.8542024180654867e-09
33147,1.268944076463698e-09
33148,-4.671939659039872e-09
33149,-2.4793985842605292e-09
33150,-7.415477945314136e-10
33151,3.047932921479186e-09
33152,1.5424434243206338e-09
33153,7.82589977270742e-09
33154,-9.078696190469692e-09
33155,-3.8584305395087654e-10
33156,-1.057039986163572e-09
33157,-3.5065507333555506e-09
33158,-1.898030073228845e-09
33159,-7.637240225185158e-09
33160,-5.481316115854815e-09
33161,-3.010397807996999e-09
33162,1.1122124153180679e-08
33163,2.2018546873680434e-09
33164,3.986470037676707e-09
33165,-1.4628621775472774e-09
33166,-4.959957195511295e-09
33167,-9.504203127358708e-10
33168,-1.3375686942051378e-09
33169,5.088485553474641e-09
33170,-2.156482807133392e-09
33171,-4.137442909381962e-09
33172,1.0569409093497765e-09
33173,-2.6931473885436746e-10
33174,6.7284846341213654e-09
33175,3.706521356284595e-09
33176,3.523739716380205e-10
33177,-8.777973482143499e-10
33178,8.02415764461808e-09
33179,-1.4013157952479564e-08
33180,-1.3474705629815962e-09
33181,-9.215055632701788e-09
33182,-3.6267151335234748e-09
33183,6.36513032920075e-09
33184,1.4474988451906694e-08
33185,-4.79049832388149e-09
33186,-6.496368239904069e-10
33187,-3.0376740581135664e-10
33188,-2.2828450086816714e-08
33189,2.428608946156539e-10
33190,1.6922074092444883e-09
33191,3.7597345679234306e-09
33192,1.6353174456009382e-09
33193,-4.601573556627367e-09
33194,7.084292593834779e-09
33195,1.90101224502877e-09
33196,-7.919368660681127e-09
33197,-5.770640792919679e-09
33198,4.868222104906342e-09
33199,6.71371891775856e-09
33200,1.0131994265632589e-10
33201,-3.060289610206603e-09
33202,-6.406054352742894e-09
33203,-6.421603750984092e-09
33204,7.578119480334441e-09
33205,-2.625961620554201e-10
33206,-3.4261320311247495e-09
33207,-9.363972664186683e-09
33208,1.1630039496460989e-09
33209,1.234296569652749e-08
33210,1.408412419597056e-09
33211,3.2557777896049455e-09
33212,2.4393470302813478e-09
33213,6.346430318953662e-09
33214,-1.0575554325392549e-08
33215,4.571620330633317e-09
33216,-1.010567635615676e-09
33217,2.8934110756450286e-09
33218,-1.6290101966433922e-08
33219,1.0674664961380847e-08
33220,-1.4018258969461838e-09
33221,1.1762545113435848e-08
33222,8.022846414423284e-09
33223,-8.128309449978626e-10
33224,1.511260206975972e-09
33225,-1.0785177481085915e-08
33226,3.802079477676032e-09
33227,-5.83674376086207e-09
33228,-1.7895525084557796e-09
33229,1.2316164037147436e-08
33230,4.354879234796583e-09
33231,5.051307534155942e-09
33232,1.6422574745014176e-09
33233,-1.3558443927530873e-08
33234,-4.756285050650652e-09
33235,-1.0343922852209266e-08
33236,-4.12026687219639e-09
33237,1.437207862385247e-09
33238,-2.8509844074716886e-09
33239,1.4753283731050177e-09
33240,-9.062537656441795e-09
33241,-8.538653509759765e-09
33242,-3.79297172500235e-09
33243,-9.561082528219078e-09
33244,1.9450514240061056e-08
33245,-4.126566829435647e-09
33246,5.801494011310355e-09
33247,-1.4959518557943358e-09
33248,-1.1371250147484986e-08
33249,9.477122477584736e-09
33250,6.4294549085243e-09
33251,-9.279228802338157e-10
33252,-2.1096162037327444e-09
33253,-2.6736140612309776e-09
33254,-1.4982537401996514e-08
33255,6.89469743811962e-09
33256,-1.992762466610991e-10
33257,3.8611321954673015e-09
33258,-1.4397683346489576e-09
33259,8.029649489600795e-09
33260,-4.634563900264706e-09
33261,8.277067118179964e-09
33262,-4.679350972823642e-09
33263,-4.3997885650093975e-09
33264,2.73303302726586e-09
33265,6.348468789117917e-10
33266,1.3552178268329238e-09
33267,1.4744388475005842e-08
33268,2.4900843815085113e-09
33269,1.9957522948461864e-09
33270,-3.488941856320259e-09
33271,-3.1625633182566467e-09
33272,-5.9307525896645114e-09
33273,-2.250291019589851e-09
33274,9.033006354138548e-09
33275,-9.274612440642994e-09
33276,7.577571394300076e-09
33277,4.0396558205204315e-09
33278,6.38164785455867e-09
33279,-1.0597974699986673e-08
33280,5.621583148013247e-09
33281,1.1752647442145092e-09
33282,-3.3015674126619537e-09
33283,-1.4160307971562577e-08
33284,-1.3015132827679897e-08
33285,3.754801958078169e-10
33286,1.0279020162807412e-08
33287,-4.815862557924157e-09
33288,-5.773720341895162e-09
33289,2.3435564006781303e-09
33290,-2.2217850966064073e-09
33291,-1.6716364248125248e-09
33292,-1.8160201674031432e-09
33293,-1.1334936802810265e-08
33294,1.6697167335248703e-08
33295,-3.989368180398614e-09
33296,-2.967164637606399e-09
33297,6.423807710684444e-09
33298,-3.899232546360598e-09
33299,-6.420597831811787e-09
33300,-2.882465209190205e-09
33301,-2.4340208898187687e-09
33302,2.3873925990136346e-09
33303,-3.3426657918534355e-09
33304,-1.5321814284931345e-09
33305,-1.1024601915599192e-08
33306,-6.405638965064785e-11
33307,5.962221086521775e-09
33308,5.043828092116282e-09
33309,9.97005881532237e-10
33310,-1.693548900463907e-08
33311,-7.091730220394719e-10
33312,3.253800791905142e-08
33313,-5.961258331919745e-10
33314,1.7175490748813922e-08
33315,7.460678027125459e-09
33316,-1.771735345595498e-08
33317,-3.5582511001779106e-09
33318,-7.011662285463854e-09
33319,7.804764646727885e-09
33320,1.0858821572263278e-08
33321,3.978563802882581e-10
33322,1.1899223075965976e-08
33323,1.9195487151053338e-08
33324,1.9838551123224966e-08
33325,1.886231274959084e-08
33326,-1.2028651076705046e-08
33327,4.3131853025983635e-09
33328,1.0505342204872534e-08
33329,-5.6460694627995334e-09
33330,-1.2282653630234836e-10
33331,4.0889556004177925e-09
33332,3.4935296330536463e-09
33333,4.0379406510432845e-09
33334,5.5157836867044085e-09
33335,5.5007920784659515e-09
33336,-4.418007221718867e-09
33337,7.215484595011611e-10
33338,-3.0746943049733204e-09
33339,2.027713503670724e-08
33340,-1.241376107495626e-08
33341,-2.972890716991447e-09
33342,-9.203799488303099e-09
33343,3.2490077031550344e-10
33344,7.654117277035623e-09
33345,-1.5474635322913514e-08
33346,-3.130236941545596e-10
33347,-6.024376037718154e-09
33348,-2.787305190546104e-09
33349,8.235023964181308e-12
33350,-5.0988390602034985e-09
33351,-4.6714478907341095e-09
33352,2.5740772448415324e-09
33353,-3.0359194290882238e-09
33354,-8.604506161380269e-09
33355,6.247586368743555e-10
33356,-4.1251158719248575e-09
33357,6.430436172475296e-09
33358,-1.3859345842415755e-09
33359,3.821254714739495e-09
33360,1.824207370852958e-10
33361,-1.1277454647245974e-08
33362,-9.101185745761644e-09
33363,-8.27570953045335e-09
33364,-5.750544011957014e-09
33365,-2.7903167137350033e-09
33366,1.849844380291617e-08
33367,-2.287350205031614e-09
33368,-8.325876488383398e-09
33369,1.2018156298803725e-08
33370,-8.494475156738936e-09
33371,4.430617949754389e-11
33372,-8.794993481264465e-09
33373,1.6242877266331864e-08
33374,-5.779640032722834e-09
33375,-2.6578157724287853e-09
33376,-3.102111351221832e-09
33377,9.556991614065245e-09
33378,9.531643572069076e-10
33379,3.3296534153631753e-09
33380,6.50397903926309e-09
33381,-2.90343607663078e-09
33382,-1.3411940196507732e-09
33383,-3.484506372699186e-09
33384,7.946981192069726e-09
33385,-6.781764697568604e-09
33386,-1.2742918642238197e-09
33387,2.677781292530344e-09
33388,-5.337329315235116e-10
33389,-9.24732394260637e-09
33390,5.480594807424927e-09
33391,-1.024758866117621e-08
33392,-2.0001823696844104e-09
33393,6.146348386310767e-09
33394,2.365884257267223e-09
33395,-2.985321983697324e-09
33396,-1.1879020664503117e-08
33397,-2.6822068704146118e-09
33398,3.0410363449699442e-09
33399,-6.632246002425748e-10
33400,-1.963051985290061e-08
33401,3.205691950958919e-09
33402,-1.3822892942988452e-09
33403,-3.3770889793400033e-09
33404,9.02111557703885e-10
33405,6.765790442989112e-12
33406,2.915926795285619e-09
33407,-1.1382917515883618e-08
33408,2.0630714655365735e-10
33409,5.504761778904217e-10
33410,2.5655005039590767e-09
33411,-6.795846828647564e-09
33412,-1.1221237382429783e-08
33413,7.897941506872758e-09
33414,-7.564034577963626e-09
33415,-3.1672772282523486e-09
33416,4.2424570043136684e-09
33417,-6.1093308867819805e-09
33418,-9.397072681250341e-10
33419,3.1451670710543445e-09
33420,1.3989632816970212e-09
33421,-3.6627001432018614e-09
33422,-1.0313961062364356e-09
33423,5.7183605525644165e-09
33424,-3.8095380903566935e-09
33425,6.052803828569596e-09
33426,4.516950663265267e-09
33427,6.001169267306326e-09
33428,-4.3568418684332904e-09
33429,-3.2649612777383643e-09
33430,4.937355938511828e-09
33431,-2.4513993419027776e-08
33432,1.105190359812794e-08
33433,-6.809961387814771e-09
33434,1.5916909787172924e-08
33435,-1.1182797850191149e-08
33436,-6.147763344577859e-10
33437,1.643132543436267e-08
33438,2.291790706880756e-09
33439,-2.4245483003623057e-09
33440,2.4837189321245285e-08
33441,1.394943625268438e-09
33442,-8.071383929377202e-10
33443,-1.9928131019423318e-09
33444,-1.036677572070794e-09
33445,-2.2155879746366613e-09
33446,1.0659107602298358e-09
33447,-3.029466878490964e-09
33448,3.794803928707259e-09
33449,-6.493250051833663e-09
33450,1.2567057749233014e-08
33451,9.227052290605825e-09
33452,-5.914369305298798e-10
33453,-3.2193251916277808e-09
33454,6.119693140332897e-10
33455,6.777280439209914e-10
33456,9.003763625130662e-09
33457,-8.35834953848848e-09
33458,4.081125149863819e-09
33459,3.9986854045600355e-09
33460,6.1595985996634695e-09
33461,1.0579251429579442e-08
33462,-2.280690829949098e-09
33463,6.804217648507795e-09
33464,-1.3633054796590237e-08
33465,5.783709327653742e-09
33466,6.224967943271304e-09
33467,3.6869775420856303e-09
33468,-9.310510543402972e-09
33469,7.057191967290124e-10
33470,-2.140274424630533e-08
33471,2.808451124486878e-09
33472,1.9465703836984223e-08
33473,3.460620021822206e-09
33474,-1.0561851057610486e-09
33475,-9.698433727015649e-09
33476,-7.993141215582486e-10
33477,-1.816133714116645e-08
33478,5.582809433302909e-10
33479,-2.20298854846999e-08
33480,2.062263545502863e-09
33481,3.1422583180877754e-09
33482,-2.4089128272331897e-09
33483,8.166861086475111e-10
33484,-1.6444951671441786e-09
33485,9.852974659164352e-09
33486,-4.330055177732887e-09
33487,1.3586911379728823e-10
33488,9.945180292643456e-09
33489,-6.30889944232539e-09
33490,-4.440058143395355e-09
33491,-1.3329217911456612e-09
33492,2.5311333348693044e-09
33493,8.327564999363444e-10
33494,-3.0472405084144647e-08
33495,1.497505556378117e-08
33496,1.1573535696885706e-09
33497,5.301982312495881e-09
33498,9.474184521506504e-09
33499,1.7136304461732873e-09
33500,-3.945562324482815e-09
33501,-2.9252509237077097e-09
33502,-2.766675426856424e-09
33503,7.141377412295057e-09
33504,9.343593006396111e-09
33505,-8.616799990677384e-09
33506,-1.0270011064000885e-09
33507,-6.557243510114791e-09
33508,-8.408580749872135e-09
33509,1.0756868039757122e-08
33510,1.8041097894969677e-09
33511,-8.423204756834564e-10
33512,-8.785392640498118e-09
33513,-1.1385032790604594e-08
33514,1.1296446385250239e-09
33515,-3.739609374198561e-09
33516,1.4122887232099138e-08
33517,-9.524495772583167e-09
33518,7.378628599767745e-10
33519,1.5837361788268694e-09
33520,-8.79199748315847e-10
33521,5.390077597828947e-09
33522,1.2929574832466963e-09
33523,1.5589426988931726e-08
33524,-1.8942864945193394e-08
33525,-1.7449768649954396e-09
33526,-1.9483570264937926e-09
33527,1.3365090590884935e-08
33528,4.475069383946165e-09
33529,-1.989847836517652e-09
33530,-5.7931982234745136e-09
33531,7.406882637983206e-09
33532,-1.0313934259975684e-08
33533,-5.036770868220639e-09
33534,-1.8564343150774914e-09
33535,1.0359396864248757e-08
33536,-1.5892798706908221e-09
33537,1.7163926974537198e-08
33538,4.6361752742995254e-09
33539,-3.368283941137812e-10
33540,-3.0045548763821512e-09
33541,-6.532841498473817e-09
33542,-2.2824341784260994e-10
33543,-4.133337191738625e-09
33544,9.866513436426853e-10
33545,-4.85249512520821e-09
33546,1.3726846788807054e-08
33547,-5.983815362514547e-09
33548,2.7097278964034188e-09
33549,-6.509976194565475e-09
33550,-1.862734550180119e-09
33551,-1.7072292737753553e-09
33552,1.3902585021238415e-09
33553,-4.288636066010845e-10
33554,5.874710375576349e-09
33555,4.008315649948008e-09
33556,1.667516541492e-09
33557,-1.1461968427293266e-08
33558,5.81134539610619e-09
33559,1.3192741872345948e-09
33560,1.8514144172803432e-10
33561,-7.917333847814925e-09
33562,4.373830382747497e-10
33563,-4.1572634536059765e-09
33564,9.545522677232132e-09
33565,-6.661180865656488e-10
33566,-4.226800892303824e-09
33567,-1.9311211230946343e-08
33568,-9.323095881572341e-09
33569,4.427812903987083e-09
33570,9.03927241491581e-09
33571,-7.838912970445945e-09
33572,-1.0408787428368944e-08
33573,1.29891802129165e-08
33574,1.1755526267444533e-09
33575,2.7743726854851452e-09
33576,9.619900758615073e-09
33577,-3.925757304608392e-09
33578,-7.702716164324749e-09
33579,2.6283208563540343e-10
33580,5.492183109256326e-09
33581,2.1968290736545224e-09
33582,-1.020005254959061e-09
33583,-1.6084612242710955e-09
33584,-2.716195757887383e-09
33585,-6.287341638920627e-09
33586,-1.0434424403977303e-10
33587,-6.210882585707042e-09
33588,-4.528596653357559e-09
33589,-8.392039809469189e-10
33590,1.2997523257756862e-09
33591,-1.4176771532966375e-09
33592,6.119562353442154e-10
33593,3.1360248084694084e-09
33594,-1.5480568073709505e-09
33595,-1.9409130885702088e-09
33596,3.1680247883073358e-09
33597,-7.722524919046381e-09
33598,7.045340586133609e-09
33599,-9.628217823563578e-10
33600,-1.9402042058365484e-10
33601,-1.6002885454665759e-09
33602,-1.3640459213327752e-08
33603,-1.7741979570074756e-09
33604,2.1915576386243284e-10
33605,-5.605030784312155e-10
33606,-1.7024526643968478e-09
33607,-2.394850665223578e-09
33608,-1.006115705487367e-08
33609,-5.587721063966556e-09
33610,-1.4407214455519508e-09
33611,-3.773139777439987e-09
33612,1.3621884666177808e-08
33613,-4.561175067065124e-09
33614,-3.6471137969623283e-09
33615,5.823234023413256e-10
33616,3.723360529099129e-09
33617,1.5724787381191614e-09
33618,-5.168979956111694e-09
33619,-6.425452283770945e-09
33620,2.0851417604994108e-09
33621,2.1841688638887317e-08
33622,-5.860587729506608e-09
33623,-1.2746160203082335e-08
33624,-2.745572603438429e-09
33625,-1.7611251961275401e-09
33626,-6.9996428731430165e-09
33627,-1.8596724889354045e-09
33628,6.910425640218392e-09
33629,-2.9859203020547022e-09
33630,-1.1530947867543111e-08
33631,1.784358376667188e-09
33632,1.1098537343535806e-08
33633,-2.7132465696370982e-09
33634,-7.595203567209763e-09
33635,-9.153399533934808e-10
33636,-8.110987561883544e-09
33637,-6.584286089624826e-10
33638,1.5650570827627205e-08
33639,-5.053890072056302e-09
33640,-1.1569097786357637e-08
33641,-1.6667337243572702e-09
33642,-7.695200374469297e-09
33643,1.5382091917661874e-08
33644,-6.8075837886974704e-09
33645,-8.372569330152576e-09
33646,1.3634806817488257e-10
33647,-4.370191776446296e-09
33648,-4.0106071595171e-09
33649,-4.3301481887860785e-09
33650,1.1432691487257898e-08
33651,-4.0788104695478855e-09
33652,-5.019811425216597e-09
33653,-2.4014038495050217e-09
33654,-9.294778644179796e-09
33655,-5.811423884148458e-09
33656,1.9044203595363283e-10
33657,9.100992169139948e-09
33658,-6.773908962195887e-09
33659,-7.629729300733743e-09
33660,-1.4043507298480272e-08
33661,-1.2495262878364495e-08
33662,-2.225809186522662e-09
33663,-1.3581675939014203e-08
33664,-2.3784807407871284e-08
33665,2.622369624056599e-09
33666,-5.334216390025876e-09
33667,1.1905127364614432e-08
33668,-1.0337713523926235e-09
33669,-3.118788826312841e-09
33670,3.8295538005228184e-08
33671,-7.004286496974352e-09
33672,-2.876723839271784e-09
33673,3.1688530927318845e-09
33674,-9.292360003643023e-10
33675,-9.330346278101423e-09
33676,-1.5734389308648151e-09
33677,-5.6700652373344195e-09
33678,-1.1917199255265377e-08
33679,8.484561925867813e-09
33680,7.628086126966735e-09
33681,4.774418469316089e-09
33682,2.2269932223821295e-10
33683,9.502572944779745e-09
33684,-2.381614366085909e-09
33685,-2.1551365865376267e-09
33686,-1.6941334128251886e-10
33687,5.061443004697135e-10
33688,5.035877947079785e-10
33689,-2.1306887054482887e-08
33690,2.195504886213093e-09
33691,5.167055354015038e-09
33692,-3.3262141177255296e-09
33693,8.027622888459088e-09
33694,-4.08541523631192e-09
33695,-1.3458101622233426e-09
33696,-1.0634197870901162e-08
33697,-1.8471017410535762e-08
33698,-3.0056734741701884e-09
33699,-1.3239938043401456e-09
33700,3.208035832895232e-09
33701,7.153358994267529e-09
33702,-2.1146994508271454e-09
33703,-7.897224906518253e-09
33704,-1.7311852710730452e-08
33705,-2.460317129257885e-09
33706,-1.3078151775152576e-08
33707,-3.4629693026654914e-09
33708,8.750896274860512e-09
33709,6.746620526533093e-09
33710,-6.566938427646319e-10
33711,3.1214020760345666e-09
33712,6.059395618624738e-09
33713,-2.7360793196186596e-11
33714,2.075314344220516e-08
33715,-1.1591253698292763e-09
33716,-5.425775238988447e-09
33717,6.069046509174321e-09
33718,5.414025924123687e-09
33719,-1.95663964186705e-09
33720,5.850717883262531e-09
33721,-3.5879591541602352e-09
33722,4.963739858610424e-10
33723,6.473015509334774e-10
33724,-7.569490054554454e-10
33725,1.951484332912912e-11
33726,-1.6829204646809595e-09
33727,-6.4146434679573354e-09
33728,-2.111863274308417e-08
33729,-2.825060725107395e-09
33730,-2.88050594758945e-10
33731,-1.6404127008851008e-09
33732,-4.698810249820963e-09
33733,8.09580777992973e-09
33734,-5.364020489656622e-09
33735,4.812465398269315e-09
33736,1.3778617421036084e-08
33737,-7.759460239290927e-09
33738,-8.836536501993639e-09
33739,-6.845771848966135e-09
33740,1.20491656440736e-08
33741,-1.1023022863128047e-08
33742,-9.836997605415692e-10
33743,-3.4424984525923927e-09
33744,9.4653612289482e-09
33745,1.9729334035019176e-08
33746,-5.791921944368102e-09
33747,1.0317425330773833e-08
33748,-8.895256366330767e-09
33749,-1.9928215346702813e-09
33750,1.508737297368163e-08
33751,5.3466255152132606e-09
33752,1.5033048370262518e-08
33753,7.448938456251669e-09
33754,-2.1410249776716487e-09
33755,-4.1806638274826175e-09
33756,-5.933772023720783e-10
33757,-2.9723824433963545e-09
33758,1.991591875075589e-08
33759,6.557794401191349e-09
33760,-9.443001930709943e-09
33761,1.904760381086196e-09
33762,1.3323244104676009e-09
33763,1.2829372194656157e-08
33764,-3.2910979451038312e-09
33765,8.42281696166751e-09
33766,1.07227282341954e-09
33767,-6.163158274205623e-09
33768,-1.141179540343738e-08
33769,8.917166543673556e-09
33770,3.022453609027966e-09
33771,-1.6867943558660045e-09
33772,2.1011073877555504e-08
33773,-8.964300707556606e-09
33774,-1.0094871897938983e-08
33775,1.1944279069890312e-08
33776,-1.172726588564264e-08
33777,-1.6662371078364888e-09
33778,-5.025789936420078e-10
33779,-8.591115644507427e-09
33780,4.480309111573257e-09
33781,-8.153679155208804e-09
33782,3.305715538013549e-08
33783,-2.9094514003461897e-09
33784,1.1899335307492207e-08
33785,-1.4642486351545194e-09
33786,1.2189074786823633e-08
33787,-5.331789835013006e-09
33788,2.3875055201486163e-09
33789,3.128069211389609e-09
33790,3.794953322121504e-09
33791,-2.0932701869371718e-08
33792,-6.347333244019857e-09
33793,8.787349624835628e-09
33794,-5.922955739331702e-09
33795,-4.448544551355893e-09
33796,-1.980309769246715e-09
33797,-1.9269085266331282e-08
33798,-1.2402153038882025e-08
33799,1.1237522342540734e-09
33800,-9.033679207704993e-09
33801,-1.1468795824408094e-08
33802,1.4997797393878676e-08
33803,-3.5893106227591157e-09
33804,-2.7922141004987836e-09
33805,-2.1950285338836778e-09
33806,-4.121599990769357e-09
33807,9.328652031479293e-09
33808,1.494406181287755e-08
33809,-1.4485719147603375e-08
33810,1.2587417540302385e-08
33811,1.6339961306574083e-10
33812,-3.134869807539117e-09
33813,3.695995275333503e-09
33814,-1.2795249195284536e-08
33815,1.9919322410943862e-09
33816,5.420621478696672e-09
33817,-1.170453061155399e-09
33818,-1.3624597553254029e-08
33819,-5.629951993204701e-09
33820,-9.322614459464982e-09
33821,4.291106772265537e-11
33822,-3.0408617401537816e-09
33823,-2.9575806970460816e-09
33824,-8.960284679618914e-09
33825,-3.3745090918205845e-09
33826,3.163309977835114e-11
33827,9.691368737591263e-09
33828,-1.61297568402802e-08
33829,4.888262529424032e-09
33830,-4.482649997014669e-09
33831,3.4489506805383487e-10
33832,-2.892092124259404e-09
33833,1.1645453443226791e-08
33834,-7.4353242010844685e-09
33835,8.688843906242501e-09
33836,2.741799310707814e-09
33837,3.297469408187846e-09
33838,-9.019318591722629e-09
33839,2.150716916007536e-09
33840,-4.8975501977972536e-09
33841,-1.4653253385152634e-10
33842,4.01222223598517e-09
33843,9.175322457170135e-10
33844,3.4701563907201205e-09
33845,5.792555392048417e-09
33846,2.80527739442047e-09
33847,-1.1149566177375687e-10
33848,-9.073893077917965e-09
33849,1.1642546133680392e-10
33850,-3.805815657218172e-09
33851,-4.76092316228239e-09
33852,-3.9570237554792175e-09
33853,-3.310554211288649e-08
33854,-5.11938815355665e-09
33855,1.9267725459081136e-09
33856,-4.409470264045852e-09
33857,8.263662267750204e-11
33858,-3.856589756683095e-09
33859,7.212952848186739e-10
33860,3.2600131136424445e-09
33861,8.41901147155347e-09
33862,-6.36442438574708e-10
33863,1.025880528949067e-08
33864,1.8768916352912305e-10
33865,-2.3254493046071307e-09
33866,-3.44450233445201e-10
33867,-9.963804987508917e-09
33868,-1.2912812555851216e-08
33869,6.298055485215798e-09
33870,-3.1897170788024785e-09
33871,-1.004278119283368e-08
33872,-3.718959487858045e-09
33873,-9.366864364034085e-09
33874,-1.9208037041298575e-08
33875,7.456493225588273e-10
33876,-3.504398694638399e-09
33877,3.86220020374017e-09
33878,5.564147344363905e-09
33879,-8.797157866821612e-11
33880,1.4292812666264161e-08
33881,-1.4267709487369421e-08
33882,-6.737558281052399e-09
33883,1.4161646508984901e-08
33884,2.6018048329124765e-09
33885,-1.2229150580755767e-08
33886,-5.0589714751420695e-09
33887,2.3867830691569464e-08
33888,-5.655425371455418e-10
33889,-3.456814569860891e-09
33890,9.28684255720041e-10
33891,-4.127894532868371e-09
33892,-9.750198637685007e-09
33893,-6.938378703160835e-10
33894,3.839731336717762e-09
33895,3.856734998787506e-09
33896,3.1445692537678377e-09
33897,1.4004828961397392e-09
33898,1.4855607907086407e-08
33899,-5.798165477069827e-09
33900,-1.0739317843407083e-09
33901,-1.1984548947992736e-08
33902,1.2537665471086632e-08
33903,3.7281223764545666e-09
33904,-8.137741474452568e-09
33905,-1.465384108556279e-08
33906,-2.5025739209105832e-09
33907,4.2415885984552125e-09
33908,-2.862231674458205e-09
33909,4.721924246683067e-09
33910,-2.3193241930500375e-09
33911,-6.0010787157901844e-09
33912,1.7185132912648825e-09
33913,1.1189464288004204e-08
33914,-1.8845115281676842e-09
33915,-4.142007380540903e-09
33916,8.049122076576507e-10
33917,9.169237410212647e-09
33918,-2.7090650771927058e-09
33919,-2.457104022884387e-09
33920,4.817003004347524e-09
33921,1.2642158200205869e-09
33922,1.0971952099887605e-10
33923,6.401743340796802e-09
33924,-2.279580586909027e-09
33925,2.7088546256654993e-08
33926,-3.244466652532851e-09
33927,7.075927718188606e-09
33928,1.5835853262996146e-08
33929,-1.6924273010418357e-09
33930,-1.2435381398061434e-08
33931,6.403692097523753e-10
33932,-1.179310348375482e-09
33933,-1.0158138876679794e-08
33934,1.3497448266321901e-09
33935,-4.756214411271342e-09
33936,-1.7737535981874875e-09
33937,-3.8551472307641103e-10
33938,-7.796899591474557e-09
33939,-2.1840510314337757e-09
33940,-2.760241825323528e-09
33941,-1.7342397819251138e-09
33942,2.3282620555498254e-09
33943,-3.541834357953423e-09
33944,7.2213596097263745e-09
33945,-1.675532614856373e-08
33946,1.9900645753060935e-09
33947,-3.813123802336774e-09
33948,4.1843312911431896e-10
33949,2.9824557875259372e-09
33950,5.2701691065562694e-09
33951,1.0170213226467329e-08
33952,4.11570691923329e-09
33953,-4.1634074869377095e-09
33954,8.842298645845569e-10
33955,-1.6733269758531701e-09
33956,3.305636025515963e-08
33957,3.80737149811312e-09
33958,-2.215194765716407e-09
33959,4.343471639121417e-09
33960,-7.266342203680466e-09
33961,-1.5963741746952064e-08
33962,-1.7733584851516867e-10
33963,-5.164779217067832e-09
33964,1.0554876292578725e-08
33965,1.1616656086541504e-08
33966,-2.5588724693325214e-09
33967,-3.87795107827951e-09
33968,-1.7528789797641365e-10
33969,-4.9102844342085856e-09
33970,3.10433785087769e-09
33971,-7.183750421634735e-09
33972,-2.3807799088393365e-09
33973,-4.438339227914733e-09
33974,1.4898354791993639e-08
33975,3.6272238250294594e-09
33976,1.2580871425905481e-08
33977,-9.063350764364453e-09
33978,-3.5664843850331222e-09
33979,-4.108362257298969e-09
33980,2.6670444292846493e-09
33981,-4.5466893117003067e-10
33982,-1.0808782448310678e-08
33983,-7.006519147319534e-10
33984,-5.8715279883363e-09
33985,-8.851121227005216e-10
33986,-1.4335568166108128e-09
33987,-4.3452150740582306e-09
33988,-6.691208626825494e-09
33989,-5.356950568314466e-09
33990,-2.7279437355457483e-09
33991,2.783045978311933e-09
33992,6.372626948208382e-09
33993,-6.992976829845006e-09
33994,-8.062852091673107e-09
33995,1.8531204237346226e-08
33996,-7.341833245676086e-09
33997,-1.8406405236740365e-08
33998,2.6280386353319693e-10
33999,-1.0217092583612016e-08
34000,2.5113240898162635e-09
34001,8.208859426694916e-09
34002,-2.226025654605971e-09
34003,2.5697855432358577e-08
34004,-3.2578275525113093e-09
34005,-1.8414818114235833e-11
34006,1.3929544154497172e-09
34007,-1.6424327388559289e-09
34008,-1.1324333145132369e-09
34009,-1.0040365517805653e-09
34010,9.188162076258143e-09
34011,-1.5385362086922506e-08
34012,1.1480434201121986e-08
34013,1.1639353477090854e-09
34014,-2.8231531584099756e-08
34015,-1.5334343168028735e-08
34016,6.983451459486151e-10
34017,-1.0452858196295477e-08
34018,1.9325117481024935e-08
34019,6.780765352807987e-09
34020,-4.956254769975479e-09
34021,7.29210603036018e-10
34022,1.9535884666948594e-08
34023,8.578922689222657e-10
34024,4.84810389554903e-09
34025,-4.418685708931017e-09
34026,-3.406019326695809e-09
34027,3.1869593783270306e-09
34028,-3.02888727757692e-09
34029,3.1770734908158463e-09
34030,6.71907587478465e-10
34031,-8.133499897630408e-09
34032,2.371131327595553e-09
34033,3.745327786958387e-09
34034,-1.9614966309184744e-08
34035,4.3008630078373685e-10
34036,-1.1061216072681652e-08
34037,8.778441446145319e-09
34038,-6.474366595921531e-09
34039,-1.1775720285181341e-08
34040,1.0666281773506938e-09
34041,4.990834096304944e-09
34042,-2.5429340212896636e-09
34043,-4.714889791628543e-09
34044,-1.0818826499528507e-09
34045,-2.3793008270573335e-09
34046,1.327283076916705e-08
34047,7.1564344040236745e-09
34048,2.706173436875184e-10
34049,4.1748907531560465e-10
34050,-4.442929610331538e-09
34051,3.0644818674309185e-10
34052,1.4994034437305825e-09
34053,-4.510492194459085e-09
34054,1.9923658707757964e-09
34055,-5.621469142132018e-09
34056,1.453112175306935e-09
34057,-5.05975184569022e-09
34058,7.078331213848779e-09
34059,-1.0064168940953546e-09
34060,-1.0004050985511976e-08
34061,-4.405482028842733e-09
34062,4.77448439090686e-09
34063,-5.333269886870113e-10
34064,1.822227423004078e-08
34065,4.467676187008305e-09
34066,1.4475256930939689e-09
34067,-1.2596359009388774e-08
34068,-9.370784628116374e-09
34069,-7.464159715089226e-10
34070,1.250259069535251e-10
34071,8.826399720413273e-09
34072,-5.1866595590887316e-09
34073,-7.63754082537526e-09
34074,-5.33684363912602e-09
34075,-2.164761731201413e-09
34076,2.0539865138296128e-09
34077,-2.2133867745358203e-09
34078,-3.5241500154950803e-09
34079,-4.460545109770148e-09
34080,-5.841097283225658e-10
34081,-9.263126055074844e-09
34082,1.9388464303021817e-09
34083,-2.6474471921001596e-09
34084,1.6471717035031472e-08
34085,-5.679746030702536e-09
34086,1.3964679524733622e-08
34087,-1.2189405898868448e-08
34088,1.6400458487054667e-08
34089,4.456148131709114e-09
34090,-9.5572170305189e-09
34091,-2.094739503780492e-08
34092,1.3866325747011225e-09
34093,-1.6800510709662714e-08
34094,3.679590399883743e-11
34095,5.9069497548314686e-09
34096,-9.188153845391139e-10
34097,2.7497142142044233e-08
34098,-9.311842682814597e-09
34099,4.188756138068331e-09
34100,1.1131777660361952e-08
34101,-4.620507324749879e-10
34102,2.0119299463899465e-09
34103,-2.2903569329414047e-09
34104,-8.943008240518181e-10
34105,5.874034221080712e-10
34106,-7.273335039999689e-09
34107,7.602798116479431e-10
34108,-4.2172299478039905e-09
34109,1.687850508483025e-09
34110,-1.1520877680958374e-09
34111,1.0845980810992721e-08
34112,1.4154340643140366e-08
34113,-3.556312396159776e-09
34114,1.0262487431170289e-08
34115,-1.3981572845136801e-09
34116,1.348232899580519e-09
34117,1.6472083356833914e-08
34118,-8.49429570593229e-09
34119,-8.384208830821902e-09
34120,-2.049229072948885e-09
34121,-4.8280270553138966e-09
34122,-5.3657974507989165e-09
34123,1.457496216902841e-09
34124,3.528092335455584e-09
34125,3.7161773070023546e-09
34126,-2.8555990456104946e-09
34127,-1.0444787739244895e-09
34128,-6.6675104095838775e-09
34129,-3.6347364270298924e-09
34130,-4.513737678198646e-09
34131,-4.580509804554973e-09
34132,-2.760674988524114e-09
34133,-8.776746146931293e-09
34134,-7.676211848567655e-09
34135,1.6025915926786145e-08
34136,3.881707141946327e-09
34137,-1.4444351589925693e-09
34138,-1.166932773096383e-08
34139,2.0499887199278404e-09
34140,-2.138194914305763e-09
34141,-1.9578562071578277e-09
34142,-3.5580895192024047e-09
34143,8.802059274292298e-09
34144,1.1730632742719864e-09
34145,-8.78003246532824e-09
34146,-6.712877517127745e-09
34147,-6.394897131170565e-09
34148,-9.469061577529132e-10
34149,3.0120282605341623e-09
34150,-1.4157591173867386e-08
34151,5.9824670420912734e-09
34152,-2.0648160790998937e-09
34153,2.509153682089668e-09
34154,-9.414883441996118e-09
34155,-4.799143039219311e-09
34156,8.883333869809562e-10
34157,-1.0472122182371766e-08
34158,-1.8615837591433568e-09
34159,-9.02267997320415e-09
34160,-1.3407293670950745e-09
34161,6.959738527703474e-09
34162,-2.5109912330319066e-09
34163,2.9729245806770053e-08
34164,7.88831431143696e-09
34165,-5.766672859637803e-09
34166,-4.5983488370153625e-09
34167,1.626092397727874e-08
34168,5.875241174888611e-09
34169,5.533746156003129e-09
34170,2.4175005888893354e-09
34171,-4.617262728295168e-09
34172,4.963226716260761e-09
34173,-5.9475058445622745e-09
34174,1.7841172295541084e-09
34175,1.7699293337442732e-10
34176,-1.2760558272844358e-08
34177,-9.487437135608002e-09
34178,-5.970529663767257e-09
34179,-3.0751559219609574e-09
34180,-7.698430157559105e-10
34181,3.864456760128599e-09
34182,2.389373050780578e-09
34183,-1.13292780118435e-10
34184,1.7379752414644556e-10
34185,3.408630194628349e-09
34186,9.033626313060069e-09
34187,-2.27485008428265e-09
34188,-3.3642032677613055e-11
34189,-2.800031744711217e-09
34190,4.0176364010121976e-10
34191,-3.545893402818605e-09
34192,2.3065153161000517e-09
34193,1.0753695333578168e-09
34194,-1.438798324644942e-08
34195,-3.918208385227617e-09
34196,-8.18665611923692e-09
34197,1.611210177421412e-08
34198,5.5923846964428784e-09
34199,-9.274924539419144e-09
34200,-1.4071750520425305e-08
34201,-3.3194151456633516e-09
34202,-5.046381939433218e-09
34203,-2.885088614276843e-09
34204,-2.643828866874398e-08
34205,-5.406232643977361e-10
34206,7.878749840878742e-09
34207,-5.465060110037144e-10
34208,-2.5312167826629152e-09
34209,-2.3724540280314214e-09
34210,8.129268787828089e-10
34211,7.287962252626569e-09
34212,-1.3379993358392063e-09
34213,-2.270804229206408e-09
34214,4.915147144479967e-09
34215,-5.611563874573931e-09
34216,5.2084203969610354e-09
34217,1.7234198811636894e-10
34218,2.76057067261367e-09
34219,3.738698118969418e-09
34220,-2.9139667857652894e-09
34221,-4.552971769773789e-09
34222,4.7148833840937226e-09
34223,-2.1987597697620768e-08
34224,-3.4044386636615337e-09
34225,4.363735763682626e-09
34226,-2.470219890309904e-09
34227,-2.015348250215949e-09
34228,-3.21510993957931e-10
34229,2.0492999712927716e-11
34230,1.6451266371393793e-08
34231,3.5111241602678073e-09
34232,3.0803382126802226e-10
34233,-1.2323562409912267e-08
34234,-8.700219361440617e-09
34235,2.9969146975129694e-10
34236,-2.126621891917614e-09
34237,2.0553142670537057e-09
34238,-1.0927483537687497e-10
34239,1.7873002213774133e-09
34240,3.3393593153428815e-09
34241,-6.826316444342022e-11
34242,2.988257504561907e-09
34243,-1.5507289907442044e-09
34244,-1.9385213897571204e-08
34245,1.2243914445914326e-09
34246,2.1236551419357928e-10
34247,1.6900142062705225e-08
34248,-1.6481726876434471e-09
34249,9.523263287143776e-10
34250,2.620078889743823e-08
34251,-1.1050682180410406e-09
34252,-7.071685660184739e-09
34253,3.150687841217349e-08
34254,-4.700244318831994e-09
34255,-2.9911078171380595e-09
34256,-2.1568988511571747e-09
34257,2.1738938312002356e-08
34258,1.6094392364441217e-08
34259,-5.930141610175666e-09
34260,-1.9286256316656045e-08
34261,2.8665906050623212e-08
34262,-1.0064881577806279e-08
34263,-2.7051761332737487e-10
34264,-1.0416280116135786e-09
34265,-1.7127479872011784e-09
34266,-3.1155113041491286e-10
34267,-5.681454133972439e-10
34268,6.486327862125419e-09
34269,1.4147646557280123e-09
34270,-9.903371215488042e-09
34271,7.229536288405354e-10
34272,-1.076900727869026e-08
34273,1.1383900484033523e-08
34274,9.017824952617963e-09
34275,2.008312352890877e-09
34276,-3.0813582868114146e-09
34277,-1.0000174657056614e-09
34278,3.6322098929950232e-09
34279,3.6125314335647556e-09
34280,-2.108972340977484e-08
34281,3.6620613505398426e-09
34282,-1.3661869691795952e-08
34283,-3.0997963819168174e-09
34284,-2.9937481179719986e-09
34285,-3.1125830376343262e-09
34286,-1.1898825962918333e-09
34287,-2.18634554013267e-09
34288,-3.1564694650042527e-10
34289,-3.266834601163206e-09
34290,1.0021261367569127e-08
34291,1.8150296711617672e-09
34292,1.3990970741418804e-08
34293,-1.8616881844848465e-08
34294,-5.149325856628192e-10
34295,-3.6630276138106476e-09
34296,-3.7645020288302795e-09
34297,9.339029297830895e-11
34298,-1.2209193100495545e-08
34299,-6.023749316700327e-10
34300,-2.674223641155114e-09
34301,-1.2098187315160797e-08
34302,-3.035681602219027e-09
34303,5.80428441344612e-09
34304,9.270948956808272e-09
34305,-4.0922390838647984e-10
34306,3.003341728150857e-09
34307,2.0170911112196373e-08
34308,-4.212363015763336e-09
34309,-5.711096332418399e-09
34310,1.2478616876325987e-08
34311,-3.075169131582469e-09
34312,1.0012868032613405e-09
34313,-3.0473219645508026e-09
34314,-3.5689276241603253e-09
34315,4.2815451216989166e-10
34316,-3.998880205654858e-09
34317,-1.2123403705787169e-08
34318,4.190586537635219e-09
34319,-5.334273138094555e-09
34320,-2.253110954923719e-09
34321,-9.205242796509366e-10
34322,-1.5492514005827232e-08
34323,1.042662336043838e-08
34324,1.609412405083869e-09
34325,-1.113105907202741e-09
34326,-4.615036434804916e-09
34327,5.807475447610848e-09
34328,-1.4472270832563243e-08
34329,1.6842601879940365e-10
34330,-1.0244712317234119e-08
34331,-3.809389230109855e-09
34332,-2.5665190074373187e-09
34333,-2.421368829623946e-09
34334,4.371633381195283e-09
34335,1.585479999276821e-08
34336,1.6941680767346004e-08
34337,1.2393662020849564e-08
34338,5.711992001536476e-10
34339,4.4793600030432427e-10
34340,9.810781969250736e-09
34341,-6.7630879771302046e-09
34342,-3.844726238262441e-09
34343,3.277692396614394e-08
34344,1.8945281676440064e-09
34345,2.0938951766434474e-08
34346,2.7216012727871283e-09
34347,-4.794046497156682e-09
34348,-2.0567899387277433e-10
34349,2.023096215040106e-09
34350,3.01245310654091e-09
34351,-1.4023967845079186e-09
34352,-5.190311129678606e-09
34353,2.5931964069018083e-09
34354,-2.7844834494146007e-09
34355,3.8275036348063715e-10
34356,-7.627089135149496e-09
34357,-5.041258815003607e-09
34358,-1.5559611514661057e-09
34359,-5.7329333343792965e-09
34360,-1.5220673959852023e-09
34361,2.8062514869865803e-09
34362,7.612555229402066e-09
34363,4.390104040681832e-09
34364,9.148648864972201e-10
34365,-1.1754008808084064e-08
34366,-1.9577458175298217e-09
34367,-4.409254618120354e-09
34368,-5.93943294107078e-10
34369,1.2169330408563645e-09
34370,-4.671777305734269e-09
34371,-1.1200795855540557e-09
34372,2.0714262174492407e-08
34373,-2.9935097406019286e-09
34374,8.79961555237052e-09
34375,-7.116399286330625e-09
34376,2.0317916673184653e-08
34377,-1.205089401407152e-09
34378,1.8346751732235666e-09
34379,1.540640198821217e-10
34380,-3.6822054345973168e-09
34381,-1.1735661854133745e-08
34382,-5.327464373242167e-09
34383,-7.356681793004802e-11
34384,-5.829516848465741e-09
34385,1.2433854257590135e-09
34386,4.124887610469747e-09
34387,1.8660034295698774e-09
34388,-9.598558207643662e-09
34389,1.810823841433168e-09
34390,-3.6442751627397546e-09
34391,-1.5392296051977543e-08
34392,8.777394238564288e-09
34393,9.888000491900104e-10
34394,-3.7107080244642873e-09
34395,9.689604859250217e-09
34396,-3.3567771157156735e-09
34397,-3.436016990826594e-09
34398,-8.768564627034818e-09
34399,1.1986402639996952e-09
34400,2.411379943772381e-09
34401,1.8822372690885735e-09
34402,-5.4266689005927956e-09
34403,-1.19271603664987e-09
34404,1.2085611714955591e-08
34405,3.0382052955902685e-08
34406,-2.577996191650232e-09
34407,-5.003468299791966e-09
34408,-1.9150429874962685e-08
34409,-6.417280265756399e-10
34410,-1.248482634593888e-08
34411,-5.843763503154089e-09
34412,4.268704316238072e-09
34413,5.937428201156381e-09
34414,-3.779429937215677e-09
34415,3.1132782522952025e-09
34416,-3.290627215889985e-09
34417,-6.033541968905953e-10
34418,-7.542722860012843e-09
34419,2.4779128579610664e-08
34420,1.8658531396428077e-08
34421,1.0318025961102942e-08
34422,-1.2488138222258293e-09
34423,2.162392069150237e-09
34424,9.29097104378003e-09
34425,5.301822633335624e-09
34426,-2.502556403231649e-09
34427,3.511414668183944e-08
34428,4.417467067023698e-09
34429,2.6026876645793783e-10
34430,-6.756140801516576e-09
34431,1.4102327807526822e-08
34432,-2.2167185838225324e-09
34433,-1.4797164194836104e-08
34434,-3.415627299675928e-09
34435,-3.1133032030241725e-09
34436,-1.5966152668963137e-09
34437,1.255491101893632e-08
34438,-3.5355528084200794e-09
34439,-6.160016041634366e-09
34440,-4.337426835107e-09
34441,-2.259384243199936e-09
34442,-2.2033862584855544e-09
34443,-2.5200051760459525e-09
34444,1.368688192433604e-10
34445,-3.225752943061065e-11
34446,-3.9047150908753486e-09
34447,2.760689329786148e-10
34448,-5.428918452444937e-09
34449,3.456853207036859e-09
34450,8.376938134030174e-10
34451,-3.6178383371038513e-09
34452,1.2180835640368868e-08
34453,-4.842322994878538e-09
34454,-1.1850758751074608e-09
34455,1.1122408794899175e-09
34456,-5.944485481334207e-09
34457,4.587390322238087e-09
34458,1.1029790354681034e-08
34459,-8.720289798951866e-09
34460,6.7347839637401964e-09
34461,2.538436814770239e-10
34462,1.335129853349103e-08
34463,-7.275392632444398e-09
34464,7.128992375573177e-09
34465,3.59252947961848e-09
34466,2.2394430212916447e-09
34467,-9.66811281327123e-10
34468,9.681859538079323e-10
34469,-8.059132209138217e-09
34470,5.065661752859212e-09
34471,1.8313342992677684e-09
34472,-1.272738890720228e-08
34473,-8.1219806117665e-09
34474,-8.273850969918674e-09
34475,-1.1997957638663841e-09
34476,-6.788792393066169e-09
34477,-6.304879310647805e-09
34478,-1.0217516317549064e-08
34479,-7.283464356218526e-09
34480,8.280927486293276e-10
34481,5.101361819728902e-09
34482,-2.413371127741395e-09
34483,3.02683530180428e-09
34484,1.0161282933580396e-08
34485,2.2069424671617463e-09
34486,-4.739424686680081e-09
34487,-2.812727345715696e-09
34488,2.808238215001771e-09
34489,-1.463782278044837e-08
34490,1.3658593289135278e-09
34491,5.8427157326034795e-09
34492,3.144061697722907e-09
34493,-4.209724704719307e-09
34494,-2.3504023545239256e-09
34495,3.085016664163001e-10
34496,-2.7037062673205106e-09
34497,2.3747190980490337e-09
34498,8.026872642073268e-10
34499,-4.528667403268175e-10
34500,-6.710293658910024e-10
34501,-3.9065111173717966e-09
34502,-2.0112140024935618e-08
34503,-5.529665844572248e-09
34504,-4.075990292407698e-09
34505,1.2917176114103008e-09
34506,3.1108173726214717e-09
34507,5.463163546470179e-10
34508,-3.613269961074235e-09
34509,9.314969930411197e-09
34510,-4.233871208214263e-09
34511,-1.8807313411866602e-08
34512,-4.468329878935935e-09
34513,6.845549914454853e-09
34514,-3.0267876104784036e-09
34515,-2.4834026509372063e-09
34516,2.747720315768996e-09
34517,-1.0526598093951675e-08
34518,-4.169137989405027e-09
34519,1.491576616929748e-08
34520,5.844698222471434e-09
34521,4.029087965299594e-09
34522,-1.714562980614065e-10
34523,-7.127328271213885e-09
34524,1.5269440434068715e-09
34525,5.023152410726492e-09
34526,1.6335508872349693e-10
34527,2.9645891235539656e-09
34528,-1.0054474161110865e-08
34529,-6.765356224962729e-09
34530,-2.862860334009132e-09
34531,5.5828283749737376e-09
34532,-1.108406740396612e-08
34533,-9.964832720068922e-09
34534,-3.337712084776898e-09
34535,-3.081147594879723e-09
34536,-1.6553406231765395e-09
34537,1.1188477349302533e-08
34538,-4.3588782588035455e-09
34539,2.2778701148386654e-09
34540,-5.399289460698385e-10
34541,-3.1909459449931307e-09
34542,-6.1819819510350755e-09
34543,2.2165120783791104e-08
34544,1.8576315556784573e-08
34545,-8.061586019459292e-10
34546,-1.0922755817042649e-09
34547,1.5719747085856485e-09
34548,1.9133032593980783e-08
34549,-3.0912077841002426e-10
34550,-1.3494812749164152e-09
34551,-3.626058762020392e-09
34552,1.4699649178050673e-08
34553,-5.1686809400428265e-09
34554,8.610742036115805e-10
34555,-4.557122083245687e-09
34556,1.2632900817580955e-11
34557,6.043569981272469e-10
34558,2.5578387619940105e-08
34559,6.185570548425069e-09
34560,-1.2288504165425064e-08
34561,-1.864100605140977e-09
34562,-1.1610884808289707e-09
34563,-7.2336244276840806e-09
34564,-7.542912231777806e-09
34565,-9.70386844465568e-09
34566,-3.747912562607158e-09
34567,-1.0346995313437995e-09
34568,-9.977029333749857e-09
34569,-3.854283172862519e-09
34570,3.1350920038987777e-09
34571,6.870278202509315e-09
34572,-2.2260866117646688e-09
34573,-1.481695954836917e-09
34574,1.1909409146129886e-08
34575,1.4888504439794226e-08
34576,-8.114047705966617e-09
34577,-1.4690426605278684e-08
34578,-5.0044771934374414e-09
34579,6.280689542408033e-09
34580,3.953221929579721e-10
34581,2.161840696238115e-09
34582,-1.7425046120919784e-09
34583,-2.8160852766158465e-09
34584,-9.121290508602532e-09
34585,5.350885420959094e-09
34586,-5.149957535389306e-09
34587,2.2693390902051663e-08
34588,8.095349210852864e-10
34589,1.7244566631744548e-09
34590,-4.2402090401649885e-11
34591,-5.175163487003476e-10
34592,9.786505486885667e-09
34593,4.915216860780339e-09
34594,-8.575389344700078e-11
34595,2.8692154909214568e-08
34596,6.201526786588575e-10
34597,8.245545834053253e-09
34598,4.9081895060598474e-09
34599,-7.829231028145149e-10
34600,-6.761044203010966e-09
34601,-3.624441175523375e-09
34602,-2.457644171172775e-08
34603,4.189651662953813e-09
34604,1.355942255262742e-09
34605,-5.619949350682084e-09
34606,-3.6712519366023106e-09
34607,6.254468262555361e-09
34608,1.9381634739191547e-09
34609,1.8412271655752768e-09
34610,-1.3186365338211283e-09
34611,-3.6413124068045826e-09
34612,1.5291251231128798e-09
34613,8.13143788525888e-10
34614,-3.2769696860243476e-09
34615,-1.0154330332409537e-09
34616,-8.985049096029501e-09
34617,1.2564456611723873e-09
34618,6.861559039728786e-10
34619,-1.4753311616420385e-08
34620,-1.0181998407925513e-08
34621,-3.1346533840665434e-09
34622,1.21811101031488e-08
34623,3.103952328995558e-09
34624,-7.306263528673075e-10
34625,-9.609360830064104e-10
34626,-3.628308837910998e-09
34627,-4.759030206995373e-09
34628,-1.4745137027161103e-09
34629,1.2112093140721291e-09
34630,-1.4207796919399712e-09
34631,-1.138121150653832e-08
34632,8.622339859436274e-09
34633,-3.352351412566323e-10
34634,7.057652689561067e-09
34635,-2.0997219815320233e-09
34636,8.816787468642487e-10
34637,3.903148533183073e-09
34638,3.437919245041159e-10
34639,-8.244416353366721e-09
34640,2.8961967890983397e-08
34641,7.040916108102371e-09
34642,-8.346910506385258e-09
34643,-4.0428310593201576e-09
34644,-5.885239183128113e-09
34645,1.044408384978764e-08
34646,-6.490881879978962e-09
34647,2.5607943841627813e-10
34648,-3.4474688602357504e-09
34649,-2.1629828495014322e-10
34650,-4.040631025684413e-09
34651,-8.762019827471716e-09
34652,-2.379161236557968e-09
34653,-8.44761630518141e-09
34654,-3.1378925874479803e-09
34655,-6.670784891499947e-09
34656,-1.542424572505528e-09
34657,-3.3675893569689927e-09
34658,-1.9798855208334438e-09
34659,-1.0438026306385724e-08
34660,-5.965150843471068e-10
34661,-7.831342327563249e-09
34662,8.43441518733694e-09
34663,-2.4763525137391326e-10
34664,2.7149771089525625e-09
34665,-6.137653850976096e-09
34666,-2.1143057780550454e-09
34667,-1.6414978278003065e-09
34668,-7.72433446296998e-09
34669,-1.980317490021657e-08
34670,1.1930875354600597e-08
34671,-1.0244756592121027e-08
34672,2.1799569318151967e-09
34673,9.380772025138625e-10
34674,-2.745572132963232e-09
34675,-7.167909324217203e-09
34676,-1.1410023274478735e-10
34677,6.566157608829769e-09
34678,1.6526033037548195e-08
34679,7.512036340643001e-09
34680,2.1341318971183047e-10
34681,-4.926149225300374e-09
34682,1.0781416119058626e-08
34683,2.561817215258073e-09
34684,-2.216824852269488e-10
34685,-4.735796577718431e-09
34686,4.051254194304158e-09
34687,-2.5929689289491204e-10
34688,3.2858044495303845e-09
34689,-3.949724683615169e-09
34690,-8.885367465787555e-09
34691,6.0365684803668495e-09
34692,6.649945213300444e-09
34693,-4.7450027610127995e-09
34694,-5.164567415313469e-09
34695,-6.199131385039896e-09
34696,-3.525973946733147e-09
34697,-1.3342313400797861e-09
34698,8.745470664659164e-09
34699,-4.689206272008717e-10
34700,7.72575556398045e-09
34701,2.856611039225409e-09
34702,-2.183108569235733e-08
34703,-9.350062810535463e-09
34704,-1.843952067949686e-09
34705,4.004900670963738e-09
34706,1.0914562168938393e-08
34707,-9.406471425450595e-11
34708,3.1562398235082734e-09
34709,-1.2353702668434634e-08
34710,-6.591406069432248e-09
34711,2.339712172165705e-09
34712,-1.1316771453520013e-09
34713,-8.681816106646355e-09
34714,1.455082579878136e-09
34715,-2.144784817045042e-09
34716,-2.175745117876437e-09
34717,-9.006415578371425e-10
34718,-1.5482702845443995e-09
34719,-3.36328407298199e-09
34720,5.014926775973048e-09
34721,1.6471194719139066e-09
34722,3.873385357344521e-09
34723,2.556790632045912e-10
34724,8.415654564572238e-09
34725,2.480726779616008e-09
34726,-5.114858986993648e-10
34727,6.2799242927360254e-09
34728,3.0274206877891405e-09
34729,6.6106341695219195e-09
34730,-7.592215314720293e-09
34731,-2.8338163380021312e-09
34732,-3.9261764089085746e-10
34733,7.883012345726058e-10
34734,-2.2499441379762803e-09
34735,6.22376392196824e-09
34736,3.68844213716993e-09
34737,-3.9208838224325557e-10
34738,-4.479346749951635e-09
34739,-1.8526220243233323e-09
34740,9.085872834092532e-10
34741,1.395766681138209e-11
34742,-8.1627353614351e-09
34743,1.3783440865108288e-09
34744,8.592860289671717e-10
34745,-2.5558512053275064e-09
34746,-1.1862359969504904e-08
34747,-5.616845169846135e-10
34748,-6.546579195273231e-10
34749,-5.76809560498813e-10
34750,6.821262736738864e-09
34751,-1.0170739642462233e-08
34752,-3.865326672728538e-09
34753,-9.197598756497258e-09
34754,1.068605969132508e-09
34755,3.906368777270455e-09
34756,5.633665327182927e-10
34757,-5.593315813054502e-10
34758,1.1072608273411358e-08
34759,-6.354064119805193e-10
34760,1.2202954016471087e-09
34761,1.3151353031020164e-09
34762,-9.638204739338775e-09
34763,-5.1062450442666514e-09
34764,-1.6668229638798028e-09
34765,8.578033089157976e-10
34766,7.204168507180983e-10
34767,-1.070486578349949e-09
34768,-5.391852285209962e-09
34769,-4.5792772740915666e-09
34770,-9.846298045510514e-10
34771,-1.6855866501971444e-08
34772,-4.728759168029559e-09
34773,1.1806055073595454e-09
34774,-1.0107810173191319e-08
34775,3.610263459080951e-10
34776,3.0680426161007216e-09
34777,4.599300354797552e-10
34778,2.840760805995976e-10
34779,-4.77156262768185e-09
34780,1.7299679791934873e-08
34781,-7.384802379825946e-09
34782,2.6297661728554812e-08
34783,9.974161064059225e-09
34784,1.4119142472829934e-09
34785,1.3652925795616696e-09
34786,7.541818886848694e-09
34787,-1.286428090432582e-09
34788,8.215430569127382e-09
34789,-4.768399037442744e-09
34790,-1.8896564099752576e-08
34791,-2.135902260228215e-09
34792,2.2036542129665385e-08
34793,1.3247501013878496e-08
34794,-2.4136280338730877e-09
34795,-1.695565678631113e-08
34796,8.34635820609124e-09
34797,-9.286761782284613e-10
34798,2.8561653014877584e-08
34799,-4.1329941200589755e-10
34800,-9.404486445453514e-10
34801,-4.779108964907887e-09
34802,-1.8008589842112997e-08
34803,1.0851947777108478e-09
34804,-1.9781481795534388e-08
34805,2.4224119321744976e-08
34806,-2.7609557714531615e-09
34807,5.7185732696311915e-09
34808,3.688424444890309e-09
34809,-1.7835958488270728e-08
34810,-2.115968119179463e-09
34811,-7.3445478696245635e-09
34812,-4.032448194572683e-09
34813,1.023616278928836e-09
34814,2.245880938483601e-10
34815,-9.55016408708913e-09
34816,-3.7310682335090004e-09
34817,-2.804043338077065e-10
34818,-5.55483352676477e-09
34819,1.1969341203555575e-10
34820,1.8691497555699652e-09
34821,1.261503887583081e-08
34822,2.337207623410922e-08
34823,-8.618423529699201e-09
34824,-1.9023010422963795e-09
34825,2.8018568191178586e-09
34826,5.3592054604738655e-09
34827,-3.858365126278262e-09
34828,-1.4631899380148151e-08
34829,-1.068774971301602e-08
34830,-3.5814511204968497e-09
34831,-4.348075476869651e-10
34832,-4.725938844641924e-09
34833,-5.595997148980401e-10
34834,1.6533921399790804e-09
34835,7.227795862090521e-09
34836,5.2687407225659875e-09
34837,-2.0142099748097884e-09
34838,6.6296975657079125e-09
34839,-1.6632771697433185e-09
34840,-5.181009587470611e-10
34841,7.60251033409588e-10
34842,-7.171461450314556e-09
34843,-7.85615090713367e-10
34844,6.000040108623962e-09
34845,-1.2966979256182696e-08
34846,2.130664410775184e-09
34847,-9.917639953046252e-09
34848,1.0193483755961125e-08
34849,-1.3568484329442693e-09
34850,7.974843094245538e-09
34851,6.251848659149034e-09
34852,-4.22603237357656e-09
34853,-1.335354422866583e-09
34854,-1.2215365033836936e-09
34855,-3.0709166350587546e-09
34856,4.640156146214183e-09
34857,-4.132055316597729e-09
34858,1.5611526484130076e-09
34859,2.1616104198439378e-08
34860,2.0962790187099327e-09
34861,-5.799582883850493e-09
34862,3.244095057666251e-10
34863,-8.149110481248755e-09
34864,-4.621064918187648e-09
34865,-1.425496529618163e-09
34866,-2.5889266941980856e-09
34867,1.94018626957919e-08
34868,5.006379184302783e-10
34869,2.801412914089336e-10
34870,-7.074394279174338e-10
34871,-9.620201800279196e-09
34872,1.4463528024452513e-08
34873,-1.5004630512872681e-09
34874,2.6919489019766693e-09
34875,2.501741122741913e-08
34876,2.629181267033097e-09
34877,5.667337269579509e-09
34878,-6.46631132557324e-09
34879,1.998310432039854e-09
34880,3.0716342517190126e-09
34881,-2.5164728481560545e-08
34882,1.0085627965145913e-08
34883,1.748168723932417e-09
34884,-2.232774788805234e-09
34885,-6.434980713090125e-09
34886,-7.657327968505781e-10
34887,-8.219450750898429e-09
34888,3.8450206436939745e-08
34889,-1.230775691856847e-09
34890,-8.245826483436829e-09
34891,3.3392754560490083e-09
34892,2.2743915115471714e-09
34893,1.1862582853977258e-08
34894,-1.0718365436917247e-08
34895,-6.1797624472076055e-09
34896,-3.179402696793683e-10
34897,1.1856530333509527e-08
34898,1.0515823224373033e-08
34899,2.1481774383229187e-09
34900,4.68473504437732e-10
34901,1.8266166355029834e-09
34902,4.916877289593915e-09
34903,4.956850192933495e-09
34904,6.556553414026193e-10
34905,-7.3325456982068786e-09
34906,-5.38180406926449e-09
34907,-1.0898402485750444e-08
34908,-1.6410070547331237e-09
34909,-2.5815586581457375e-09
34910,-1.130500145825011e-08
34911,2.4453423292238788e-09
34912,1.810311123887391e-08
34913,-1.1409358154102365e-08
34914,4.210663444222461e-10
34915,2.370325240806575e-09
34916,-1.2840718434705307e-08
34917,-2.4658780558493766e-08
34918,-2.8630401721253833e-09
34919,-1.017734193772477e-08
34920,6.468519989294462e-10
34921,8.973822661068456e-10
34922,-1.4006772718886541e-09
34923,-8.40634481038156e-09
34924,1.8217258919138658e-08
34925,-5.610947877047112e-09
34926,1.7930726827133108e-08
34927,4.0709031356876366e-09
34928,-4.567801684157423e-09
34929,-5.684561873370162e-09
34930,-1.2928034361794045e-09
34931,-3.5585059948329802e-09
34932,-4.6439263876733866e-09
34933,-4.36410085750688e-09
34934,-7.800978356337153e-09
34935,3.0466688126142903e-10
34936,7.611014978064179e-09
34937,-5.593167549152234e-09
34938,1.9902588213525894e-10
34939,-9.907428414667447e-10
34940,-7.471860669526146e-09
34941,1.9588018123001594e-08
34942,-1.2764220482536318e-08
34943,-6.588807350853757e-09
34944,-2.9279004855325428e-09
34945,-8.327792578504048e-09
34946,-3.60375649212417e-09
34947,-7.679400284263144e-09
34948,8.872913958992051e-10
34949,7.831907431671945e-09
34950,-1.0766709524962363e-09
34951,-1.670591884647577e-10
34952,1.3758987870642978e-08
34953,-6.055477444798706e-09
34954,2.0413286008923703e-09
34955,-1.1025686162149858e-08
34956,9.415658098359577e-09
34957,-7.962732381792531e-09
34958,3.971193777468272e-10
34959,-2.832060382074625e-09
34960,5.266263312879479e-09
34961,2.270242216579175e-09
34962,-8.32452101756434e-09
34963,1.0751987049136532e-08
34964,1.067800055341408e-08
34965,-9.49022400143173e-10
34966,1.4287680036991564e-08
34967,-1.050492216214011e-08
34968,-1.0085034928805931e-08
34969,2.9011634241738784e-09
34970,6.353382724639658e-09
34971,-1.770659896924727e-09
34972,-2.6196023192386205e-08
34973,-9.020276352943199e-10
34974,-2.4080359187837953e-08
34975,-1.1206818082474743e-09
34976,6.531155863955935e-09
34977,3.1076662301592706e-09
34978,-3.252070613494239e-09
34979,7.012900241563638e-09
34980,-2.556410148373823e-10
34981,-4.0573157530209e-09
34982,-3.691930572422698e-09
34983,-4.9139099031229174e-09
34984,-1.1361722427962666e-08
34985,-5.662261691372677e-09
34986,-3.0552670109908727e-09
34987,2.4183947699783853e-09
34988,-7.121693621416402e-10
34989,8.045684897041975e-10
34990,1.520100574950645e-08
34991,-2.95844582586637e-09
34992,1.9240040516854632e-09
34993,-7.860520878896701e-09
34994,-1.9066572820763416e-10
34995,-9.130482762439765e-09
34996,1.961255003677514e-08
34997,7.163790677499754e-10
34998,-3.5227649171219143e-09
34999,1.2447903601778527e-08
35000,-6.373051734922942e-09
35001,-3.8454159530342285e-09
35002,-7.481748480220935e-11
35003,-2.7898978021973236e-09
35004,-4.879658906851524e-09
35005,8.651316002096278e-10
35006,2.400923291289851e-09
35007,-5.9099108351707e-09
35008,-3.0159473120123848e-09
35009,-5.510087708023765e-09
35010,8.6834185576971e-09
35011,1.1624356307069823e-08
35012,-2.104333401765731e-09
35013,-1.6665569034582234e-08
35014,-9.629843289569078e-09
35015,1.1967755713648525e-08
35016,-7.566385084444556e-09
35017,8.5655623982333e-09
35018,6.198011442335589e-09
35019,-4.639568567473528e-09
35020,-3.5039742068897142e-09
35021,-3.3914249380792092e-09
35022,-5.5136719858957974e-09
35023,-9.036023834003817e-09
35024,1.2748551158883851e-08
35025,-4.8686243576698575e-09
35026,-1.7544890853196166e-09
35027,-1.621783957519345e-09
35028,2.0836708404826278e-09
35029,2.233830129925006e-08
35030,1.1536649310239236e-09
35031,-1.1690322290166288e-08
35032,-3.5123352932872002e-09
35033,2.640473582382897e-08
35034,-1.1559077762267152e-09
35035,1.6806155696146453e-09
35036,-1.445003343351754e-08
35037,-7.885084702461815e-09
35038,1.8016684926906942e-09
35039,-1.1789714968126068e-08
35040,3.85250114762112e-09
35041,5.110718754300203e-10
35042,-5.2984518156849845e-09
35043,4.029735530102023e-09
35044,6.9180179072352365e-09
35045,9.345069637557096e-09
35046,5.536757704572202e-10
35047,1.7004492853577255e-08
35048,-4.576118714534873e-09
35049,-1.1360005427550186e-08
35050,-4.857357192027492e-10
35051,-9.78415570717792e-09
35052,-4.407007210458535e-08
35053,-1.999539600218425e-08
35054,-1.603844231696554e-09
35055,-2.2416184158952154e-09
35056,-3.5151188850506942e-09
35057,1.2435534712488199e-08
35058,1.4135360096514123e-09
35059,8.347197498064103e-09
35060,1.244843163585399e-08
35061,-8.788666187543229e-09
35062,1.090091841307527e-08
35063,-1.6302772152433085e-09
35064,-3.937266248803125e-09
35065,1.8525050574452123e-09
35066,-1.81380586991871e-09
35067,-3.262454748485677e-09
35068,4.8709440297236085e-09
35069,9.614448978097577e-10
35070,-1.8490071481526515e-09
35071,4.928597267895388e-09
35072,1.313351428739625e-09
35073,-1.9434426326816616e-09
35074,-9.318593827270557e-09
35075,4.417654108755054e-09
35076,1.0729021163809306e-09
35077,-5.949827015804927e-09
35078,7.115488457587772e-09
35079,-4.1292166402374975e-09
35080,-7.85834338729643e-09
35081,8.461290570797062e-09
35082,-1.5513044114110322e-09
35083,-4.323442191887229e-09
35084,2.5767194888364524e-09
35085,2.6597232556110843e-09
35086,4.435409296497691e-09
35087,7.303198737031123e-10
35088,-2.2563855911870343e-10
35089,1.7563566641816738e-08
35090,-1.854907226538617e-08
35091,-1.5198662545430795e-09
35092,-9.622151751489e-10
35093,-2.9440414914088175e-10
35094,-1.5859477788307872e-09
35095,-5.010529488386533e-10
35096,4.652717836520616e-10
35097,1.48509821043023e-08
35098,-2.679424268092264e-09
35099,-1.0398846501331276e-08
35100,-1.2819365184950752e-09
35101,2.8554235321359725e-09
35102,-1.1047438503466001e-08
35103,-2.229647548803872e-09
35104,-4.0277939903965e-09
35105,2.24282328077199e-09
35106,-1.2724473143062418e-08
35107,-6.2712449278221015e-09
35108,-8.736589462505743e-09
35109,-3.318675479536454e-10
35110,2.191665747071802e-09
35111,-1.3597607653221705e-08
35112,3.3669902787352195e-09
35113,-6.9783033538360414e-09
35114,-1.353759418046339e-08
35115,6.350008114679846e-09
35116,1.7901971802718522e-09
35117,5.213106764760222e-09
35118,1.5438486828529194e-09
35119,-1.17629560034082e-08
35120,-3.6473671475275786e-12
35121,1.8845400370106263e-09
35122,3.674740198380608e-09
35123,2.7421918214080916e-10
35124,-1.0068398127318173e-08
35125,5.674524501032856e-09
35126,-4.988510518166435e-09
35127,-8.426240640443153e-09
35128,-1.7442857412926532e-09
35129,3.3336804099663817e-09
35130,-8.700762032035827e-09
35131,-3.147539186678778e-10
35132,5.270208242874596e-09
35133,2.1737494968555665e-09
35134,6.66199978071355e-09
35135,3.486878339329418e-10
35136,3.4373961822036204e-09
35137,7.988199892632419e-09
35138,-1.1195538198776155e-08
35139,1.15510705699639e-09
35140,-1.0126999755936057e-09
35141,3.116911220130421e-09
35142,2.7328375650449883e-10
35143,-1.1393541365099526e-09
35144,-2.3170640431872047e-09
35145,-2.6475293831220075e-09
35146,-4.882460571037403e-09
35147,-8.994105914712554e-09
35148,3.278032211768499e-09
35149,-5.9645982089728e-09
35150,1.1902740934209734e-09
35151,2.8830916857807036e-10
35152,9.639093969684644e-09
35153,4.267340502050711e-09
35154,1.6383404526221242e-08
35155,-3.6619639335299225e-09
35156,-2.0470930170221868e-08
35157,-3.3829569376015287e-09
35158,6.717631387959957e-09
35159,3.805824010619827e-09
35160,-4.5903305234717064e-10
35161,5.610096006611664e-09
35162,8.253257083063744e-10
35163,-2.4641300480656798e-09
35164,6.280925728180791e-09
35165,2.2192512009511044e-09
35166,3.522260460842051e-09
35167,2.207624723608155e-09
35168,-8.827563415823922e-09
35169,2.0748035544935112e-09
35170,9.044330260242556e-09
35171,8.16417308900094e-10
35172,4.001686551859764e-09
35173,-1.3130248598660014e-08
35174,5.9123367325637284e-09
35175,-4.065834533203149e-09
35176,-1.0420275936067012e-09
35177,2.8105469499379696e-09
35178,6.815906481152881e-09
35179,-6.725628275309856e-09
35180,5.44488579353628e-09
35181,-3.1845250471394664e-10
35182,1.0493841222020322e-09
35183,-1.6709900508538253e-08
35184,5.1720970616488903e-11
35185,-1.1613736521629924e-08
35186,-4.044650742374909e-09
35187,1.0754828127945102e-09
35188,6.0945281728863135e-09
35189,5.095147668916679e-09
35190,2.3235868114390787e-09
35191,-1.0750477496064482e-09
35192,7.281485190491109e-09
35193,5.750787154691693e-09
35194,-4.656985338494284e-09
35195,1.607625692131832e-08
35196,-6.163100568038986e-10
35197,-3.841403296977825e-09
35198,-4.2467119177588075e-10
35199,5.794786330710453e-09
35200,-1.5369761222568451e-09
35201,-5.986978766081642e-10
35202,1.5034545763911056e-10
35203,1.575489598199061e-08
35204,4.051532857652324e-09
35205,7.986375478361361e-10
35206,-5.9898076254144536e-09
35207,2.0274925333954363e-08
35208,-3.79775587203705e-09
35209,4.052145583398342e-09
35210,3.6234489415291167e-09
35211,1.5636501921859638e-09
35212,4.234443325836127e-10
35213,-4.213845589514522e-09
35214,-1.32110011509014e-09
35215,-1.003557667099175e-08
35216,-1.7428449420257176e-09
35217,6.354066971422643e-09
35218,-1.3710196988325692e-09
35219,-3.424297743424531e-10
35220,1.2715606988780668e-08
35221,6.958524143622376e-09
35222,-2.075094150991055e-09
35223,-2.9972297024520743e-09
35224,-2.881377851976387e-09
35225,-2.386142552398503e-09
35226,3.2170791464104906e-09
35227,-4.348910079745549e-10
35228,3.028428465649244e-08
35229,2.305707290629489e-08
35230,1.4257472481561713e-09
35231,-1.4100556137781176e-08
35232,1.497569464911845e-08
35233,-9.220090747561082e-10
35234,1.2072080883636278e-08
35235,5.967824752789776e-09
35236,-1.3397118919347421e-08
35237,-1.1090240117305353e-09
35238,-1.5594531966776603e-09
35239,-1.9105981013828655e-09
35240,-3.9454670364013045e-09
35241,3.4484340719110982e-09
35242,-2.461223655613243e-08
35243,8.065685849135637e-09
35244,2.45981394070018e-09
35245,-3.2531022331133797e-09
35246,2.4384599979793627e-09
35247,-1.0984668790249975e-08
35248,3.2511782663657297e-09
35249,1.308964796666812e-09
35250,1.4594106736488776e-09
35251,9.459469659778665e-09
35252,-2.079018997312455e-09
35253,-1.8228030317734132e-09
35254,1.9023731716497883e-09
35255,1.0887145387708138e-08
35256,-4.939663496010371e-09
35257,3.992658404705228e-09
35258,-4.283123324638675e-09
35259,-5.879288095784554e-09
35260,-8.842446309358701e-10
35261,1.3297032313021628e-08
35262,2.9450172451197847e-09
35263,2.6471036021948166e-09
35264,-1.2434332998067654e-09
35265,-1.419549247842698e-08
35266,-1.2491251124860915e-09
35267,-7.261476793966529e-09
35268,4.061635523536029e-09
35269,-4.083628523093022e-09
35270,1.0994467602026142e-09
35271,3.841983228231248e-09
35272,5.413890040860353e-10
35273,5.483652060268462e-11
35274,-2.282337838122426e-08
35275,-7.590603378271501e-09
35276,-2.0263659928520323e-10
35277,1.1781152918394127e-09
35278,-1.2634250931640625e-09
35279,-5.52686501656455e-09
35280,-2.3732724041574966e-09
35281,-5.723992464285706e-09
35282,-5.1762953634115245e-09
35283,1.1451211116178119e-09
35284,-9.991846503424194e-09
35285,-9.463695240934664e-09
35286,1.7835833586654124e-09
35287,-2.9365642542025595e-09
35288,-2.3471099324678976e-09
35289,6.585249712029353e-09
35290,-1.1010503070536269e-10
35291,-4.873061392686386e-09
35292,-1.1580117734463407e-09
35293,-2.4194847873150016e-10
35294,4.433427344750838e-09
35295,4.450007597715784e-09
35296,1.0900590574466727e-09
35297,3.0604378241816197e-09
35298,5.809514566046319e-10
35299,-1.1156682817683603e-08
35300,-4.965584003592353e-09
35301,2.8100338520055296e-09
35302,-1.6264330317772556e-10
35303,5.177919576380282e-09
35304,5.723633563881468e-09
35305,1.0454112523561963e-08
35306,-4.918500016602473e-09
35307,7.244802406631884e-09
35308,-2.966965551560611e-09
35309,-5.084776435750631e-10
35310,-9.202353792424359e-10
35311,-3.160922941624191e-09
35312,-1.1095935892631707e-08
35313,-7.822630729367012e-11
35314,5.277759029903934e-09
35315,-4.5240030255987665e-09
35316,-2.8367932138773555e-10
35317,-1.201190384854572e-09
35318,-3.3737341867172824e-09
35319,6.2627501464073744e-09
35320,-6.840303663413785e-10
35321,-3.5544685751794527e-09
35322,-1.1625072576335837e-08
35323,-1.3307315847777981e-09
35324,-1.5040169614710837e-09
35325,9.19663523656224e-09
35326,7.429989847996038e-09
35327,-1.5368372644080563e-08
35328,-2.006981272964705e-09
35329,3.097029030204227e-09
35330,1.2880858056908479e-09
35331,1.2268425741047898e-09
35332,-1.0076394328092515e-08
35333,-1.722937078125967e-09
35334,-5.222080242423322e-09
35335,7.942780611622172e-10
35336,4.402152940246192e-10
35337,-5.582125958441418e-09
35338,1.1336630505391796e-09
35339,-5.953882618650938e-09
35340,6.844866344944259e-09
35341,8.838506093253087e-09
35342,-1.2119244529613395e-08
35343,-9.929677478416949e-09
35344,-1.2586848281228137e-09
35345,3.054619916825098e-09
35346,-2.6012640853674556e-09
35347,1.579813710930169e-08
35348,-4.524195604960239e-10
35349,1.3624236559115336e-09
35350,-6.388509593524638e-10
35351,1.0162612822682499e-09
35352,-1.1839792043837908e-08
35353,8.803586458636313e-09
35354,2.40993624764942e-09
35355,1.0921419935051986e-08
35356,-2.816073566642323e-11
35357,3.3201142558612547e-09
35358,-4.1674103768979575e-09
35359,-2.199945600215304e-09
35360,8.627731357009495e-10
35361,-3.698673841372594e-09
35362,3.0467699007680523e-10
35363,1.4804379142272845e-09
35364,6.717134445987157e-09
35365,-8.9251256152535e-11
35366,3.228670920867219e-10
35367,-7.82010609106082e-09
35368,3.487067674899106e-09
35369,1.7059303226711623e-09
35370,1.321789313564035e-09
35371,-5.433970174534829e-09
35372,1.1827437921941455e-09
35373,-1.1394493215596876e-09
35374,-6.593793594306699e-09
35375,9.47297700080861e-10
35376,-3.439870883614295e-09
35377,-1.0332960916672767e-09
35378,1.7397183749354318e-08
35379,-4.976634857924037e-09
35380,-1.2997874634520952e-09
35381,-3.18805070024463e-09
35382,-1.3069548505023245e-09
35383,1.2919234629867226e-08
35384,-7.655128171167871e-09
35385,-5.283225438439798e-09
35386,4.975118188407892e-10
35387,-6.55738567140604e-09
35388,-2.489560929036292e-09
35389,4.256219283816126e-12
35390,1.3791219589234775e-08
35391,-1.019113726140519e-08
35392,-6.6129290094501166e-09
35393,-9.869149409338813e-09
35394,2.4141713396910244e-09
35395,7.148703243065701e-09
35396,-6.14593776971322e-10
35397,-6.496588399291145e-10
35398,-4.583381412381387e-09
35399,6.077429256186662e-09
35400,-8.488664771350722e-10
35401,7.918612438029518e-09
35402,-1.4445975423043663e-08
35403,-3.3607011501733466e-09
35404,-6.519845159072772e-09
35405,1.9279356921309698e-08
35406,2.33284616858399e-09
35407,-1.250955346321165e-08
35408,-4.245293320948966e-09
35409,8.529430665531733e-09
35410,-3.7029610642644618e-09
35411,9.74937832116115e-09
35412,2.536769612177026e-09
35413,-1.564808938465858e-09
35414,-8.313298195342171e-09
35415,-4.935674726616554e-09
35416,2.77240890793491e-09
35417,5.019127147810538e-09
35418,2.6318360628710526e-09
35419,2.8071380218324463e-09
35420,1.2960271442814879e-09
35421,4.279614198108206e-09
35422,6.023643932641233e-09
35423,-5.6820312751956246e-09
35424,4.7325451862922035e-09
35425,-1.7718985710934059e-09
35426,-6.269937156330074e-09
35427,-4.709834065535794e-09
35428,-8.004484047433113e-11
35429,-7.928107356478972e-11
35430,2.390090638955061e-09
35431,-8.81641556168382e-09
35432,1.5253825375462755e-09
35433,-8.448711475653971e-09
35434,7.440234757927874e-10
35435,1.7368767374704344e-08
35436,2.72808998726137e-09
35437,-4.101960280817264e-09
35438,3.953916693820564e-10
35439,-2.3934227213747518e-09
35440,-9.597142739987267e-10
35441,2.1784855120733063e-09
35442,-7.153063242943027e-09
35443,7.986587325050036e-10
35444,-2.905443853584606e-09
35445,9.923820804294106e-09
35446,-2.4034961470036592e-09
35447,-8.169815135161501e-09
35448,-2.2132463138726085e-13
35449,-1.8761702437459784e-09
35450,-3.2009104459527703e-09
35451,3.964368979020746e-09
35452,-6.977482390086638e-09
35453,-1.3029351591659682e-08
35454,-2.1671064392840345e-09
35455,1.862728958724936e-08
35456,4.206147280393208e-09
35457,7.0365037746049665e-09
35458,-9.362734887961373e-09
35459,-3.3662852266455597e-09
35460,4.215494883268569e-09
35461,8.533487787150491e-09
35462,-3.155815814688486e-09
35463,7.867502029356545e-09
35464,6.035925635094998e-09
35465,1.6083577353457007e-09
35466,-5.736392758117836e-09
35467,-4.284420345787678e-09
35468,-2.8671440848660124e-09
35469,-1.749860563727129e-09
35470,5.32049205325878e-09
35471,2.697371317318793e-10
35472,-1.887439452871843e-09
35473,3.832450670884889e-09
35474,7.690617483061231e-10
35475,-3.2443867923546227e-09
35476,-1.9562025252130295e-09
35477,-6.688915599760598e-09
35478,-3.0492914830328903e-10
35479,-6.0558560152887166e-09
35480,1.1270178444812139e-08
35481,-1.2111063767068906e-09
35482,1.0322219283006777e-08
35483,1.6827848302073986e-08
35484,-6.909015155023385e-09
35485,-9.435181791013053e-10
35486,-2.5178764099692487e-09
35487,6.35393877086295e-09
35488,-4.2843896665780815e-09
35489,-9.45752637546778e-10
35490,6.65073725436257e-09
35491,-6.270301612373556e-10
35492,7.769612567972589e-09
35493,-1.8492939822269883e-09
35494,2.8199168568991815e-09
35495,1.3296259612521045e-08
35496,4.518437055354144e-09
35497,4.59266210483002e-10
35498,4.366908577408519e-09
35499,-8.493282998766912e-09
35500,-8.216546972412737e-09
35501,-4.781369000067853e-09
35502,-3.8180364993395905e-09
35503,-1.1752504781737237e-08
35504,3.339750113524749e-09
35505,-3.2006706579006594e-09
35506,-2.8959404954069134e-09
35507,-4.964962321786097e-09
35508,1.1014756884377169e-08
35509,-3.0301483847199266e-09
35510,-1.9725367022242375e-09
35511,-1.3027200073113464e-08
35512,-8.042860083567527e-09
35513,-6.705158186831157e-09
35514,3.6984316229921433e-09
35515,-8.11823203589439e-10
35516,-1.2407884261436346e-08
35517,-8.929993593254858e-10
35518,9.085350667465917e-09
35519,-9.021409023000905e-10
35520,-6.382062783184117e-10
35521,-2.9750922062153406e-09
35522,-4.697349547584309e-09
35523,-4.107655540944718e-09
35524,1.152691443621709e-09
35525,1.1464293268661088e-08
35526,-2.7972693830366755e-09
35527,-5.188643839177471e-09
35528,7.255529299982542e-09
35529,-2.854879494992367e-09
35530,-9.387637675524074e-09
35531,1.5891892157797913e-09
35532,-3.694257922394724e-09
35533,-7.883482631605653e-09
35534,-8.348279812009676e-09
35535,-7.647116398635863e-09
35536,6.472245065142343e-10
35537,-9.422997329010457e-09
35538,6.95859914591653e-09
35539,-9.028607376982937e-09
35540,5.529412940072538e-10
35541,-8.639625619138289e-09
35542,3.4124643129464914e-09
35543,-1.813936841891866e-08
35544,1.5289231396137338e-08
35545,2.8683002081968075e-09
35546,4.036480654211053e-09
35547,-3.031976493107408e-10
35548,-3.639264560355272e-10
35549,-2.389951648864082e-09
35550,-8.402750044643436e-09
35551,-2.7433763132323245e-09
35552,-1.99977196451705e-09
35553,-2.8061881791610763e-09
35554,-1.3347830138232591e-08
35555,8.715280444371522e-09
35556,7.073457210579144e-11
35557,-1.9513729137583737e-09
35558,-4.7906150367334e-09
35559,7.41069065022449e-09
35560,-1.5992928011439186e-09
35561,-3.0979912116703004e-09
35562,7.868840880316666e-10
35563,-5.9395072211558115e-09
35564,-4.977913743165071e-09
35565,1.4081956359514098e-09
35566,4.114550360612475e-09
35567,-1.0429905950751049e-08
35568,2.8147799930097624e-08
35569,6.315335578847955e-10
35570,-4.568864989534778e-09
35571,1.1953910746511824e-09
35572,6.6001550365064344e-09
35573,-1.4438221366577687e-08
35574,-8.009262431532155e-09
35575,4.582790880719529e-09
35576,-8.463219462169884e-09
35577,-9.123374633602287e-09
35578,-1.3344506569041615e-08
35579,1.612638318535958e-09
35580,-3.776679212920692e-10
35581,3.341670835945787e-09
35582,-1.286955755196798e-09
35583,6.594907734554381e-09
35584,-4.91541074586149e-09
35585,5.320763139077385e-10
35586,1.316845654621286e-09
35587,-7.592014911414921e-10
35588,-2.3414413285484176e-09
35589,-1.0613618992200373e-09
35590,7.458775346218095e-11
35591,-1.8931505915714134e-09
35592,-7.206363917597801e-09
35593,-4.612522430823987e-10
35594,-7.953741508103572e-09
35595,-4.957111584273205e-09
35596,-1.2192740672874144e-09
35597,-3.907197060771226e-09
35598,-4.820729711735257e-09
35599,-2.843344817773801e-09
35600,4.8030583252375465e-09
35601,3.208505301894588e-09
35602,-8.521751207661779e-09
35603,-8.228505227592523e-09
35604,-1.8957901645696567e-10
35605,-1.7287806854264473e-09
35606,-1.3421321962790466e-08
35607,1.4199980441659359e-08
35608,-4.36792940418704e-09
35609,-6.551512771302452e-09
35610,-8.527903528076849e-09
35611,4.571239442805e-09
35612,-1.1070330392675715e-08
35613,2.500487053381694e-08
35614,-8.372759418688208e-09
35615,-1.6953931934450247e-10
35616,-9.48334958342494e-09
35617,2.387396006188679e-09
35618,-6.774820976818553e-09
35619,1.098920068351115e-08
35620,4.0297660158976456e-10
35621,-8.79611919274899e-09
35622,1.2276002195457314e-08
35623,-1.3674597743196447e-09
35624,-1.6104184687750128e-08
35625,-1.3693351266517274e-08
35626,-4.905034102666907e-09
35627,-2.0432310092304262e-09
35628,7.293877916263293e-10
35629,1.207996897060607e-09
35630,-1.7147872309169813e-08
35631,-6.730465831720752e-09
35632,-9.415288557408086e-10
35633,-3.027910877917107e-09
35634,-2.6773069605809544e-09
35635,-1.2818930906233815e-08
35636,1.3434724945105508e-09
35637,-1.6105960953007243e-09
35638,-3.700212048756625e-09
35639,-1.925828176000789e-09
35640,5.935742131659688e-09
35641,2.690150506349054e-09
35642,4.0715174794343e-11
35643,5.000490218128996e-09
35644,3.919960127335619e-09
35645,-2.427860622319282e-09
35646,2.836387196437807e-09
35647,-4.2033100809246675e-09
35648,7.119354020759712e-10
35649,-1.1246392850217481e-08
35650,-4.833382644567218e-09
35651,1.0848234680421164e-12
35652,-6.630249830772092e-09
35653,-4.87728423267698e-09
35654,6.616267885352844e-09
35655,-3.5136726357002963e-09
35656,7.719051816256264e-09
35657,-3.744886803908715e-09
35658,-4.1116379206170775e-09
35659,-1.6603897442349908e-09
35660,-1.0876548147298227e-08
35661,4.112935328172649e-09
35662,3.080081099786025e-09
35663,3.166332360616525e-09
35664,7.284873062451481e-10
35665,4.403057651875168e-09
35666,-9.804344110076182e-10
35667,6.963055929172485e-11
35668,2.872984168457049e-09
35669,-4.679346870573627e-09
35670,1.90747977888507e-09
35671,-2.5024228205437433e-09
35672,4.603474424994821e-09
35673,7.482546349645622e-10
35674,-2.117798109477393e-08
35675,1.1971813490931407e-08
35676,-2.6130987064935775e-09
35677,1.3860490306183214e-09
35678,6.032144668978228e-10
35679,6.764381421202829e-10
35680,-5.503912642586174e-09
35681,2.377967551461695e-10
35682,-5.177325884857048e-09
35683,6.115353860420434e-10
35684,1.95306641330663e-09
35685,7.605908520458433e-10
35686,5.913642149245762e-11
35687,-8.822638295274868e-09
35688,-8.743538162957513e-11
35689,9.643489300752367e-10
35690,-8.186357601578684e-09
35691,-1.712032140727189e-10
35692,2.723167643134714e-09
35693,-3.6006460156179698e-09
35694,-6.5518257955014465e-09
35695,-3.435551196956922e-09
35696,1.8271552335078196e-10
35697,1.603645441592519e-11
35698,3.5725416876169254e-09
35699,-3.1412880883385837e-09
35700,8.599519748696743e-09
35701,-5.252708311074852e-10
35702,1.0517802242018477e-08
35703,5.377476136285473e-09
35704,-6.87869701111564e-09
35705,1.0416176575505473e-09
35706,-1.2593323806605622e-08
35707,-7.02418287411456e-09
35708,2.6737969211298923e-09
35709,4.860502116130774e-10
35710,7.67313407371786e-10
35711,3.372027861419478e-10
35712,-1.8434327754571866e-10
35713,-1.09239676325038e-08
35714,-4.958615371577473e-09
35715,1.8723352497547174e-08
35716,-7.848244576482809e-09
35717,1.5535090122433811e-09
35718,-3.850284647159482e-10
35719,1.996588751229361e-09
35720,-4.068621059482489e-10
35721,1.4851899987474727e-09
35722,-1.2114646587800012e-09
35723,9.410343051396903e-09
35724,-2.8803131287712745e-10
35725,-6.929499148591027e-09
35726,2.5029533855616552e-09
35727,-1.0685045927516697e-08
35728,4.6701433021834135e-09
35729,2.5573271644615145e-09
35730,7.155443749020296e-09
35731,-1.7888475708245332e-09
35732,-2.551291343091826e-09
35733,-5.276546960508061e-09
35734,-2.5004864791548683e-10
35735,3.362463965956418e-09
35736,-4.924414450658736e-09
35737,-6.772646655480207e-09
35738,1.9373714551209347e-08
35739,-6.790049643296892e-09
35740,-2.596603107576674e-09
35741,3.4089668159216356e-09
35742,1.2526310005046165e-09
35743,4.2280657522794684e-10
35744,-1.1049970124476891e-08
35745,-1.8797361966118943e-09
35746,-6.91848980842603e-10
35747,-2.9146796396300588e-08
35748,-7.543662369665156e-10
35749,-5.094573934160079e-09
35750,6.884681412991093e-10
35751,5.616238374112224e-09
35752,-1.5456263111032956e-10
35753,1.784938932180876e-08
35754,-3.7465437269745125e-09
35755,-2.0925276521107636e-09
35756,-3.5522827369868e-09
35757,-1.3711678790389866e-08
35758,-8.811907984624327e-10
35759,-9.500550455017186e-09
35760,-1.3216203118098875e-08
35761,-7.819176544658793e-09
35762,1.1913297744807824e-08
35763,-1.2928715743817683e-09
35764,1.2773837726178912e-08
35765,-6.56250212349221e-09
35766,8.875631117247888e-09
35767,-9.504065460326029e-09
35768,5.073935247132569e-09
35769,2.128085025169393e-09
35770,-4.324943801423209e-09
35771,-1.0789952940564874e-08
35772,-6.904083186278387e-10
35773,6.663220747037465e-09
35774,5.909644137822356e-10
35775,-4.006930291138127e-09
35776,-7.734725449988704e-09
35777,2.0085294537139854e-08
35778,-3.1391983886046875e-09
35779,-3.1293461027655015e-09
35780,-9.323587374250983e-09
35781,-4.113934476938177e-09
35782,-3.9208508532261984e-10
35783,4.237672465385459e-09
35784,-8.42357609838215e-09
35785,7.561805651575164e-09
35786,-1.8832522434086903e-10
35787,-2.6890946540362937e-09
35788,-2.2956805976251465e-09
35789,-2.0679379512352354e-09
35790,-1.140580301093974e-09
35791,5.019468644141217e-09
35792,9.148219834120788e-10
35793,4.612601835250557e-09
35794,-8.627288922977558e-09
35795,7.721044268494131e-10
35796,-6.5843324819239436e-09
35797,-1.1722822172631907e-08
35798,1.769175706575482e-08
35799,1.780050112318537e-10
35800,-2.2011526429730552e-09
35801,-6.051680436546485e-10
35802,-1.626254626082561e-10
35803,4.010486087783829e-09
35804,-2.9464667977989996e-09
35805,1.6831785761455868e-09
35806,5.979397399437029e-09
35807,-5.124762030664242e-09
35808,-1.1292582006689045e-09
35809,-4.734950056470456e-09
35810,5.790892599254717e-09
35811,-5.403173336116344e-09
35812,-3.0982558971946032e-09
35813,-1.717540414047123e-08
35814,-1.0288668412819184e-08
35815,8.419838488408564e-09
35816,-1.97304442708433e-09
35817,2.4170238662150474e-09
35818,2.046629971246793e-09
35819,-2.0306668074901037e-09
35820,-4.80360611124911e-09
35821,-1.2831468450414264e-09
35822,1.917481850993284e-08
35823,-3.346946611576496e-09
35824,-7.297183757315802e-10
35825,2.22037782047546e-09
35826,-7.017119382987212e-09
35827,-6.689424549464779e-09
35828,1.0734832151593443e-08
35829,-1.50435073296796e-08
35830,9.504167673191296e-10
35831,-1.0872385642109535e-08
35832,8.727113618189396e-09
35833,-1.1455463396682835e-08
35834,-1.72010454092831e-09
35835,-1.8242570944622446e-09
35836,6.27070271277645e-09
35837,-6.252788338806828e-09
35838,2.7225018874319015e-08
35839,-4.569143748348575e-10
35840,-4.884755994450317e-09
35841,2.7979862928743765e-09
35842,-2.7549319859573875e-08
35843,-1.8498208483949367e-09
35844,-8.802372187422492e-09
35845,6.266271113384226e-09
35846,1.4641428524785631e-08
35847,1.6588450231145597e-08
35848,4.766013946886085e-09
35849,-2.747303657402381e-09
35850,-1.164118441647668e-09
35851,1.8349980736526785e-10
35852,1.7174942875758834e-09
35853,2.314751308224445e-08
35854,3.250530671668445e-09
35855,-4.307696156701476e-10
35856,-9.742845556723431e-10
35857,5.622997375487004e-09
35858,3.5421447016679102e-09
35859,-6.324591486507679e-10
35860,-1.6070126902590273e-08
35861,-4.883798423909499e-10
35862,-9.157681380483683e-10
35863,5.7762829584994015e-09
35864,-4.506491885481304e-09
35865,-3.2987968375749515e-10
35866,6.868496123808505e-10
35867,2.8384189164185774e-10
35868,4.554503942155743e-09
35869,4.170133696868929e-09
35870,4.35835402098289e-09
35871,4.601669421215797e-09
35872,-7.223668189371787e-09
35873,-7.522766839529594e-09
35874,-1.8123375745325744e-08
35875,-4.948460714954612e-09
35876,-5.016265300790857e-09
35877,2.4835766224308965e-09
35878,-2.916999237994234e-09
35879,-1.8429864493686525e-09
35880,-1.044565400586029e-08
35881,-3.751594787533663e-09
35882,4.876947186384826e-10
35883,-7.16156994701622e-09
35884,2.625058033969368e-09
35885,8.009477003932416e-09
35886,-5.165459780323782e-09
35887,-4.300582270457038e-09
35888,-1.0063699612315677e-08
35889,-1.970551917178439e-08
35890,-1.2577964007188558e-09
35891,1.9466434936279834e-09
35892,3.6345800578297477e-09
35893,2.378184161283488e-10
35894,2.884385894265851e-08
35895,2.1063121073164116e-08
35896,6.478015649085797e-09
35897,-7.496428917324453e-09
35898,-2.1293222672256674e-08
35899,-1.414626261533399e-08
35900,-1.3481267636276246e-09
35901,4.955631990322692e-09
35902,1.864786446355048e-09
35903,-7.2525807409955435e-09
35904,4.7683499660073874e-09
35905,-1.0150047910116789e-09
35906,2.5544419854528183e-09
35907,-9.415494771968149e-10
35908,-7.288808380612877e-11
35909,-2.1934918160741796e-09
35910,-2.7569151530212773e-09
35911,-5.9164142727150426e-09
35912,1.2543979650689856e-08
35913,-1.1959372543710724e-09
35914,4.956116123298353e-09
35915,2.3672899707511553e-09
35916,5.631011444217012e-09
35917,6.98733644905209e-10
35918,4.795147652307234e-10
35919,-5.12051293688251e-12
35920,-8.104353052251027e-10
35921,7.168313942201796e-09
35922,-1.1749661997320094e-08
35923,1.062409766373885e-08
35924,-2.0951330579939257e-09
35925,-6.906837176083333e-09
35926,-3.2812686222073172e-09
35927,5.887039860580941e-09
35928,-6.147663451423367e-09
35929,3.972691730422531e-09
35930,-2.666729145138278e-09
35931,-3.9875553731538797e-10
35932,1.4049963621376357e-08
35933,3.243145527274277e-09
35934,-6.506906864305148e-09
35935,3.0657365524738238e-09
35936,-2.8196016066834623e-10
35937,1.97502491833872e-09
35938,2.2510230598460595e-09
35939,-5.10311129409201e-09
35940,1.2407239667930133e-10
35941,1.3022437254647454e-09
35942,-1.266924303290049e-09
35943,-5.699889534258715e-09
35944,-7.965396456183556e-09
35945,-3.43596528432806e-09
35946,6.886051312421041e-11
35947,-2.294631499572665e-08
35948,-7.97636856131581e-09
35949,-1.742590312474281e-09
35950,9.095063872634819e-09
35951,-2.535159168939954e-09
35952,2.205399381780258e-08
35953,1.455865800577634e-09
35954,1.8667554002252273e-09
35955,-1.5311229957897296e-09
35956,-1.501566451744456e-09
35957,-1.1602676248122181e-08
35958,5.881829051462055e-09
35959,2.4402752574296816e-09
35960,2.3458883155044177e-10
35961,-4.924743840330241e-09
35962,1.6822739181166637e-08
35963,6.718950070295237e-10
35964,-3.940459454012786e-09
35965,-4.4565932230161244e-10
35966,-2.2319029913058783e-09
35967,5.298674425235183e-09
35968,2.0505880944564923e-08
35969,-8.441711740933112e-11
35970,-9.190357147614375e-09
35971,2.425271906837325e-09
35972,-3.454549641847387e-10
35973,-1.5377717188552535e-08
35974,-1.3524143945914937e-09
35975,-9.42374111200783e-10
35976,-7.009680235044195e-10
35977,-5.712666550172641e-09
35978,5.036683918218487e-09
35979,-4.243831862211131e-09
35980,-3.2200925755053463e-09
35981,-9.938846870447354e-10
35982,6.155400563225634e-11
35983,-1.4655880193787752e-08
35984,-3.0439337367558634e-09
35985,1.9344362403330978e-09
35986,-5.3279175062629665e-09
35987,-1.843322518036067e-08
35988,3.44935360180408e-09
35989,2.2243015458227048e-08
35990,1.741820200728894e-09
35991,2.630659420463499e-09
35992,-4.346033177028081e-09
35993,1.2237867270316378e-08
35994,6.897762148516266e-10
35995,2.7933544808158157e-09
35996,3.172733318763846e-09
35997,8.097975836707777e-09
35998,-1.4626367414788415e-09
35999,-2.7753369664728154e-09
36000,-1.7261125696617388e-09
36001,-3.5041631853090533e-09
36002,-1.0624565636525149e-09
36003,-1.0428568195141866e-08
36004,2.034236869807225e-08
36005,1.355783327064434e-08
36006,-1.0569965062191906e-09
36007,-2.6549548016015806e-09
36008,-1.2820838874850293e-08
36009,7.05872543830581e-09
36010,-1.5079332989194555e-08
36011,1.4450756135947088e-09
36012,7.306271043858443e-10
36013,-1.10969984280435e-09
36014,1.3595621705065083e-08
36015,-3.2491956177157794e-10
36016,4.0694506457231806e-09
36017,-3.982979842344016e-09
36018,-7.792787376809077e-10
36019,-4.1106995023810226e-09
36020,1.1962356805848936e-09
36021,-1.8030200653739255e-08
36022,1.871597028486003e-08
36023,1.1259795710932705e-08
36024,-5.507995923973267e-09
36025,-2.1323236087005515e-09
36026,-4.5291959595819394e-09
36027,1.992774660677072e-09
36028,-4.62566327223673e-10
36029,4.158766427549864e-09
36030,3.0465237839275047e-09
36031,-1.9585797347806563e-09
36032,-1.8323633135906803e-09
36033,-8.563692802375024e-09
36034,-1.2161373581816726e-08
36035,6.44069012846231e-11
36036,2.3850966905736658e-09
36037,1.762443960041008e-09
36038,1.1779361067567335e-08
36039,-1.802025775518749e-09
36040,8.856292530771246e-10
36041,-3.419984264996802e-09
36042,9.453315708835515e-09
36043,4.469508097562866e-09
36044,1.217843991284744e-08
36045,9.113568551109607e-09
36046,-1.004558488644977e-09
36047,1.355638855838185e-09
36048,-7.351516040910259e-09
36049,-1.6386811289741668e-09
36050,-3.098639268188155e-10
36051,-4.2550745071276495e-09
36052,-3.071448207230812e-09
36053,-7.651062312863416e-09
36054,-3.7765347894046645e-10
36055,-6.8505320978725686e-09
36056,6.007695987925536e-09
36057,-3.6490436182143078e-09
36058,-1.6103912991245304e-08
36059,-6.798974418977552e-09
36060,-3.995881636298731e-09
36061,-4.3705276898631165e-09
36062,6.703324132946264e-09
36063,-3.8281044539233266e-09
36064,-2.098359628041967e-09
36065,-8.213026675229088e-09
36066,2.1511465691112895e-08
36067,8.573084097150328e-09
36068,-1.7602979493378853e-08
36069,5.957066797382208e-10
36070,-2.385999755461641e-09
36071,-1.2470128366113188e-08
36072,3.3026024804192226e-09
36073,1.143663791560164e-09
36074,-2.492023575787684e-09
36075,-6.110371202343594e-09
36076,-6.789004248147686e-09
36077,-8.696052704208663e-09
36078,-2.9051532188381003e-09
36079,-7.38071051186051e-09
36080,-5.321958603262043e-09
36081,3.2499475056910903e-09
36082,1.9975500527515985e-08
36083,2.657669783561309e-08
36084,-3.903501741160462e-09
36085,-1.9371211870530944e-09
36086,-5.6711008136099656e-09
36087,-4.963140642464827e-09
36088,-5.1466639502850995e-09
36089,3.152144127087306e-09
36090,6.611739963828092e-11
36091,-9.156328694954842e-09
36092,1.514705224741749e-08
36093,-2.6967780792965995e-09
36094,1.883921233852974e-09
36095,2.552275688329223e-09
36096,-1.0572719135342924e-09
36097,-9.35092066386865e-10
36098,1.1774914790135485e-09
36099,-1.87349445474977e-09
36100,-7.639646661025904e-09
36101,-3.9452842569238646e-10
36102,-5.654718427345404e-10
36103,-3.626268948217109e-09
36104,2.627070291915142e-09
36105,2.874898844656492e-12
36106,1.5092220211101134e-09
36107,-1.8700276681832473e-09
36108,-1.4239683790463229e-08
36109,6.473900485905125e-09
36110,3.416213683472592e-08
36111,-1.1570394211596216e-08
36112,5.649088876077328e-09
36113,1.4292522119560473e-08
36114,5.309791472896438e-09
36115,-4.341313188612255e-09
36116,-8.902293375595593e-09
36117,-3.4861306811129037e-09
36118,-1.7106063346920324e-09
36119,-9.34817564838348e-09
36120,7.527283585875604e-10
36121,-3.0519593721101532e-09
36122,2.0864373090027013e-09
36123,4.098627237295463e-08
36124,-5.556890040660722e-09
36125,1.083932432669391e-08
36126,-4.3324875779067985e-09
36127,-4.801596136811748e-10
36128,8.799062676819519e-10
36129,-1.038958632211569e-08
36130,2.004871241982749e-09
36131,-4.7167237945458835e-09
36132,-1.1148407072959007e-08
36133,-6.459558701534035e-09
36134,-9.397037538415346e-09
36135,1.2344053795995927e-09
36136,-2.59053727600094e-09
36137,3.4355407226288435e-09
36138,-2.3241962204577667e-09
36139,3.204273439009799e-09
36140,2.3702338963685846e-08
36141,7.718366237949641e-09
36142,1.4867465378304397e-08
36143,3.31932477887328e-09
36144,-1.6601630397736162e-08
36145,3.5753522405673654e-09
36146,7.798475860621469e-10
36147,-4.492617686200982e-09
36148,-1.3045374867109334e-08
36149,-8.374167687159528e-09
36150,3.4825140653125753e-10
36151,1.5031655787877117e-08
36152,-3.3706520571681536e-09
36153,2.2062004342757302e-09
36154,-1.3656083396340312e-09
36155,-4.794332049453999e-09
36156,-4.222582921347333e-10
36157,5.167451862827489e-10
36158,-9.911451402931293e-10
36159,-5.0460849937130054e-09
36160,-1.09090669834876e-09
36161,1.3681906406648115e-08
36162,-4.306231273507108e-09
36163,7.200121079140304e-09
36164,-2.68263414347265e-09
36165,-1.6045182439157516e-09
36166,4.4208210604400074e-10
36167,1.2199324517572196e-09
36168,1.826655021934406e-09
36169,-4.7907143352156095e-09
36170,1.3261548028334678e-09
36171,1.3516177443379737e-08
36172,-8.690641401521447e-10
36173,-2.6894136476435134e-09
36174,-1.65280241225298e-09
36175,-6.837858694486509e-09
36176,-1.2254290188455991e-08
36177,9.685529563875587e-09
36178,-4.085860370070981e-09
36179,-1.7448981042500323e-09
36180,-2.529183535767855e-09
36181,3.8481587896739646e-09
36182,-2.7599889119289372e-09
36183,-5.295897564886733e-09
36184,-4.895426981173947e-09
36185,-5.942318385419375e-09
36186,-2.9041462447737006e-09
36187,-4.240883984578764e-09
36188,-2.291789450894935e-09
36189,-1.330818661201022e-08
36190,-4.764400101710166e-10
36191,3.86165850939658e-10
36192,2.547321675199155e-09
36193,-2.5003291323821857e-09
36194,4.907526145752305e-09
36195,-2.773805291453118e-09
36196,3.9335841913704296e-10
36197,-8.52928458392384e-10
36198,-7.128175937202916e-09
36199,-2.79862048012114e-08
36200,9.583384835173598e-09
36201,-5.6488762070307375e-09
36202,6.325430226909126e-09
36203,9.785783268764423e-10
36204,-5.112596199985276e-09
36205,1.0953945177748275e-08
36206,-3.3388674247430914e-09
36207,-1.8034195046212784e-09
36208,1.8085236068305496e-08
36209,-1.1828063192658298e-08
36210,2.0633742645050762e-10
36211,-7.271076640889276e-09
36212,4.4085095442733045e-10
36213,-6.172011659673046e-10
36214,-9.278483222504119e-10
36215,-8.557792755824768e-09
36216,-1.2026454176921665e-08
36217,-1.2377642248298438e-09
36218,-3.068107235182774e-08
36219,1.4999800636108566e-08
36220,4.157993579010391e-09
36221,2.617493988088918e-09
36222,3.091998119712399e-09
36223,1.236161568433054e-08
36224,3.354634327121962e-09
36225,2.0167453919887128e-08
36226,-1.4449287336880319e-08
36227,8.695164537162883e-09
36228,-3.5734553216045766e-09
36229,-1.3225235805547196e-08
36230,-1.3736274104662722e-10
36231,-1.55914388701974e-08
36232,2.199123049854137e-08
36233,-8.621275503643706e-09
36234,1.7530593832832135e-09
36235,-8.53536815913989e-10
36236,1.633924221648783e-09
36237,1.2479365617803815e-10
36238,-2.9494314954840884e-09
36239,-9.155249024829565e-09
36240,-4.7618089778095154e-09
36241,5.857545239230761e-09
36242,1.9891531230432947e-08
36243,4.176927305369629e-08
36244,-2.925449959413058e-10
36245,-1.1969490405615028e-08
36246,-2.120203953018285e-09
36247,-2.3974676015819562e-08
36248,5.833583978917639e-09
36249,-7.708372987738796e-09
36250,8.628568299968577e-09
36251,-1.1418736651925841e-08
36252,5.9753898970179865e-09
36253,-4.914836443894604e-09
36254,-4.916293549897065e-09
36255,3.778302483142119e-10
36256,9.869578261740486e-09
36257,-1.8217139334279961e-09
36258,-3.190495235001211e-09
36259,-5.342216756627073e-09
36260,-2.9082964992500397e-09
36261,-2.331004707228203e-09
36262,3.8698179241369623e-10
36263,-7.799252654389579e-09
36264,-5.194272098680456e-09
36265,-1.2363855922457693e-08
36266,-7.881562318764296e-09
36267,2.8330909959825795e-09
36268,-1.3578982830279896e-09
36269,-8.251737900870992e-09
36270,2.978199050598548e-10
36271,-6.982989493631664e-09
36272,1.9569343930859004e-09
36273,-1.9313011001532005e-09
36274,5.777897611594176e-09
36275,3.7687337510084945e-09
36276,4.391262715903202e-09
36277,4.591273142010389e-09
36278,-3.271629602113499e-09
36279,-6.151446651518157e-09
36280,2.9598230248160482e-09
36281,-2.724982196712322e-10
36282,-1.5097535516606023e-09
36283,-3.217497260046712e-09
36284,3.2827084678391136e-09
36285,-1.11845066460206e-09
36286,-4.1463675069081005e-09
36287,1.6276635790392458e-09
36288,-9.906795496191152e-10
36289,3.100444139502826e-09
36290,4.452276551061339e-09
36291,6.1096195050581806e-09
36292,2.783357848406702e-09
36293,1.5856058846259845e-09
36294,-4.476460696650927e-09
36295,-1.2869936997293158e-09
36296,1.3104893201240714e-08
36297,-1.3132311400075798e-08
36298,2.7200209502836023e-08
36299,-8.49507210390261e-09
36300,-2.1625408573854524e-09
36301,2.0108132534713435e-09
36302,-7.681196232397514e-09
36303,-8.706338249183945e-09
36304,-8.20074425944229e-10
36305,2.0046362151026465e-09
36306,-3.92796621909333e-10
36307,-3.556408001339812e-10
36308,3.066141949964546e-08
36309,6.433922167175463e-09
36310,8.109741889919211e-10
36311,2.3231078046712204e-09
36312,-3.2089486851263845e-09
36313,-3.868459937152841e-09
36314,-5.605100009944033e-10
36315,-6.467137505906697e-09
36316,-2.8439931790400754e-09
36317,-9.821825412180268e-09
36318,-1.0132155824293434e-08
36319,1.8279802196236823e-09
36320,-1.2198768382364891e-08
36321,-5.355748817597951e-09
36322,-1.208137218074231e-08
36323,-4.660974722443953e-09
36324,-7.584278834913634e-10
36325,1.5838734859727217e-08
36326,-9.954902340692843e-09
36327,4.690611729432485e-09
36328,9.636802502586417e-09
36329,-1.7918305682154483e-10
36330,2.2601152687645825e-08
36331,1.3509784975985993e-09
36332,1.5627410804696208e-10
36333,-9.1877239446661e-09
36334,1.5911978250450798e-08
36335,-1.0549591722566158e-09
36336,1.893712419606e-09
36337,5.890988398488763e-11
36338,-1.5856980439614535e-09
36339,6.028460873534651e-09
36340,-2.9874370787105722e-09
36341,4.407855615158749e-09
36342,5.447653742139176e-09
36343,-4.043686971718491e-09
36344,8.910267473658453e-09
36345,2.000283816295439e-09
36346,-2.987227953306684e-09
36347,-1.741128483600631e-08
36348,7.870462478473172e-10
36349,2.0926185711407733e-08
36350,-1.1981927233556311e-08
36351,1.998292123930089e-08
36352,2.3678238751045455e-10
36353,8.624641960151101e-09
36354,-2.5649757531342736e-10
36355,-6.52903595642444e-11
36356,-1.484233141055592e-09
36357,-2.104937976700139e-09
36358,2.6507904167698704e-09
36359,1.236781590833907e-09
36360,1.111955078126896e-08
36361,1.011802287103294e-08
36362,-1.2288643717017252e-08
36363,3.1872258404170227e-09
36364,-2.0968152035217623e-09
36365,1.4007869018503804e-08
36366,-4.754114773837562e-09
36367,3.534109810212088e-10
36368,-1.4321141617777624e-09
36369,-5.259398242400513e-09
36370,1.5152202811419123e-08
36371,1.0354434931427142e-08
36372,-1.7832702296612005e-08
36373,-8.194975643253766e-10
36374,-2.5537103134294257e-09
36375,-2.0054281691081505e-09
36376,-3.682885528209206e-09
36377,9.536182034528836e-10
36378,-2.361992520646908e-09
36379,4.935048996026724e-10
36380,-1.5896017101996172e-09
36381,-3.1062834724502774e-09
36382,-1.8222092225927313e-09
36383,7.509298800544573e-10
36384,-7.498356494255287e-09
36385,-1.0852975686061863e-09
36386,3.0268031399336773e-09
36387,2.3123319349308114e-10
36388,3.575697433759074e-08
36389,-2.4062723582933766e-09
36390,-5.47161548043438e-09
36391,-9.52316345125496e-09
36392,1.7439467392439945e-09
36393,1.7285988262827086e-09
36394,-4.671606464543991e-09
36395,-7.038736517647515e-09
36396,-1.1402051636013637e-09
36397,5.82875911465368e-10
36398,8.246553863391864e-09
36399,-4.1160484326196706e-10
36400,3.3091252234502625e-09
36401,-1.3085348311642836e-09
36402,-2.5661458754618514e-08
36403,-9.940434351034752e-09
36404,-6.435092893265268e-10
36405,-4.041616690745191e-09
36406,1.1367440681105138e-08
36407,-2.0588840674430365e-08
36408,4.391427122208174e-09
36409,5.881685506135734e-10
36410,2.196216826949181e-09
36411,7.52818299993154e-09
36412,-4.937040025943649e-09
36413,3.6263952436575694e-10
36414,2.3413958465324495e-09
36415,-2.572569148908089e-09
36416,4.3557330131937746e-08
36417,-6.237012710374831e-09
36418,-5.6954034338391104e-09
36419,-5.99510980374577e-09
36420,2.2668722760611767e-09
36421,-4.072668658106985e-09
36422,-9.633489434049887e-10
36423,4.995042523365931e-09
36424,1.8822033241920182e-08
36425,-1.1850990925401856e-08
36426,-8.813398050951744e-09
36427,1.1396121829418601e-09
36428,-4.575457525936426e-09
36429,-6.514327270262356e-09
36430,-2.88125746545479e-09
36431,-3.364716686700393e-09
36432,-7.86604527715509e-10
36433,-8.886525580767452e-09
36434,-1.863481291260675e-09
36435,1.2846841032626652e-08
36436,-1.3481081219025465e-08
36437,-4.91893277057239e-10
36438,1.1179272960938822e-08
36439,1.9910236066949512e-09
36440,1.7393389165479458e-09
36441,-1.4565536133566929e-08
36442,-7.855654085524842e-09
36443,6.777936146749459e-09
36444,7.03218311302677e-10
36445,2.4103844218626515e-10
36446,-2.0231141927804808e-08
36447,5.9621037191620374e-09
36448,-4.423806200660206e-09
36449,-4.4146803845798374e-10
36450,8.433578956238014e-10
36451,8.77285849230524e-09
36452,-2.5336558248057693e-09
36453,-3.09355520433537e-09
36454,-1.1767770347214438e-08
36455,1.7242698787735399e-09
36456,6.5220249749584405e-09
36457,6.181640525813352e-09
36458,3.852885553442043e-09
36459,-1.0850291913556728e-09
36460,3.0605341630408064e-09
36461,5.789651401711359e-09
36462,-6.2460312380903745e-09
36463,-1.559804404863056e-08
36464,2.506776282176766e-09
36465,-3.392855680673096e-09
36466,3.883426899472687e-09
36467,1.298401283785951e-08
36468,3.3109707327601846e-09
36469,-7.525946579615289e-09
36470,-2.2043910490743162e-09
36471,3.808292643568168e-09
36472,5.122897084389218e-10
36473,3.0290113894377003e-09
36474,-1.2228489301460823e-10
36475,-3.595519839312534e-09
36476,-6.861540947604008e-09
36477,-4.113121834979634e-09
36478,-7.416018168337929e-09
36479,-2.7344211819346594e-08
36480,-5.087546036871027e-10
36481,2.5767153268651007e-09
36482,-4.2727896759752573e-10
36483,-6.072108087295637e-09
36484,-1.4494170985190531e-09
36485,-8.726770398733766e-09
36486,1.1476385703269016e-09
36487,-1.1412679056993243e-08
36488,7.80872302484397e-09
36489,-7.932853427495284e-09
36490,7.859568708866879e-09
36491,2.808521394638155e-09
36492,1.768607395057551e-09
36493,-3.0147233300174525e-09
36494,-5.626172885968694e-09
36495,9.844609516815043e-09
36496,-5.088773198181876e-09
36497,-2.1848421202120436e-09
36498,-1.0082606149065658e-08
36499,-3.3157336480305773e-09
36500,-2.14879045073899e-09
36501,1.6702119618443313e-09
36502,-4.143422620465979e-09
36503,-4.381297699771948e-09
36504,-5.361429877714842e-09
36505,-1.1083478679650261e-09
36506,1.215527982895185e-08
36507,2.4001724872374026e-09
36508,-7.732455460251388e-09
36509,-2.0446043037396884e-09
36510,-4.141021896875702e-09
36511,7.675495484660485e-09
36512,-5.996154107426668e-09
36513,7.113048922686078e-09
36514,-2.1124967301878e-08
36515,1.7310604681200375e-09
36516,-6.007010002322123e-09
36517,-1.2375284491963976e-09
36518,-4.984922967232684e-09
36519,-1.138186907082747e-08
36520,-1.29462661139911e-09
36521,-3.715771661763586e-09
36522,-5.3485050736933874e-09
36523,4.908309938461054e-10
36524,8.5862770779206e-09
36525,-2.8796181653564594e-09
36526,-3.780356546996231e-09
36527,-2.5469631679208893e-09
36528,-3.736207206649194e-09
36529,3.509692694582707e-08
36530,1.8118234074628728e-09
36531,-6.036112274711057e-09
36532,-3.223732445035033e-09
36533,2.3319176124671868e-09
36534,2.9799196631563724e-08
36535,-5.189588763810865e-09
36536,7.579007996546422e-09
36537,-4.832572110037012e-10
36538,-6.754414801783669e-09
36539,-1.5541323818066734e-08
36540,2.2250682558882056e-08
36541,7.107583141047965e-09
36542,3.9034573553725816e-09
36543,1.6407369560123301e-09
36544,7.618644435760506e-09
36545,-1.1225747437683261e-09
36546,-1.6870416853711505e-09
36547,4.457543850928888e-09
36548,-7.510586179172169e-09
36549,2.0432709959870987e-09
36550,9.507016613499745e-09
36551,-1.4791169850070528e-09
36552,3.7066895239636196e-09
36553,1.000456952294924e-10
36554,6.299928626123655e-09
36555,-5.026910243743359e-09
36556,-3.776516113384394e-09
36557,-6.393388124345784e-09
36558,5.626862211966147e-09
36559,-1.8342621585815996e-09
36560,-2.0849754221942478e-09
36561,-7.939254550095639e-09
36562,-5.501138954799974e-10
36563,2.811956214466478e-08
36564,-2.7281024726709395e-09
36565,1.0328788126121334e-08
36566,6.9326931982323644e-09
36567,-2.016171113329317e-09
36568,-1.868893081328196e-08
36569,2.6183151284264044e-09
36570,-1.7717580642435992e-09
36571,-2.2417093842738766e-09
36572,-1.3369327325428758e-09
36573,-1.513710253783374e-08
36574,-5.001326861920485e-09
36575,3.4996228949514533e-09
36576,-1.0815988826885935e-09
36577,4.155236316738429e-09
36578,3.64607688141558e-10
36579,-3.4034618031770005e-09
36580,6.771095048007243e-09
36581,-1.2693105695279461e-09
36582,-1.1832683505269059e-08
36583,1.3729280528403675e-08
36584,6.273971278631211e-09
36585,-1.4253686147833715e-09
36586,2.6345709539007263e-09
36587,-1.0004304363785383e-08
36588,3.7528062302941665e-09
36589,-1.0471589823926869e-10
36590,3.1938752755725193e-09
36591,-9.247903765092102e-09
36592,1.3671730743333273e-09
36593,-2.5068951200359533e-09
36594,-2.1240266996602775e-08
36595,2.4867141152452493e-09
36596,-9.517457906308153e-09
36597,4.3092330192876455e-09
36598,3.6272613454185557e-10
36599,-4.82407221155172e-09
36600,3.661002087183205e-09
36601,1.162376920933746e-08
36602,-2.8896540550642337e-09
36603,-6.902447940592316e-09
36604,-3.2461342507279383e-09
36605,-8.348265742528042e-09
36606,1.9467547258968486e-09
36607,-1.2666935682681658e-08
36608,-7.3999817424487104e-09
36609,7.920059586960828e-09
36610,3.832239059940916e-09
36611,-3.446185073052532e-09
36612,-4.512505263111564e-09
36613,2.83100936129886e-09
36614,6.766101086653752e-10
36615,3.2250576107704136e-09
36616,-8.839615376996431e-10
36617,-5.080060189007089e-10
36618,-1.651273560942327e-09
36619,-5.336938554577932e-09
36620,-5.56624542997038e-09
36621,-6.083314417910639e-10
36622,1.0091359914040276e-08
36623,-3.531060985646929e-09
36624,7.523404517041402e-10
36625,-1.3618688115319105e-08
36626,3.8542545100544194e-10
36627,1.4016132299747309e-09
36628,1.381517457200012e-09
36629,-7.825995403933014e-09
36630,1.1489833284577076e-08
36631,9.596232429946486e-10
36632,-9.2659975226198e-09
36633,-1.4150389843191671e-09
36634,-4.691959010059461e-09
36635,4.636600430121417e-09
36636,-5.652833457334446e-09
36637,-2.2397705533572885e-09
36638,2.3207147118434783e-09
36639,-4.273528649490687e-09
36640,-2.581344169812284e-09
36641,-1.8847342791445737e-09
36642,5.495214542576549e-09
36643,1.6353303263790725e-08
36644,1.1707321060024894e-08
36645,-2.863302200714563e-09
36646,2.886317750336581e-09
36647,7.390647341568972e-09
36648,-4.819283617952375e-09
36649,1.6368871120122768e-09
36650,-3.267897956754918e-10
36651,1.293540242784494e-08
36652,-6.572492790171299e-09
36653,-1.5409989549e-09
36654,-3.1126194834546546e-09
36655,-5.334134624542381e-09
36656,-4.179010830923913e-09
36657,4.457219690203567e-09
36658,1.3813196328579945e-08
36659,8.863962553535723e-10
36660,-1.4418489696816094e-09
36661,-1.0426184615784521e-09
36662,1.8744610262302137e-09
36663,8.053983838402111e-10
36664,-2.1585033598432555e-09
36665,5.143652667289232e-09
36666,1.095422051983702e-09
36667,4.7612354144009425e-09
36668,8.247285228379502e-09
36669,-1.2942189738318596e-08
36670,-4.332480917434127e-10
36671,1.1995998602697995e-08
36672,-3.112677463925347e-08
36673,-1.035516122813952e-10
36674,2.7908299315833906e-08
36675,-2.2633028117902077e-08
36676,-1.7598906346348184e-09
36677,-7.412947157461763e-09
36678,-7.928022810561709e-09
36679,4.144636253969349e-09
36680,-5.091716937222143e-09
36681,-6.683757269542365e-09
36682,3.720715031573575e-08
36683,-4.2286860796643455e-09
36684,-4.5703895242713004e-09
36685,-4.921937271905017e-09
36686,-2.738037625201007e-09
36687,-2.526322632466972e-08
36688,2.217920060135231e-09
36689,2.773921562282811e-09
36690,2.073044483218405e-09
36691,3.725488464277398e-09
36692,2.5871741207987364e-08
36693,2.756834812995905e-08
36694,-1.1636037145563443e-09
36695,-8.772738042872716e-09
36696,-1.4930117609448446e-09
36697,-1.189934654861133e-09
36698,-3.947282001724328e-10
36699,4.937439475223426e-10
36700,-3.79755516591934e-09
36701,-7.785480142979711e-10
36702,2.909079398607268e-10
36703,1.0449131369165968e-10
36704,-3.3047804855231314e-10
36705,-7.30082211041495e-12
36706,-5.169144028993262e-09
36707,5.361107733285331e-09
36708,4.099675872806254e-09
36709,-1.3396558761683024e-08
36710,1.0294676083100432e-09
36711,-2.158890765899021e-09
36712,-9.238727259076793e-09
36713,-2.349635474645508e-08
36714,1.7318238637523265e-08
36715,4.18014623785985e-09
36716,9.441017130750247e-10
36717,-1.2633977943219251e-08
36718,-2.727587163380163e-10
36719,-6.945351252266765e-09
36720,-1.1730284804741038e-09
36721,5.049399967041951e-09
36722,6.4679491129672596e-09
36723,2.2598541228480668e-09
36724,3.3341075614829626e-08
36725,-2.570177237554365e-09
36726,-3.3110945630754567e-09
36727,3.1485485258809237e-10
36728,1.8548831946534303e-11
36729,-3.900204208785724e-09
36730,-9.770323054890348e-09
36731,8.954989092884142e-09
36732,-4.414731293810934e-09
36733,1.0734846333555975e-08
36734,1.7255963016297092e-09
36735,-3.85002042932939e-09
36736,-2.0986400326196886e-08
36737,1.8272140176099845e-08
36738,-3.98449084869542e-11
36739,8.847357761341414e-09
36740,-2.8572311235420326e-09
36741,-8.672013111840342e-09
36742,-4.904711570038419e-09
36743,6.294056962106384e-09
36744,-3.366508303572219e-09
36745,-4.8948526734849376e-09
36746,4.3414795778147555e-10
36747,1.496049396604971e-09
36748,-6.829262770796017e-09
36749,-6.237574032173768e-11
36750,1.1406986715377423e-08
36751,-2.5136495331387224e-09
36752,3.78295152308263e-09
36753,-1.0912105028811762e-08
36754,6.115862153834397e-09
36755,-1.7468624684588467e-08
36756,-4.599577420721264e-09
36757,3.064994263121386e-09
36758,-6.834679622567962e-10
36759,1.3600109028229735e-09
36760,1.9347593921534043e-09
36761,-5.001812713697357e-09
36762,-4.670910282005247e-09
36763,9.49590823309155e-10
36764,-5.947967249228676e-09
36765,-3.223316569538348e-09
36766,5.550898078914091e-09
36767,-5.487673897075514e-09
36768,1.4392223226436907e-08
36769,1.2810044106084075e-09
36770,-3.6099404831065886e-09
36771,5.0460473710226236e-09
36772,-1.952669437115493e-09
36773,-2.0806032964208845e-09
36774,4.8025476877384336e-09
36775,-1.1027373504317455e-09
36776,-3.2743752767138216e-10
36777,7.541742220617567e-10
36778,7.479137441472762e-09
36779,3.4123874435415893e-09
36780,-6.922915742131291e-09
36781,-5.488761599131143e-09
36782,-5.0143612986500525e-09
36783,2.139709613468945e-08
36784,-5.759227611752581e-09
36785,4.891000123377284e-09
36786,-8.26656883918198e-09
36787,6.7086501747915e-10
36788,1.8390121083334294e-08
36789,3.442097393711835e-09
36790,1.1935992192986385e-09
36791,-6.4334216515904996e-09
36792,5.067937062710341e-09
36793,1.688921471159483e-08
36794,1.790218597303664e-08
36795,6.335673355629102e-10
36796,8.567156238655897e-09
36797,2.0976295608547208e-09
36798,-9.304638923230465e-09
36799,-1.0011715521883473e-08
36800,4.3512728188475035e-09
36801,2.7868047037677798e-09
36802,1.2130869115928108e-09
36803,3.8163319322787754e-11
36804,1.637317619841753e-09
36805,-1.0763713311801509e-08
36806,-1.086150702210947e-09
36807,-2.0141154756012717e-09
36808,-4.668758874724577e-09
36809,-1.258100702321155e-09
36810,9.759094142057955e-09
36811,1.1043618028141647e-08
36812,1.1269190361325923e-08
36813,-8.399485508303766e-09
36814,6.899492590434076e-10
36815,3.5501654100979365e-09
36816,-1.7531218169873367e-08
36817,8.405472670610968e-10
36818,8.095108316706322e-09
36819,1.4377478801289335e-09
36820,-1.3662704830898208e-09
36821,-2.0274532087060448e-10
36822,1.4545344490866258e-08
36823,-1.3227734725718806e-09
36824,1.4290846821347136e-09
36825,-1.0848035136273349e-08
36826,-2.8443159908728117e-10
36827,-3.491511588655522e-09
36828,2.390016926115068e-09
36829,-1.6250394564563703e-09
36830,2.1970232274551276e-09
36831,-9.182241161139472e-10
36832,-1.8038867565842736e-09
36833,2.9098775221912647e-09
36834,-2.515012277877278e-09
36835,-5.728087311708718e-09
36836,-5.703557403460687e-10
36837,-4.929261880258669e-09
36838,-2.45696152220025e-09
36839,1.9202577098959863e-09
36840,-5.50153222295252e-09
36841,2.2112871481236496e-09
36842,-4.937343853330144e-09
36843,4.9069015490862365e-09
36844,7.809204171785157e-09
36845,5.092104027370442e-09
36846,3.68442618036409e-10
36847,6.571025527014509e-09
36848,1.3080127062613443e-08
36849,-2.374126860550347e-08
36850,5.76609242635044e-09
36851,-1.613430566800099e-09
36852,-1.1582499212979563e-08
36853,-1.645757532237386e-08
36854,3.1608969301652524e-09
36855,-2.407180484278058e-09
36856,2.7198906301257392e-09
36857,2.0473617936939286e-10
36858,-4.587361268234232e-09
36859,-2.308744013137717e-09
36860,2.9511371175678233e-10
36861,4.775709112900786e-09
36862,1.5370856439559985e-08
36863,-7.65779550298494e-10
36864,8.520114283485142e-09
36865,3.6339172342171968e-09
36866,-5.4383758490711485e-09
36867,-3.040600923422501e-09
36868,1.2689115421249447e-08
36869,-7.0127095784255346e-09
36870,1.3248417588089034e-08
36871,-2.7370568365045937e-08
36872,-3.791954003270544e-09
36873,-1.5770614547326311e-09
36874,-1.9619342292359296e-09
36875,1.1277226646514594e-08
36876,-7.550645570498657e-09
36877,3.9297019887025455e-09
36878,-9.559978297511692e-10
36879,1.4778148492243356e-08
36880,1.731214778088447e-08
36881,8.715883585561302e-10
36882,3.1604758214704316e-10
36883,-7.752951067663856e-09
36884,2.5222908680070244e-08
36885,-3.9203154103473836e-09
36886,-2.489340759343971e-09
36887,6.242427236744669e-09
36888,-3.917545669359497e-09
36889,-1.113373354678985e-08
36890,-6.205812851910844e-09
36891,-2.1829659932127617e-09
36892,1.411139615174813e-08
36893,-3.3553022240231548e-09
36894,8.893268486620602e-09
36895,-1.1554264291099648e-08
36896,-3.80043646269778e-09
36897,1.1450782308235752e-08
36898,-2.508584692435948e-09
36899,4.3052580491270183e-10
36900,5.6939939270967834e-09
36901,-3.020605379615379e-10
36902,-2.3043526644574456e-09
36903,-1.5760596498425101e-09
36904,3.6381052875300836e-10
36905,1.3584296456202508e-09
36906,-2.219477224044446e-09
36907,1.1258851435687967e-08
36908,2.2436914445200304e-09
36909,8.056272228285944e-10
36910,-1.6419008908392342e-09
36911,-6.298790306865319e-09
36912,1.1814062839656523e-09
36913,-1.829297074448918e-08
36914,-1.6288224488759893e-08
36915,3.2004522191270833e-09
36916,-8.010114743188741e-09
36917,1.4454183667196074e-08
36918,4.5130414385426605e-09
36919,2.4808668021998055e-09
36920,-1.0507349792936697e-08
36921,1.24962415214817e-09
36922,9.453794767415318e-09
36923,-9.451574225958488e-10
36924,4.774917856851913e-09
36925,8.552479487284444e-11
36926,3.386616435826545e-10
36927,-1.1532375558820472e-08
36928,-2.8198654905589574e-08
36929,-3.6118395893274507e-09
36930,9.32357612180358e-09
36931,-3.4603634264933295e-09
36932,-7.897236928264307e-09
36933,6.083608210532919e-09
36934,-4.458784067048208e-09
36935,1.5024928683037258e-08
36936,-6.1842303974866224e-09
36937,-6.435903104644824e-10
36938,5.15181781994751e-09
36939,-2.6802240912141995e-08
36940,-4.815514673545185e-09
36941,-1.7524739097892097e-09
36942,1.4444193355609504e-10
36943,-2.820211343002582e-08
36944,-1.4488994812070024e-08
36945,6.978105006132939e-10
36946,-5.923547831365412e-09
36947,-3.7539074623660895e-10
36948,-1.585270228723629e-08
36949,3.3656349087236994e-09
36950,-8.68603066396069e-09
36951,-2.7819161737042107e-09
36952,-3.0442630231726407e-09
36953,-1.863644674679144e-09
36954,1.0497399105208958e-08
36955,2.8656159741849974e-09
36956,8.758418516490086e-09
36957,-6.727271595595726e-09
36958,7.020697819256641e-09
36959,-6.5212525519843116e-09
36960,9.139455645180098e-09
36961,7.278459279959512e-09
36962,-3.873940387876988e-09
36963,7.649738314604089e-09
36964,-7.2220344733109525e-09
36965,7.482816467762948e-10
36966,5.395370260053512e-10
36967,-3.5163705898380503e-09
36968,-2.8045159977240065e-09
36969,-1.5882488025134452e-09
36970,-3.3827235282475867e-09
36971,-5.6409673234044635e-09
36972,-1.2139804682062458e-08
36973,5.241217077696238e-09
36974,-3.473415331924971e-10
36975,-1.4750530083176364e-09
36976,-9.037319863151833e-09
36977,-8.479465074297754e-10
36978,3.668103452880103e-09
36979,3.353093686157289e-09
36980,-7.37199940144904e-09
36981,-2.5331552894416633e-09
36982,-6.397129361055077e-10
36983,-2.7794912006487005e-09
36984,-8.887951685455529e-09
36985,-6.544663880632223e-10
36986,5.52641184530841e-10
36987,-2.8126729551227735e-09
36988,1.010715483053302e-08
36989,-4.396547974725571e-10
36990,-3.821245334349652e-09
36991,-7.599169241251135e-10
36992,2.1542260903982007e-09
36993,-1.1327445445989703e-08
36994,9.272015635661176e-09
36995,-3.525579558871324e-09
36996,1.7073058187784837e-09
36997,1.8125194539443864e-09
36998,1.1474551661046488e-08
36999,2.1635072818895503e-08
37000,2.1643825486897235e-08
37001,-1.0146112771358557e-09
37002,-4.9083117917108604e-09
37003,8.923452434215656e-10
37004,-7.75185974482941e-09
37005,1.7015388348788787e-08
37006,1.3724600259328764e-08
37007,8.037532954261542e-09
37008,1.0932839477739775e-08
37009,9.732396322573907e-09
37010,1.2183598324394878e-09
37011,-4.3499738869821976e-10
37012,-1.8036249255698773e-09
37013,-5.707293835568004e-09
37014,-5.426987904601168e-09
37015,4.733088181946373e-09
37016,-1.6963982848407179e-09
37017,1.6423146498836299e-09
37018,-2.4714559131095165e-09
37019,2.566661989658893e-09
37020,-3.785499035888997e-09
37021,-3.2066904910549937e-09
37022,-5.595485090026381e-10
37023,-1.3650191595224644e-09
37024,2.574455295728382e-08
37025,3.812540680437984e-09
37026,1.24030777787697e-09
37027,-5.4360405934133464e-09
37028,-1.4442634772433407e-09
37029,-4.4638214803403525e-09
37030,-1.3551846479236051e-09
37031,2.9168700335202322e-08
37032,3.012074747910259e-09
37033,-2.7919390873216223e-09
37034,-8.619375726274414e-09
37035,-1.9066768161453414e-09
37036,-6.829143943947647e-10
37037,7.1049285689172e-09
37038,3.061408347000321e-10
37039,4.9793083249365856e-09
37040,-1.0343960811203977e-09
37041,-4.0244446645504135e-09
37042,1.3771174637099544e-09
37043,1.394297523798978e-08
37044,-2.229544888623565e-09
37045,7.4469543262537845e-09
37046,-9.080525532678296e-09
37047,-6.398498539732775e-10
37048,-1.0134293109855934e-08
37049,6.854826754447485e-09
37050,-1.2905462274641043e-10
37051,-3.6596795482779057e-09
37052,-6.092452737811468e-10
37053,1.5083596145971856e-08
37054,-3.8503786474611615e-09
37055,-1.107780772937851e-08
37056,-8.590955549887206e-11
37057,1.818712493500359e-08
37058,-3.947474680943884e-09
37059,-2.4592874776909245e-09
37060,4.23223029426537e-09
37061,-8.627818851665438e-09
37062,2.640720901456644e-08
37063,5.081099729995249e-09
37064,-2.4513212549028324e-09
37065,7.424214050333195e-09
37066,9.106360852366096e-09
37067,6.201713421314538e-09
37068,4.1303195236244525e-09
37069,1.8033724596307726e-09
37070,-3.591267749994606e-09
37071,9.383703647508385e-10
37072,5.61429481402933e-09
37073,-2.898409105987531e-08
37074,-4.174064774551121e-09
37075,-3.878214067619185e-09
37076,-3.99877855922608e-09
37077,7.205554664806432e-10
37078,9.109593792453925e-09
37079,-1.9697860077702646e-09
37080,5.128266277300682e-09
37081,1.2955211186831797e-09
37082,3.885404327313275e-09
37083,2.852731474354571e-09
37084,-7.155896535705757e-09
37085,-1.5006741703131128e-09
37086,2.397679854453454e-09
37087,-2.1264836850716653e-10
37088,-9.627266859250285e-09
37089,-8.291449063636514e-09
37090,9.577985909350994e-10
37091,6.825374156024243e-09
37092,-4.595911695627985e-09
37093,-9.128308917954614e-10
37094,-6.852923160750978e-09
37095,-5.281245275519773e-10
37096,2.5398318252722003e-08
37097,-9.812567151971702e-10
37098,1.4269886208318783e-08
37099,-7.474647874912865e-09
37100,7.550421215787452e-10
37101,-1.330032011559318e-10
37102,-5.414810671231483e-09
37103,-9.476598202445514e-09
37104,-4.03730351295936e-09
37105,-6.5708884459386406e-09
37106,2.116289458335681e-09
37107,-1.640830632466986e-08
37108,4.153110472876507e-11
37109,1.951954775837341e-09
37110,1.0506884181124667e-09
37111,2.0391429288061878e-08
37112,-6.9267594130338245e-09
37113,-6.199928816504737e-09
37114,-4.542425007476973e-09
37115,3.105171288863322e-08
37116,-6.590624782817734e-10
37117,3.639634804857017e-10
37118,4.393283447658983e-10
37119,-3.214321554522532e-09
37120,6.095892613843446e-09
37121,-4.1020221482630975e-09
37122,-7.122440169620416e-09
37123,2.960262370375356e-09
37124,6.958063601714039e-10
37125,-2.582678999129453e-09
37126,3.057773032894847e-08
37127,1.3860295677303376e-08
37128,-2.0887726378907426e-09
37129,6.043962777624823e-11
37130,3.3218623013441365e-09
37131,-7.3985747427407985e-09
37132,1.20970051238472e-09
37133,-4.305011172853158e-09
37134,-9.805086843604522e-09
37135,-1.9962254122369373e-08
37136,-2.461293567384657e-09
37137,2.7900893386737646e-09
37138,1.5247471911384408e-08
37139,1.1234013527527323e-09
37140,4.340158817921335e-09
37141,-9.196809782043279e-10
37142,-9.519697630982713e-09
37143,-1.400205089856154e-09
37144,-7.478452186667755e-09
37145,-4.729864050024601e-10
37146,-8.889399612384595e-09
37147,-4.226174863342002e-09
37148,1.9760174222420276e-09
37149,2.2995064406696605e-09
37150,2.9540775421148816e-09
37151,-1.193010563061264e-08
37152,-8.713508284376244e-10
37153,-5.809971992400085e-12
37154,1.1589590699050152e-08
37155,8.632932326401625e-10
37156,-1.0144344503995375e-08
37157,-1.474808852393846e-09
37158,2.1617030485846785e-09
37159,1.7455574781923454e-08
37160,-2.968344412702775e-09
37161,-1.50646186878231e-09
37162,7.792309432009849e-09
37163,1.8272400155686848e-09
37164,-3.083592604820172e-09
37165,-2.377574418783252e-08
37166,-6.131375308971842e-09
37167,-1.630142428810945e-09
37168,-3.6281996999403316e-09
37169,-2.1963617894060438e-10
37170,-4.5916936488531586e-09
37171,-9.29839995460446e-10
37172,8.038372533712689e-09
37173,2.4334864043201746e-09
37174,-4.8686278360193185e-09
37175,2.4507460042387928e-09
37176,-1.0942510615276481e-08
37177,-2.245325596889988e-09
37178,1.2077098141855462e-09
37179,-2.8546972967044283e-08
37180,1.0422246902246786e-08
37181,6.704075399448094e-10
37182,-1.4400776906409484e-09
37183,-3.205291584542283e-09
37184,1.0312630652320119e-09
37185,-1.8949737290867866e-10
37186,2.3430810507335736e-09
37187,-9.77675824250788e-09
37188,1.0124740325118269e-09
37189,-4.121239104701836e-09
37190,-1.211991678771498e-08
37191,1.3060107772789024e-08
37192,1.822464266073716e-08
37193,1.0796880281955456e-08
37194,8.16402774574285e-09
37195,-2.3083539262269014e-09
37196,3.773305783875786e-08
37197,-3.205371289816642e-09
37198,-1.691380903761642e-08
37199,-4.230455709791372e-09
37200,-4.22879270135332e-09
37201,2.3992676095398237e-09
37202,2.429792874248599e-09
37203,2.1936394164593653e-09
37204,3.180739566757664e-08
37205,3.975196296803624e-10
37206,-9.302109384744536e-09
37207,3.769812711013524e-09
37208,2.7970712837783824e-09
37209,-1.2908610197969137e-08
37210,1.0909721082318255e-08
37211,-9.699155188100082e-10
37212,1.5525901986265485e-09
37213,1.259682855418479e-08
37214,-1.1607530340696574e-08
37215,-2.6221483279684815e-09
37216,-1.7718301079694898e-08
37217,-3.848863939418319e-09
37218,-1.7237639195625736e-09
37219,-3.5790499646733333e-09
37220,-1.3661236455721389e-08
37221,-3.3759059713631376e-09
37222,4.665832257566795e-09
37223,9.959600447186995e-10
37224,-8.500202563407565e-09
37225,2.8923215109533655e-10
37226,2.6081216117311143e-09
37227,-2.2890553368610145e-09
37228,-6.041111028717064e-09
37229,2.1424469632461573e-09
37230,-3.977388549403793e-09
37231,-8.001725558305456e-12
37232,-1.680162894815685e-08
37233,1.9629066821511306e-09
37234,-6.753727797191101e-09
37235,-7.722541596696623e-09
37236,5.427121414425088e-09
37237,9.37584151699792e-09
37238,-3.039641179318343e-10
37239,-1.6176082972830699e-09
37240,-4.445782756625381e-09
37241,-5.608920128763921e-09
37242,6.235042181650718e-10
37243,-2.800609847835035e-09
37244,-4.42833526440115e-09
37245,-3.7194100215955865e-10
37246,-5.312235501249435e-09
37247,-7.020020145399175e-09
37248,2.1735831034754042e-08
37249,-1.2236360225832048e-09
37250,-2.159495973713908e-09
37251,2.1641622557203005e-09
37252,8.09637686119987e-09
37253,-6.9789061226935246e-09
37254,-4.30383910872198e-09
37255,1.5027072235695622e-08
37256,-3.0077479752690912e-09
37257,1.232302517146188e-09
37258,2.1710905085210568e-10
37259,-6.1895337808822064e-09
37260,5.4817841525316695e-09
37261,-2.0364269501411547e-09
37262,-9.470085855742212e-09
37263,1.464653465262555e-09
37264,1.2742604262018043e-09
37265,-1.3570649080615322e-08
37266,-2.170608741832185e-09
37267,-7.09400439754858e-09
37268,1.2364909015806454e-09
37269,8.191068865076035e-09
37270,-2.0518969005855067e-09
37271,4.322040470955247e-09
37272,-7.803511522682362e-09
37273,-7.232262150092304e-09
37274,-1.6714859988239979e-09
37275,-3.3597310345231454e-09
37276,-1.3092957254240797e-09
37277,2.582333538733298e-09
37278,2.2492140007009038e-08
37279,-3.6247627691570557e-09
37280,-8.33340178520862e-10
37281,-1.4147431052357352e-08
37282,-7.447053332267932e-10
37283,-2.2926728065041445e-09
37284,-4.153060334541189e-09
37285,-1.0504609585938325e-09
37286,2.424550906951905e-09
37287,1.3133915347744994e-08
37288,-8.521407629280126e-10
37289,2.2641089392000897e-09
37290,-9.223555416493562e-09
37291,1.8014144378941216e-09
37292,-2.140344059052242e-09
37293,2.415221907104702e-09
37294,1.4987950198105583e-08
37295,-2.9064227612722016e-10
37296,2.6874680170238413e-09
37297,-2.4623671793700034e-08
37298,-1.0588115688786479e-08
37299,-3.760226696371064e-09
37300,2.607011606706529e-09
37301,-1.5578769340719078e-09
37302,-2.6062111610841927e-09
37303,1.2233975923713349e-10
37304,1.1996475751747789e-09
37305,-3.0326158328149288e-09
37306,-7.987524291236393e-09
37307,-1.4158504663460558e-09
37308,-1.2747633661322062e-09
37309,3.946069685284232e-09
37310,6.927793663527068e-10
37311,1.6802622419804524e-08
37312,-9.298847275031691e-09
37313,3.943075725688735e-09
37314,-5.736336076354814e-09
37315,1.9084452690397845e-09
37316,-5.808105974254935e-09
37317,2.5123267246919695e-09
37318,-1.3719200703706717e-09
37319,9.64243787650282e-09
37320,-1.826244867036978e-09
37321,-4.686814688007709e-09
37322,5.761059740493902e-09
37323,-2.622085286799966e-09
37324,-5.943928760589601e-11
37325,-1.0929810688304168e-08
37326,-6.061802368259714e-09
37327,-1.186831608838799e-09
37328,8.921016984313405e-10
37329,-1.6759183802006086e-10
37330,1.3317390030343494e-10
37331,8.223354099785867e-09
37332,-3.755219947367682e-09
37333,2.01526799335329e-09
37334,3.444691043319038e-10
37335,1.091629771988973e-10
37336,4.019436975369911e-09
37337,2.4377822015164945e-08
37338,-1.755227577108897e-09
37339,-5.985459310438663e-09
37340,8.800721153258962e-10
37341,1.5686352904314376e-08
37342,4.091743050527527e-09
37343,9.74181659500032e-09
37344,-4.4860302485005384e-09
37345,1.6291039516149197e-09
37346,-2.9841561594347577e-09
37347,-2.2145003475788083e-09
37348,1.8643798452152785e-09
37349,3.373516935410883e-09
37350,-2.7448991052374165e-09
37351,-3.381278846680405e-08
37352,-1.631741868638041e-09
37353,-8.133158104603315e-09
37354,-3.879395351516234e-09
37355,-5.087131315055384e-09
37356,-2.182776981023647e-09
37357,1.5265661473859374e-08
37358,-4.260139063111758e-09
37359,1.490990687138641e-08
37360,-9.91793446965301e-09
37361,1.670491389481565e-08
37362,-1.9259854105487164e-09
37363,-3.895109518694734e-09
37364,5.794901532936261e-10
37365,-3.0380848696540804e-09
37366,-3.863188919792523e-09
37367,7.207306992918439e-09
37368,-3.629027115951006e-09
37369,2.8492866692169264e-09
37370,-1.0112058719465765e-08
37371,3.6390708407327447e-09
37372,-7.913866730520181e-09
37373,-1.9343750155756593e-10
37374,-2.8002739000184013e-09
37375,-2.1003598738422483e-08
37376,-1.4405749803441217e-08
37377,-5.547057270114042e-09
37378,5.242448618655841e-09
37379,-1.2708704625616367e-08
37380,-1.6848626482178443e-09
37381,-1.4743497812145098e-09
37382,-3.0013077784556318e-09
37383,-2.8752012192558313e-09
37384,1.923579485873925e-08
37385,2.2360151645901363e-09
37386,1.0944961728923156e-09
37387,3.390693049821827e-10
37388,-1.5868588323126535e-09
37389,-1.9729504930610363e-10
37390,-1.320855170472568e-08
37391,6.107194271830905e-10
37392,1.2074318311822563e-08
37393,2.2618356468486176e-09
37394,-1.1048256007874177e-09
37395,-9.176622611110327e-10
37396,-6.710216787726868e-09
37397,-7.85315137521058e-09
37398,-5.58508963732259e-09
37399,2.04420150422746e-09
37400,-6.135256073856418e-09
37401,7.610799817602675e-09
37402,-2.932648667315388e-09
37403,-6.2843193134472e-09
37404,3.311696461992378e-09
37405,6.325825048123689e-09
37406,7.859372403936242e-10
37407,5.502900875504964e-09
37408,6.616646092738456e-09
37409,8.14927861448708e-09
37410,-2.118077360086197e-09
37411,-6.774931399794418e-09
37412,5.811236267629533e-09
37413,2.5751701094802144e-10
37414,2.955855767925209e-11
37415,-4.962753531359028e-09
37416,-5.627895012424217e-10
37417,-1.1554895343412954e-08
37418,-6.693371550945133e-09
37419,-1.451361641085195e-09
37420,2.1583957742924015e-08
37421,1.2725281640043185e-08
37422,-2.0010369581316625e-09
37423,-1.6585338387954134e-08
37424,-1.5153867194429968e-09
37425,-1.1424855645813435e-08
37426,-9.020927723644633e-10
37427,2.6776784721620266e-09
37428,-9.904748408575866e-10
37429,7.009941551382394e-09
37430,-1.6876408667526684e-08
37431,1.7165400402165357e-09
37432,-1.4877031604399517e-08
37433,-4.407130348941595e-09
37434,-8.128987721920647e-09
37435,-6.245586182965839e-10
37436,-9.608318464286166e-09
37437,-3.167344491815177e-09
37438,-2.2723352348879518e-09
37439,-4.274741366488794e-09
37440,-1.3203023318201833e-08
37441,-8.878669057437175e-09
37442,-5.289426430298182e-09
37443,-3.7015275672990202e-09
37444,-4.214683494292655e-09
37445,-2.027024536696111e-10
37446,-2.133857675049678e-09
37447,7.142314360442609e-09
37448,2.539756200594139e-09
37449,1.0847130627428056e-09
37450,-8.227890377922825e-10
37451,-8.690366400698443e-11
37452,5.7785196317323456e-09
37453,-4.450031470476255e-10
37454,-2.3587151678772268e-09
37455,-2.75973264082407e-09
37456,3.2699819557302574e-09
37457,2.0615854103985523e-09
37458,-1.0106692947404563e-08
37459,-9.601786503037606e-09
37460,-1.2738158692216279e-08
37461,5.154657505100301e-09
37462,1.2361494756208719e-08
37463,-4.226173103650472e-09
37464,3.0554042763501657e-09
37465,-2.666464350324564e-09
37466,-2.0900770804234984e-09
37467,-1.19181639232981e-08
37468,-4.921066234403154e-09
37469,1.383806972985779e-09
37470,-1.0598409345334685e-09
37471,1.8142909223461707e-09
37472,-3.0036036361782696e-09
37473,1.8986816504721377e-09
37474,-9.691896134164002e-09
37475,1.2684976456623099e-08
37476,3.876680670778814e-09
37477,1.3177586954407846e-09
37478,-5.307719266078887e-09
37479,-2.477743091922996e-08
37480,-4.3157116829769476e-09
37481,2.9077068370053e-09
37482,-4.8551058909545436e-09
37483,1.6629984444470628e-08
37484,9.678582959881847e-10
37485,-1.7488428318756477e-09
37486,8.701090754028894e-09
37487,-1.7547085610469263e-09
37488,-2.3756344454943453e-09
37489,-4.194657150679042e-09
37490,-1.2530857888747013e-09
37491,-3.2680576817754286e-10
37492,-1.3148543953838677e-08
37493,8.858322954487978e-09
37494,-2.1187937013080284e-09
37495,-1.0694310455367142e-09
37496,9.61148492274352e-09
37497,-5.64047728010644e-09
37498,1.6332353653963245e-10
37499,2.373125525398691e-10
37500,1.0186931958927586e-08
37501,-1.899867087960227e-09
37502,-2.513510289578566e-09
37503,9.169643070043858e-09
37504,-3.430679524083978e-09
37505,-9.749063702955396e-09
37506,3.333249355931834e-10
37507,-6.867456884776164e-09
37508,2.2453064035821864e-09
37509,-9.398338979283374e-09
37510,-2.5039550202918872e-08
37511,-1.471966725923261e-09
37512,1.5402013241764955e-09
37513,-4.853184353439494e-09
37514,8.753313458556558e-10
37515,-2.7618915999811183e-09
37516,8.78093271622678e-09
37517,-6.218500222156501e-09
37518,7.815694832465122e-09
37519,1.6581042595223954e-08
37520,-8.909986071944403e-10
37521,-4.376158024525026e-09
37522,-1.650491415493182e-09
37523,3.2157645706488582e-09
37524,-2.1535167127422674e-09
37525,-9.061462380465524e-09
37526,2.345802596491466e-09
37527,-1.1258617130650177e-08
37528,-5.582477557229655e-09
37529,5.539026306134467e-09
37530,1.298141556009706e-08
37531,7.318679166575782e-09
37532,-4.375919173338366e-09
37533,8.015811525059584e-09
37534,5.111255946400504e-09
37535,-1.0645195788784371e-09
37536,-1.6671851262929052e-09
37537,-1.6692179127809867e-10
37538,2.104954982378604e-09
37539,-4.155724698482713e-10
37540,5.891880146397859e-09
37541,1.554514812043347e-08
37542,1.4567891449504927e-08
37543,-9.437589286914216e-09
37544,-1.4618627602166676e-09
37545,-7.686497778651843e-09
37546,-5.9906244585153975e-09
37547,-8.194716438592463e-09
37548,-1.3674735920091266e-08
37549,-3.1286194441580565e-09
37550,-1.0844340989348799e-09
37551,-2.661677171619778e-09
37552,4.761346991982933e-09
37553,-1.341740332702974e-09
37554,6.265679227570264e-10
37555,-3.4530118051440046e-09
37556,3.588720697540723e-09
37557,-2.6792746805638557e-09
37558,7.134047273970527e-09
37559,-9.949344386483287e-10
37560,1.038283781775411e-09
37561,-2.4360919652745876e-08
37562,2.3687985573863623e-08
37563,-7.034516246769701e-09
37564,4.319505694086456e-09
37565,2.1512627438468662e-08
37566,2.3245557162981985e-09
37567,-2.170358753311419e-09
37568,-1.8720755526348732e-09
37569,4.872107933276522e-09
37570,1.8794854870930078e-10
37571,7.9704779784895e-09
37572,-8.969173990301673e-09
37573,-8.731009674451682e-09
37574,-2.569444557378182e-09
37575,4.248587960637057e-11
37576,-4.819587484366304e-10
37577,9.007933643739659e-09
37578,5.830668752845249e-10
37579,-4.79932896801832e-10
37580,-2.811424377146706e-09
37581,-4.246993481021194e-09
37582,4.3411467574836406e-10
37583,-2.625076487655858e-11
37584,2.6465860106030653e-08
37585,-1.336687330776728e-08
37586,1.3654793079545682e-09
37587,1.3066988258970124e-08
37588,-1.4448283777011495e-08
37589,1.0393698293605171e-08
37590,5.705953646792377e-09
37591,-9.237432644212143e-09
37592,2.2043536861908637e-09
37593,2.7665247391938386e-09
37594,-8.898756551454051e-10
37595,-6.05553840441461e-10
37596,-5.869028556295623e-10
37597,1.4749147994140371e-08
37598,-4.50962823197953e-09
37599,-1.0224888751357609e-10
37600,-2.3286347954182275e-12
37601,-6.739433886917424e-09
37602,-1.3520399835476618e-08
37603,-1.0495597770949956e-09
37604,-1.3271608270523747e-08
37605,4.6571398876192344e-09
37606,-3.7484523455002865e-09
37607,-7.476493898183595e-09
37608,-1.0646302480497374e-08
37609,-6.5243858030109324e-09
37610,-7.498272241892009e-10
37611,-4.268371253119074e-09
37612,-6.820483159957035e-09
37613,1.4435118676682953e-08
37614,-7.928517785603048e-09
37615,-1.505646077095187e-10
37616,-5.726602932516214e-10
37617,3.3328190055302146e-09
37618,5.0381713466188325e-09
37619,8.685906653518777e-09
37620,2.347461310554091e-08
37621,-1.2698340346867418e-08
37622,-1.1332312054486654e-09
37623,8.026440925011682e-11
37624,2.840302868623569e-09
37625,-4.036712954275278e-09
37626,4.649597195399216e-09
37627,-4.0268235236734346e-09
37628,5.947211097753991e-09
37629,1.7611890618579212e-08
37630,1.2742708712444673e-08
37631,5.564807504475023e-09
37632,-3.664527328223581e-11
37633,5.314012217314013e-09
37634,-2.1187556821416968e-09
37635,-2.3318937782264166e-10
37636,-7.105753073556078e-10
37637,1.5932708494673595e-08
37638,-4.663550677830925e-10
37639,4.85107927973095e-09
37640,-2.334000098128882e-09
37641,-7.541595686567992e-09
37642,1.6420107707144012e-08
37643,-9.526472246079516e-09
37644,-7.680395902691466e-09
37645,6.357522789912059e-10
37646,2.6932327019401906e-08
37647,-2.4006301879534836e-08
37648,-1.1221834002104549e-08
37649,7.529703266122342e-09
37650,-1.0003858384533103e-08
37651,2.5626738054019445e-09
37652,9.949644878026762e-12
37653,1.4613975639006999e-09
37654,-2.990714613193043e-09
37655,-2.0342770374894293e-09
37656,-7.370004438019018e-09
37657,2.185996067392463e-09
37658,-3.734778869112792e-09
37659,1.193090722953821e-08
37660,-1.0604383772092793e-09
37661,3.2983588337880895e-09
37662,-2.830759871188621e-09
37663,1.1150837528864788e-09
37664,1.75383624717966e-08
37665,-5.3606554924337824e-09
37666,-5.740624385630428e-09
37667,1.9229112284465896e-08
37668,-6.0395150194139355e-09
37669,-1.1701634859106939e-08
37670,-3.3621814130904886e-09
37671,9.782229949624464e-10
37672,2.6676946301475397e-09
37673,-4.9032592099388555e-09
37674,1.7360144083839663e-08
37675,-6.426144825618625e-10
37676,-6.03017725317317e-09
37677,6.114160525655001e-09
37678,1.1810658271980963e-08
37679,-4.832920962906271e-09
37680,-2.8266450630750256e-09
37681,-1.3319254039723296e-08
37682,-1.267648149384674e-08
37683,-1.950540953806721e-09
37684,4.88609068698657e-09
37685,-8.538212739090892e-09
37686,2.1831028235746955e-09
37687,-1.8163358235833933e-09
37688,-3.502859961052413e-09
37689,-6.486576549366507e-09
37690,-5.243355272267885e-09
37691,6.945621536513502e-10
37692,-2.3680186226156827e-09
37693,-7.533925109398857e-09
37694,-4.379089787438936e-09
37695,-8.582501201160596e-10
37696,-3.577469920864965e-09
37697,-1.3075201205573162e-08
37698,4.047907880843441e-09
37699,3.765640693868562e-09
37700,1.877416321773021e-09
37701,-5.701270506982439e-10
37702,-5.432602781322917e-09
37703,-3.0041731030647725e-09
37704,-2.0455893444823624e-09
37705,2.7062311716511544e-10
37706,-3.014814051829023e-09
37707,9.898360832052393e-09
37708,-9.762762927958666e-10
37709,9.72230158043109e-09
37710,-5.018666126726671e-09
37711,-5.835979124000755e-09
37712,1.9211065831710323e-08
37713,-3.7203131216779952e-09
37714,-1.5192426087655687e-09
37715,1.0271589552776354e-08
37716,1.6698484519859014e-08
37717,-6.657881516201619e-09
37718,1.7704691011935845e-10
37719,-5.1816963436517086e-09
37720,-3.668124374787363e-09
37721,-2.9395617096560973e-09
37722,-1.0027420506978117e-09
37723,-6.683544041870322e-11
37724,-9.94686519389658e-09
37725,-6.242510936603218e-09
37726,2.0558714109408212e-08
37727,-1.589157174106851e-08
37728,-1.763524140901513e-09
37729,1.5098936776975237e-10
37730,6.971920101127721e-09
37731,1.0860191947883816e-08
37732,-4.978658065727412e-09
37733,-2.3725039022459912e-09
37734,6.132602826480672e-10
37735,-3.676706725034599e-09
37736,-7.113504335729717e-09
37737,-9.396485147648198e-09
37738,-3.4746943950161606e-09
37739,2.5742771119514325e-09
37740,-2.7762888641231815e-09
37741,-4.5481580371837103e-10
37742,-1.1551238280940708e-09
37743,1.535601804287906e-10
37744,4.349779455747204e-09
37745,-1.2748498015396084e-08
37746,-5.036801908542089e-10
37747,1.0370110659717338e-08
37748,-2.7009408862802714e-09
37749,2.0898780019264894e-08
37750,2.0885108090259936e-08
37751,-2.1845311133114545e-09
37752,2.007083776020138e-09
37753,-1.1752230542538422e-09
37754,-2.19461766333799e-09
37755,-1.032128027375517e-09
37756,-1.0043129335138956e-08
37757,-9.560516865118262e-09
37758,3.3779878069371183e-09
37759,-3.171482798395245e-09
37760,-2.5140039982934005e-09
37761,-2.307592261155729e-09
37762,-3.1673490217217496e-09
37763,-1.8328226630663454e-09
37764,5.722055927954475e-09
37765,1.895913655807157e-09
37766,3.7107549077670594e-11
37767,-5.927094434247302e-09
37768,2.2004014469170826e-08
37769,1.5068690794174111e-09
37770,-3.3455956605913512e-09
37771,-8.588389825691923e-09
37772,6.639428497896271e-09
37773,-2.4619306461370825e-09
37774,-7.561926357848198e-11
37775,8.858153714190006e-10
37776,-1.6651608541549267e-09
37777,2.407259200792894e-08
37778,8.52932531116934e-09
37779,-8.969356810165802e-09
37780,1.221149713026897e-08
37781,4.998652021079188e-09
37782,-1.2830752337868768e-09
37783,-1.4954127554849098e-08
37784,-3.027098660650616e-09
37785,-4.415170386594661e-09
37786,-4.378433963887909e-10
37787,6.078768946620874e-09
37788,-3.2376426291763936e-09
37789,1.3882292621247167e-09
37790,1.68333209926428e-09
37791,-3.6778308357986226e-09
37792,5.463069856569061e-09
37793,2.3543871991307557e-09
37794,1.075408723726958e-09
37795,-4.935454976969059e-09
37796,-1.5422979857591347e-08
37797,1.586405677386856e-09
37798,-4.640980200151742e-09
37799,1.1260791661511622e-08
37800,-2.282276228236699e-09
37801,4.191693310275249e-09
37802,-3.4051111123947923e-09
37803,1.5735618728970448e-08
37804,-1.1500464334923187e-09
37805,-1.2209011661422058e-09
37806,-1.9773798061069683e-08
37807,-2.371112845043876e-09
37808,-9.208219822097778e-10
37809,-3.1345263284422786e-09
37810,-7.499959023641255e-09
37811,-1.7804005901561722e-09
37812,2.016466287272825e-08
37813,1.1482332128667994e-08
37814,1.5663384056014143e-08
37815,4.937435269553131e-09
37816,-1.4556622492764575e-08
37817,-1.473188428776828e-09
37818,-2.5518751323226703e-09
37819,1.6277460315683282e-08
37820,1.0205812930653096e-11
37821,-1.4759375296959561e-08
37822,-1.1196868522686067e-08
37823,-2.725537568082395e-09
37824,-9.4764328508884e-09
37825,5.676424697925683e-10
37826,-1.191503957690592e-08
37827,2.424794262063014e-08
37828,-8.01071185759807e-09
37829,1.8003330021616253e-08
37830,9.088067131254791e-10
37831,1.3414962614627893e-08
37832,-2.5044200605959714e-09
37833,-8.469862256877129e-09
37834,-1.6995338402717284e-09
37835,8.135138007251384e-11
37836,-4.1284764833602275e-09
37837,-3.6407592162994537e-09
37838,7.237764230271269e-09
37839,-3.054794127127009e-09
37840,-9.771905218243715e-10
37841,-9.957171533112692e-10
37842,-5.7460909624170405e-09
37843,6.219453029615329e-10
37844,-2.9001092289666086e-08
37845,-6.126229724360098e-09
37846,-7.013120814936032e-09
37847,-2.7285458149482563e-09
37848,-2.1838430317018917e-09
37849,2.2529339621694795e-09
37850,1.7686867237302526e-08
37851,-5.824813921362546e-09
37852,-4.409449119716269e-09
37853,-1.3947379702240464e-08
37854,1.040467183520173e-12
37855,-2.043892537079829e-09
37856,2.233454330000744e-09
37857,-6.553385743374829e-09
37858,-1.7499466904062047e-08
37859,-1.006493539196269e-08
37860,1.2517248112803477e-08
37861,-9.47093714104727e-09
37862,2.9708729095598324e-09
37863,-3.3162170240739083e-09
37864,5.625432403858239e-09
37865,-8.934553100041922e-09
37866,-2.1942576413811634e-09
37867,2.0740770051021317e-11
37868,-1.786662479438404e-09
37869,-4.532031003711033e-09
37870,1.7366891876379285e-08
37871,-2.3912886592847386e-08
37872,8.922318617980383e-11
37873,7.422178493905992e-10
37874,-1.7093447583243187e-08
37875,1.2912650040588629e-09
37876,-7.89405212778174e-09
37877,1.0583375999446908e-08
37878,-2.0880094902736364e-10
37879,1.1205430193716355e-09
37880,2.1546768471373823e-10
37881,5.005761008613416e-09
37882,-2.817220062381512e-09
37883,4.940866280077338e-09
37884,1.7639255661372337e-09
37885,-1.7646101277608703e-08
37886,-1.326650739517665e-08
37887,-1.2225604440778753e-08
37888,-5.139579014613109e-09
37889,7.863288810057737e-09
37890,-3.64972640225035e-09
37891,-4.386691788200188e-09
37892,4.009115420544495e-09
37893,9.878059554477508e-09
37894,-6.869586665504064e-09
37895,7.53299785657802e-09
37896,-1.3250146764832308e-09
37897,6.982309038631123e-09
37898,1.3143423244321498e-09
37899,8.354793898360128e-09
37900,1.3061807306657566e-09
37901,-1.0937047243234493e-09
37902,-1.9543414495634475e-08
37903,6.478507705848771e-09
37904,-2.0110881436150842e-10
37905,6.573792308123516e-09
37906,6.42267329812925e-10
37907,6.140270782568844e-11
37908,-3.433447534174405e-10
37909,-2.4896280070726205e-09
37910,-5.56977643903979e-09
37911,1.1188636501286919e-09
37912,1.5989901175989095e-09
37913,-3.6591907352131865e-09
37914,-8.028357869357801e-09
37915,-1.3230241129898654e-09
37916,-1.4259596123663621e-08
37917,-3.978897431993863e-09
37918,2.100035357801398e-09
37919,-1.1205905789170516e-08
37920,-8.845164493204496e-09
37921,-9.262267879718712e-10
37922,-1.746123635539407e-08
37923,4.38053945050648e-09
37924,5.926785826625945e-09
37925,-7.2944887529893415e-09
37926,5.809491705273224e-09
37927,-4.459615041424356e-09
37928,-1.4456723079242216e-08
37929,-1.8956780097284054e-09
37930,4.320796614505195e-09
37931,-5.496936453765751e-09
37932,3.747898265591323e-09
37933,-1.2166349356001496e-08
37934,1.3478779654551683e-08
37935,-4.1732305285175705e-09
37936,4.740191552197017e-09
37937,2.84712990309817e-10
37938,5.637215814314574e-09
37939,8.234601470470848e-11
37940,-1.4766515121849233e-10
37941,5.884538487274458e-09
37942,2.2533591475131075e-08
37943,1.0967261522962677e-09
37944,-1.5926975147621263e-09
37945,-1.6002365906449692e-08
37946,-1.5820480720290795e-08
37947,-2.647316788859685e-09
37948,1.4805137395485534e-09
37949,-3.7242319788549726e-09
37950,9.846026123375238e-09
37951,1.0916203320276517e-10
37952,7.880054307265287e-09
37953,-1.3861542876865712e-08
37954,-6.951359558016814e-09
37955,3.0412155732659302e-09
37956,-4.865811833315463e-09
37957,7.317475101117924e-09
37958,4.115561309671963e-09
37959,2.6368598649248557e-09
37960,6.891712259081729e-09
37961,1.8977087374956266e-08
37962,-1.1653033215856568e-09
37963,-7.327927877688125e-11
37964,-3.6408212587902375e-10
37965,-5.616989363840339e-10
37966,2.31029719622629e-09
37967,1.5297971225179732e-09
37968,-1.331359045437903e-08
37969,-2.6219567585826168e-08
37970,1.0804905837791346e-08
37971,2.511235603940707e-08
37972,-1.0287193514222727e-08
37973,-5.520613816732826e-09
37974,8.412142361646168e-09
37975,5.6135353923808044e-09
37976,1.3150445103792759e-08
37977,-6.944320261198427e-09
37978,1.082355970486039e-08
37979,-5.156097514469729e-09
37980,3.0496506202615e-09
37981,-3.8363461561685645e-09
37982,-8.394482625986656e-10
37983,2.321708453343783e-09
37984,-8.030231017456082e-09
37985,-2.5879144659193066e-09
37986,3.181701324536578e-09
37987,-1.1000986827078978e-09
37988,5.1505259759794935e-09
37989,3.0297358823108454e-09
37990,1.2071417417818377e-08
37991,-2.6978740757085223e-09
37992,2.7159587276341012e-08
37993,-3.897801591371253e-09
37994,9.395208656792975e-09
37995,-1.9931655168205667e-09
37996,1.7860886493347955e-08
37997,-1.3178903883416962e-09
37998,-6.357442924117374e-09
37999,2.1041623767958246e-08
38000,-1.144639967824598e-09
38001,1.7679940782561906e-08
38002,-7.689086640041727e-09
38003,-5.765487136603356e-09
38004,-1.7470650531047628e-09
38005,-2.1977205917804472e-10
38006,-1.0073429869877116e-09
38007,-5.8000822384107575e-09
38008,2.072841369356668e-09
38009,-8.255069112042941e-10
38010,-9.231577849706227e-09
38011,-2.4487766503126963e-09
38012,-2.37656023387271e-09
38013,4.100168735675809e-10
38014,-3.784532640886486e-09
38015,-1.7813806344858108e-09
38016,2.6146689234447218e-08
38017,-2.4659033972001125e-09
38018,-1.803289633477158e-09
38019,-1.6361857621701688e-09
38020,1.839758730762077e-08
38021,-1.4502129140429888e-09
38022,1.6554556679579095e-08
38023,1.0520761649267918e-09
38024,-3.051437628203748e-08
38025,4.447083182185537e-09
38026,-1.3901163254313877e-09
38027,5.677392822294408e-09
38028,-3.658861569728971e-09
38029,-3.217885172760686e-11
38030,-5.66251669051121e-09
38031,-5.9031443496543465e-09
38032,-1.8054841788513477e-08
38033,1.9030121014338244e-09
38034,1.3669211064527499e-08
38035,-2.6394826942994423e-09
38036,-8.343728379709866e-09
38037,-2.31182839508397e-09
38038,-7.60211397233189e-09
38039,-4.0034061928518376e-10
38040,1.2256795813692479e-08
38041,-2.0783199234989456e-10
38042,-5.405130695739426e-09
38043,-4.282568043925615e-09
38044,2.007720030355329e-08
38045,8.456366465281523e-10
38046,-4.413651239067884e-10
38047,-1.37609689348599e-09
38048,-1.4680263139871514e-09
38049,2.3960171902050023e-08
38050,-4.103740548726085e-09
38051,4.363735973306252e-09
38052,3.2656312468143336e-08
38053,1.723952665780434e-09
38054,-1.3344445022298953e-08
38055,5.870591993708084e-09
38056,-5.578719195990318e-10
38057,-2.7226827173364636e-09
38058,-6.319921657433182e-09
38059,-2.677924445996498e-09
38060,3.5768728665950905e-09
38061,-5.627854348675207e-09
38062,-1.2598565081439648e-08
38063,1.0380962097601208e-08
38064,1.998085031144105e-09
38065,-4.489939483705178e-10
38066,1.148678934440642e-08
38067,-8.60218827410342e-10
38068,-7.214157901599454e-09
38069,-7.552428350765835e-10
38070,2.3659991635023752e-09
38071,-2.426354340929763e-09
38072,6.925887520076215e-10
38073,6.150138062504679e-09
38074,1.636908566139269e-08
38075,-1.6598580154407885e-09
38076,-5.519434421318526e-09
38077,1.4618519926741536e-09
38078,-4.161365660056442e-09
38079,-4.37846634580366e-09
38080,-3.952794986639203e-09
38081,8.698814518617233e-09
38082,-4.913005999944196e-09
38083,5.621297222551541e-10
38084,3.7381196600774705e-09
38085,-2.5692735083736614e-08
38086,-6.52552317689052e-09
38087,-3.6724893945872727e-09
38088,1.8422880420771798e-10
38089,1.5207287269137285e-08
38090,6.35418506130013e-09
38091,9.407152658115071e-11
38092,7.236342890072216e-09
38093,1.7688508346435247e-09
38094,-2.0076174939817864e-09
38095,8.55438008295508e-10
38096,-8.975438921417223e-10
38097,6.90305190427309e-09
38098,-1.195944063399547e-09
38099,-7.89318354049027e-09
38100,-7.50955581724501e-09
38101,4.743208875598086e-10
38102,6.861703254460453e-09
38103,-8.336882494896714e-09
38104,3.271767975100838e-09
38105,-1.2538772744510213e-08
38106,4.620495269172272e-09
38107,-6.5487435911698e-10
38108,1.0174646414415283e-08
38109,-2.6592087732635783e-09
38110,1.7250392623640558e-09
38111,-1.4567717523852045e-08
38112,9.157262957536242e-09
38113,2.271718163649548e-10
38114,-4.439355991932321e-09
38115,-5.708043590197468e-09
38116,-1.5273042125539324e-09
38117,4.4884487609030116e-09
38118,1.0096167732788902e-08
38119,1.1387882647708864e-08
38120,1.5825271001325717e-08
38121,-3.053774544303532e-09
38122,-1.1837256990098611e-08
38123,-3.7066734529514605e-09
38124,7.463702840181702e-11
38125,2.525074799195653e-09
38126,1.4711446771661252e-09
38127,2.5913600338340966e-08
38128,-1.0614321905836108e-08
38129,-1.1545221157355318e-08
38130,-1.4052946699445236e-09
38131,-9.575336729337199e-09
38132,-2.6434345990372268e-09
38133,-1.327505948273704e-08
38134,7.291904155321608e-09
38135,-3.85853206897512e-09
38136,-3.0626386716385635e-09
38137,-3.1200354238908096e-09
38138,-4.315415347103991e-09
38139,-3.136917341014933e-09
38140,-1.355568080177074e-09
38141,-1.8312832599478942e-09
38142,-1.482327906113662e-09
38143,4.210302713796057e-09
38144,-1.1054715523584201e-09
38145,-9.926118331388267e-09
38146,7.653815851750998e-09
38147,5.1309332578398185e-09
38148,-9.232147348518368e-09
38149,-1.774088369096651e-09
38150,-1.1698047679627435e-08
38151,-6.0371513080376156e-09
38152,-5.518200740137081e-09
38153,7.072838546087597e-10
38154,9.679242199836276e-09
38155,6.22156807210682e-09
38156,2.3555600785738054e-09
38157,4.539409484045859e-09
38158,1.9803185421635126e-09
38159,7.587547087939167e-10
38160,1.741356468505571e-09
38161,1.185005954176472e-08
38162,3.449932185681925e-09
38163,-2.748927138411917e-09
38164,1.8586153425703103e-08
38165,-3.238745598578353e-09
38166,2.1608093731066583e-09
38167,-3.372797288141863e-11
38168,-1.5696024224296938e-11
38169,-2.1394630491649463e-08
38170,-2.609066811476914e-08
38171,-3.1485434137256716e-09
38172,2.424759714693006e-08
38173,5.567312663276794e-09
38174,1.699641895129893e-08
38175,-8.632326227703353e-09
38176,-3.4489873016931395e-09
38177,-1.2118962928059749e-08
38178,-5.1185325442749904e-09
38179,3.214269807049022e-09
38180,-9.820374016284082e-09
38181,1.4513567956060996e-08
38182,2.3269003858704288e-10
38183,-1.0286368923898418e-08
38184,3.704748920871785e-09
38185,-5.473209797583468e-11
38186,-1.014589207485829e-09
38187,-1.9413720835715554e-09
38188,-6.007226560960209e-09
38189,1.7311852458295496e-08
38190,-2.2150793734192462e-09
38191,2.157069933081574e-08
38192,-8.74441307322973e-10
38193,-4.27570644321554e-09
38194,-1.1095999042684436e-08
38195,1.7876073043781129e-09
38196,4.377066823710009e-09
38197,-2.8491062837712726e-09
38198,1.8128158540161028e-09
38199,-5.116860326110719e-10
38200,-1.8160885309896963e-09
38201,-1.8438040836303263e-10
38202,-5.942000644024415e-09
38203,-1.1002634753117046e-08
38204,-1.690780826138829e-10
38205,5.894484722701979e-09
38206,-5.516727883546097e-09
38207,1.3595856620998629e-09
38208,1.8789246151472716e-09
38209,-8.780709486141318e-09
38210,1.0449647603811022e-08
38211,7.180792979555489e-10
38212,-2.260772943148474e-09
38213,-1.6644983834279932e-09
38214,-3.742761574751367e-09
38215,-2.183311531738246e-08
38216,4.4529925731075095e-10
38217,1.4430476288095513e-09
38218,-2.4131933665502978e-09
38219,-9.618351235225802e-09
38220,1.1648854279666e-10
38221,-2.4361402012371684e-09
38222,-6.870410717881079e-09
38223,1.480498069563313e-09
38224,-3.796470047357439e-09
38225,-3.584287984171478e-09
38226,1.8736104706859122e-08
38227,-5.911599257343747e-09
38228,2.8662055163081106e-09
38229,2.4544393929030938e-09
38230,2.412195837280781e-10
38231,-6.3999604406945945e-09
38232,6.852512534244588e-09
38233,-5.983316896563659e-09
38234,1.2913160075345939e-08
38235,-7.845990533606153e-09
38236,1.7335092038928566e-09
38237,-5.840263608589436e-09
38238,1.0176232004347578e-08
38239,1.7159168327092584e-08
38240,-9.946986242686869e-09
38241,-7.283737778684616e-09
38242,-1.4114769015761392e-08
38243,-1.3526323872558645e-09
38244,4.909932139487257e-09
38245,3.1958585367323304e-09
38246,8.47083642845876e-09
38247,5.27725019756776e-09
38248,-3.1241225006523243e-09
38249,-4.458499133197963e-09
38250,-7.81590381223159e-10
38251,2.4041106225065347e-08
38252,1.5842387258283024e-10
38253,2.080844338442206e-09
38254,2.7581588209485673e-09
38255,-1.1939037941376124e-08
38256,-4.608195096378511e-09
38257,-8.236865277263334e-09
38258,-3.3227988662529184e-09
38259,-5.205219187519671e-09
38260,1.9815586538790287e-09
38261,-1.9430750376574123e-08
38262,1.917920469969367e-08
38263,-8.209571378744024e-09
38264,-9.412679350007029e-09
38265,1.7103371491259518e-09
38266,-5.696581003429958e-10
38267,1.0442633482843529e-09
38268,-1.1151127231499411e-08
38269,-3.2529855962459977e-09
38270,-1.6309407953337455e-09
38271,-2.6936752497941378e-09
38272,1.2224324156085112e-08
38273,4.195372862512552e-09
38274,1.2120508252147908e-08
38275,-9.140678796208258e-10
38276,-3.44918177693198e-09
38277,1.1043564381083123e-09
38278,1.8455258053407206e-08
38279,-1.0492834129712243e-09
38280,-2.439944357404619e-09
38281,-4.552693901443673e-09
38282,-2.0547684691674803e-09
38283,-3.8535745700504976e-09
38284,-3.2172174299154097e-09
38285,1.92318367626916e-09
38286,4.887979063796978e-10
38287,-1.2389128158151393e-08
38288,-7.194288507552043e-09
38289,7.079525721160823e-09
38290,-6.239684549810413e-09
38291,-4.031757374734684e-09
38292,1.3011592228546693e-09
38293,-2.172448007130593e-10
38294,7.520430298812387e-10
38295,-5.635013173509531e-09
38296,1.2987289141969573e-09
38297,-4.044767463144393e-09
38298,-7.710704237670985e-10
38299,1.2690714882806476e-08
38300,-1.4569224949959416e-08
38301,-4.803871128624507e-09
38302,2.2601482196548074e-09
38303,3.354410654806525e-09
38304,-2.460202793921894e-08
38305,1.8269742600013689e-09
38306,4.406079884382583e-10
38307,-1.896147568403344e-09
38308,-1.973039447414129e-09
38309,2.1625418006359443e-09
38310,3.4019607471410102e-09
38311,1.5877891995057963e-09
38312,-2.8309914569902887e-09
38313,7.037926466176933e-10
38314,-8.529575661647503e-10
38315,-1.0125757996908796e-08
38316,-1.4302155119457001e-09
38317,-5.471896573747871e-09
38318,-2.1655667677420065e-09
38319,2.260620700952032e-09
38320,-4.23872666970813e-09
38321,-3.6434140875217956e-09
38322,1.8183785693609464e-09
38323,6.500262207862383e-09
38324,2.0801098959059593e-08
38325,9.356874503909153e-10
38326,8.948685079696103e-09
38327,-6.410385779347793e-09
38328,-1.1909249102564794e-09
38329,-4.398733905243796e-09
38330,-3.690966861341471e-09
38331,4.951475355665945e-10
38332,-2.1414595279581803e-09
38333,-4.286085616105225e-09
38334,4.948658381567505e-10
38335,9.899055211556073e-09
38336,-3.529046589927167e-10
38337,-1.0733307923093088e-09
38338,2.7258233097555124e-08
38339,3.937325031547528e-09
38340,-6.464775354166781e-09
38341,-4.455705858670261e-09
38342,-3.1358973414111834e-09
38343,3.796067814514952e-09
38344,1.3850951282472639e-08
38345,-7.479863049735324e-09
38346,-7.607542914613296e-09
38347,1.9613477181574335e-09
38348,-6.5975055654250566e-09
38349,1.0911342755077054e-08
38350,1.3912699154354536e-08
38351,-6.816291323674001e-09
38352,-3.0754910404673254e-09
38353,-1.3493581523896645e-08
38354,-6.290704821934371e-09
38355,-1.102651979604037e-09
38356,-1.7240512711135708e-08
38357,1.0414743353974635e-08
38358,3.092415708592349e-09
38359,-1.1122866658038326e-09
38360,-4.9466802143529826e-09
38361,2.0716446862649947e-11
38362,-1.0999976675711886e-08
38363,2.5270558127225263e-09
38364,3.830536337466156e-09
38365,5.717522335345726e-10
38366,1.4734271952641556e-08
38367,9.637185822204901e-09
38368,2.379365598949004e-08
38369,1.596309405671242e-08
38370,-2.784603134165067e-09
38371,-2.0031918935310778e-08
38372,5.514246179823159e-10
38373,-1.4578389277641564e-09
38374,-3.009967134005315e-09
38375,2.2918127880696655e-08
38376,-1.7630782877943976e-08
38377,-1.1213814998910264e-09
38378,-8.973264329247366e-09
38379,-1.194443752296758e-10
38380,-5.359000411564418e-09
38381,-2.7189998955270686e-09
38382,2.7546269533974292e-08
38383,6.1205528939858275e-09
38384,-2.4268060656340825e-08
38385,1.4712554414785616e-08
38386,-1.101078626139182e-09
38387,3.885394193368498e-09
38388,3.0348523389481255e-09
38389,-2.2677689947611912e-08
38390,-9.96412815741072e-10
38391,-4.655754252527431e-10
38392,-3.3593968682958865e-09
38393,-7.981481120998929e-10
38394,4.3483116093190535e-09
38395,4.049635698109688e-09
38396,5.4291494066446805e-09
38397,1.0320578239214647e-08
38398,-7.440209413973874e-10
38399,4.379263247371062e-09
38400,4.631426242763428e-10
38401,5.372871639962734e-10
38402,-3.792763759489677e-09
38403,-4.784031719368952e-09
38404,-3.2182951729595295e-09
38405,7.971371642842816e-09
38406,-4.131246593834618e-09
38407,-5.129050750676514e-09
38408,4.559865261620444e-09
38409,2.0736665135220353e-09
38410,-9.263526824862939e-09
38411,1.1643659399790706e-08
38412,1.739435694665828e-09
38413,4.712606799203696e-09
38414,6.6611500667008145e-09
38415,9.721115232321115e-09
38416,-5.608058581308327e-09
38417,8.854094333223233e-09
38418,-1.0262509769907553e-08
38419,1.4185521384896408e-09
38420,2.98718268668872e-08
38421,-1.0642666723623361e-08
38422,-1.8351778081267315e-09
38423,-1.0263845407973739e-09
38424,1.7245903729058312e-09
38425,-1.0572267731518335e-08
38426,5.553726305841401e-09
38427,-4.3550086723585516e-10
38428,-6.230839031645633e-09
38429,-1.5489351757281327e-10
38430,2.6927603560920332e-08
38431,-1.4338292809905276e-09
38432,-2.2458939444025226e-09
38433,5.5962769144796096e-09
38434,-5.7774771716421866e-09
38435,8.957654745229747e-09
38436,-1.918932086747862e-09
38437,3.3702267382744787e-09
38438,4.64138118359446e-11
38439,-7.0491637296187785e-09
38440,2.4219918853101814e-09
38441,-5.287862531120149e-09
38442,-2.237685547538619e-09
38443,-1.1055103104799133e-08
38444,-9.931130337036114e-09
38445,-3.741760096602095e-09
38446,-1.0836023762511818e-08
38447,-3.629394655082355e-08
38448,8.144926351981051e-09
38449,9.967644161025895e-10
38450,5.88354719833471e-10
38451,-2.7730625304008648e-09
38452,9.26107516513628e-09
38453,5.94437899909961e-09
38454,4.62686018582099e-09
38455,1.1357772892410506e-08
38456,-8.104200219625598e-09
38457,1.0946701628822804e-09
38458,2.6476839301252447e-09
38459,-3.896544049926461e-09
38460,6.903072863176543e-10
38461,3.356987535564332e-09
38462,2.7108388970675126e-10
38463,2.733634423507667e-09
38464,6.020913459114903e-09
38465,1.8471224682450782e-08
38466,-4.861707037830472e-09
38467,-9.61651844806969e-09
38468,-2.682158735390095e-09
38469,-1.4845872383155363e-09
38470,-8.803912710082357e-09
38471,-8.858214869480228e-09
38472,7.44626064906919e-09
38473,-1.5844993345863029e-09
38474,-3.3134553048111343e-09
38475,-4.576098494712677e-09
38476,-2.261581392769067e-09
38477,-4.432563156818989e-09
38478,6.0577221962312315e-09
38479,3.827353627325575e-09
38480,-5.132446738412629e-09
38481,-1.8457969543216885e-09
38482,-5.79290431043013e-09
38483,-8.680960503874007e-09
38484,3.866508111611959e-09
38485,-7.25260433638547e-09
38486,-1.2591700409541757e-08
38487,1.7822443292344893e-08
38488,1.928870518400019e-09
38489,-2.2699185672837895e-10
38490,-1.914632637367557e-09
38491,4.7788786828774535e-09
38492,-6.138206937649268e-09
38493,-5.09369376304705e-10
38494,-3.6354318805144036e-09
38495,-4.380985425809287e-09
38496,-1.1982817148960326e-08
38497,-5.133796296319472e-09
38498,-2.493128714539884e-09
38499,-9.301965029782602e-11
38500,-7.066293919743599e-09
38501,2.6132174191263495e-09
38502,2.284180884243591e-08
38503,1.8837096777225246e-09
38504,1.5221957248220952e-09
38505,-4.640180336085212e-09
38506,-4.293238908619766e-09
38507,6.318391909602794e-10
38508,-4.237640659329504e-09
38509,-4.780489180085558e-09
38510,5.8667386844772775e-09
38511,-2.800814794115185e-09
38512,-2.025635064794785e-09
38513,2.0623509570405237e-09
38514,3.8646659703364575e-09
38515,-5.074367448688718e-09
38516,-8.337570807917823e-09
38517,1.5192618107791818e-09
38518,5.060400465559707e-10
38519,-1.4011397969044393e-08
38520,-1.618934262678491e-10
38521,2.104727764675519e-09
38522,-8.830257925435815e-10
38523,4.388892529026699e-10
38524,-1.0509502947970458e-08
38525,2.1134474528783052e-09
38526,1.8631526128305214e-08
38527,-1.3000393677230272e-09
38528,5.377446814237152e-09
38529,-3.2511074999133164e-09
38530,-1.1921002341711852e-08
38531,-2.8014713760743073e-09
38532,-1.2085476183589947e-09
38533,-1.0362138608581195e-08
38534,4.907605518697663e-09
38535,1.4323980585192526e-09
38536,5.734739396080373e-09
38537,8.925857758375326e-09
38538,8.798232738675448e-10
38539,-1.4514294058557563e-08
38540,-2.438443819789226e-09
38541,1.1234860503104494e-09
38542,-1.1032473550842916e-08
38543,5.929717853492177e-09
38544,3.698127169007864e-10
38545,1.4400492301079924e-08
38546,-6.377064083100227e-09
38547,2.571381599519583e-09
38548,-6.502113924666341e-10
38549,-1.9294650673122236e-08
38550,-5.372208223299525e-09
38551,-4.052881183407947e-09
38552,2.7309265204383214e-09
38553,-1.6908500027243632e-08
38554,-2.1237467227861864e-09
38555,1.1859942833838443e-08
38556,-1.2234944007593432e-09
38557,1.4950256386784917e-09
38558,1.9257178800687696e-09
38559,2.189665765553249e-09
38560,-3.5071019609119067e-10
38561,1.9692182439053414e-08
38562,-8.897687240889597e-10
38563,-1.1255446840932234e-09
38564,-6.6260682382920545e-09
38565,-1.1279798585666088e-09
38566,2.6732895142571583e-09
38567,-1.8593169490821401e-09
38568,-2.3247210065928294e-09
38569,2.551714862002893e-08
38570,-6.837035344704708e-09
38571,2.5523291222322046e-09
38572,-1.5223956243668526e-08
38573,2.3133064608942306e-08
38574,-1.2295321762451845e-08
38575,8.242172281019427e-10
38576,3.175857592135411e-08
38577,1.867739983961261e-09
38578,8.534724418029411e-10
38579,-2.6411193777889075e-08
38580,2.060251240812145e-09
38581,1.889979536634505e-09
38582,1.1441940006299431e-09
38583,5.1995319441194605e-09
38584,-1.1590188638721399e-09
38585,-4.645338783480888e-09
38586,-1.4625456727604953e-09
38587,5.267415245845589e-09
38588,-1.0802945258517195e-09
38589,1.2095485137581218e-08
38590,-2.5811005947904296e-09
38591,-3.582848570715348e-09
38592,-8.59650617289592e-09
38593,-1.7303016119920243e-09
38594,6.7787056050880156e-09
38595,-3.0639233463874712e-09
38596,-2.1623345911610827e-09
38597,2.6376690087862756e-08
38598,1.698011592856767e-09
38599,-2.7722402402032806e-10
38600,1.369911202074399e-08
38601,-1.0987602317248813e-08
38602,5.846853228616902e-09
38603,2.003724837601821e-09
38604,-5.008779363932725e-10
38605,-5.315309398582929e-09
38606,-1.4355331011242132e-08
38607,4.858324335949215e-09
38608,-4.881353480673156e-09
38609,3.8856667634266845e-09
38610,8.643144841109093e-09
38611,1.1458403833034466e-09
38612,-7.151510907063176e-10
38613,3.421272727392186e-08
38614,-4.277488980575444e-09
38615,1.3819332982649268e-08
38616,-9.334598364288813e-10
38617,-1.8431800945621917e-09
38618,1.28450278046754e-08
38619,8.509670173278725e-09
38620,6.215581372979782e-09
38621,-5.306764473175096e-09
38622,9.059079677067932e-10
38623,-1.0829715829383102e-08
38624,-6.1996833327627605e-09
38625,1.0926091266897023e-09
38626,4.763263074691293e-10
38627,-2.1976801206191707e-09
38628,1.4845900202531766e-09
38629,-4.061480518895482e-10
38630,-3.0662624020682634e-09
38631,-6.202486341380764e-09
38632,1.1448301871834784e-09
38633,8.933337361057031e-09
38634,3.164386637836296e-11
38635,-1.0980983425614581e-08
38636,-3.6710446732433654e-09
38637,1.313308555736151e-08
38638,-7.044423785810123e-09
38639,-1.3892738176931626e-09
38640,-9.509734100983735e-11
38641,3.2327217266520353e-09
38642,-7.777496280733903e-09
38643,9.445221308372304e-09
38644,-8.582693211845313e-10
38645,-2.175430294022732e-10
38646,-1.0042421785208332e-09
38647,3.4449204529553946e-09
38648,2.0419425703606187e-08
38649,2.6803680020534845e-08
38650,2.1122300239637957e-09
38651,-1.4425522874796462e-08
38652,-3.4233937018403743e-09
38653,1.0317813874659546e-09
38654,-7.697317154337497e-09
38655,-5.570034612217476e-10
38656,-5.961229580158971e-09
38657,1.894349710761922e-08
38658,7.675100615330764e-09
38659,-3.3669011881833813e-09
38660,-4.483911591783634e-09
38661,-2.195122005290261e-09
38662,-1.6706309308438903e-09
38663,2.0304418153468032e-08
38664,-8.185165105018901e-10
38665,1.1341621557489747e-09
38666,-1.6271997514564814e-08
38667,2.3682116663275797e-08
38668,8.487932903540616e-09
38669,-3.1189215100206482e-09
38670,-6.953838669748204e-09
38671,1.1956051545139452e-09
38672,4.539776490972402e-09
38673,-8.11443895053628e-09
38674,-7.481802738672737e-09
38675,-2.405279499515214e-08
38676,3.0712659794886235e-09
38677,1.92198962175245e-09
38678,8.040386321550689e-10
38679,5.921534568953823e-10
38680,-2.644081443964908e-09
38681,4.372559540271171e-09
38682,6.685703932222074e-10
38683,1.0691332196841442e-08
38684,-2.0521640956046287e-10
38685,-1.3930030114192792e-09
38686,-3.9140405666457956e-09
38687,-3.2626381118075595e-09
38688,-7.545769216616988e-09
38689,-5.561568618768616e-10
38690,9.359003846761083e-10
38691,-2.071386073090088e-09
38692,-5.133991280319912e-09
38693,8.38897856945897e-10
38694,-1.5529100759734722e-08
38695,2.3746185227221223e-08
38696,-7.698747264669368e-10
38697,-8.794036087550033e-11
38698,1.0870244289904285e-08
38699,-1.990999616075955e-09
38700,-3.075677207530809e-09
38701,-1.0128369623407016e-08
38702,-4.333105620625287e-09
38703,6.569001373648074e-10
38704,3.1609147382473317e-09
38705,8.579006567224014e-09
38706,-6.0798488855942976e-09
38707,-3.809284876438547e-09
38708,4.4461521107659975e-09
38709,1.7534682040924682e-09
38710,1.7763194465929756e-08
38711,-1.3673770947794908e-08
38712,-2.7199368459274907e-09
38713,6.149902436659736e-09
38714,-3.1139507862896863e-09
38715,-9.341217664838212e-09
38716,-6.082378906895188e-09
38717,2.4499550234367415e-08
38718,-8.485532297313293e-09
38719,-2.0716399528098817e-09
38720,-6.271821686209343e-09
38721,5.0860376869934224e-09
38722,-9.64256954323572e-09
38723,-6.28323859193585e-10
38724,-9.806695019982603e-09
38725,-5.772391980926713e-10
38726,8.854226246019453e-09
38727,-4.400149946706706e-09
38728,-4.983659081055111e-10
38729,2.826107779545236e-09
38730,-3.726175913921015e-09
38731,6.879772101904072e-10
38732,2.0574903619147887e-09
38733,-9.337404599892148e-09
38734,1.2002475730961379e-08
38735,-9.202850002190503e-09
38736,-3.799540499472988e-09
38737,-7.623175897502656e-10
38738,-2.1752688551835092e-09
38739,-1.101162211311008e-09
38740,7.078917156686656e-09
38741,-2.6510247208332692e-09
38742,-2.3254751601022057e-09
38743,3.090646811568322e-09
38744,-3.4351545193101884e-09
38745,-2.0683495359337454e-09
38746,1.2438144153592678e-08
38747,-1.962116179274292e-09
38748,-1.8900049636295424e-09
38749,-5.258452890850812e-09
38750,-1.375265393243727e-09
38751,1.6409793033323017e-09
38752,-2.542535489926347e-09
38753,3.5354795517303044e-10
38754,-3.732727608841548e-09
38755,-6.422216039610117e-09
38756,1.2423278974534784e-08
38757,-2.3796214823698676e-09
38758,2.1966892569013556e-09
38759,-3.803796297003927e-10
38760,1.121804685007136e-08
38761,3.518831749703914e-09
38762,2.613957347776223e-09
38763,5.3355358975277556e-09
38764,-9.952469069547358e-09
38765,-4.918693175125146e-09
38766,-8.674908580237046e-11
38767,-9.85610410784255e-10
38768,-5.873994338068806e-09
38769,4.363743714445614e-11
38770,-3.75587712716091e-08
38771,-1.0844852844373053e-08
38772,-2.173382294633345e-09
38773,-2.7593615485501186e-09
38774,2.009100232708119e-09
38775,-6.956194927622863e-09
38776,-1.019012747436108e-08
38777,2.636619380565691e-09
38778,-3.2042206809626394e-09
38779,-7.461619003527126e-09
38780,1.998143245029035e-08
38781,-3.2237671567662603e-09
38782,-2.6347172378842977e-09
38783,-4.469569336635744e-09
38784,-2.1484977796362566e-10
38785,-3.226565779121147e-09
38786,1.3825607494500596e-09
38787,-1.0349038778615546e-09
38788,-3.093595853405297e-09
38789,-1.7323858127968066e-09
38790,-6.7983901373852245e-09
38791,-1.3196119331253374e-09
38792,2.5663541805333416e-11
38793,3.3739864666482625e-09
38794,-1.8331190170495445e-09
38795,-6.9984804101343e-09
38796,1.650318961824528e-08
38797,4.349223703293818e-09
38798,-8.927300779881632e-10
38799,1.6969992107347703e-09
38800,-3.5204027943248375e-09
38801,4.294326840348906e-09
38802,1.026586028721141e-08
38803,-9.008881700623054e-09
38804,1.0085826801218236e-08
38805,2.4343344818241325e-09
38806,-6.550715495754829e-09
38807,-2.489662662743884e-09
38808,-8.864555816763891e-09
38809,-1.5940738991210568e-10
38810,3.5996431560800012e-09
38811,5.09373442410499e-09
38812,2.43891678634631e-10
38813,-6.098508365317364e-09
38814,-1.4768777141501861e-08
38815,-1.3173215342525473e-09
38816,3.35447086256688e-10
38817,4.605596240176133e-09
38818,-3.517528324128979e-09
38819,2.2991053185633713e-08
38820,4.1614224272089604e-09
38821,1.2034430535333576e-08
38822,-8.061898570879749e-09
38823,3.3832075886675673e-09
38824,-7.295962284666388e-10
38825,3.314890289601375e-10
38826,-1.8000993740636763e-08
38827,-7.719915001421852e-09
38828,-8.142035033139725e-09
38829,-5.720370713363897e-09
38830,2.0277228151868035e-08
38831,2.0935381213262777e-08
38832,9.859431052808858e-10
38833,5.011969973510839e-09
38834,-3.4276011568279264e-09
38835,-6.651242054985029e-09
38836,3.3862697090973548e-09
38837,-5.655947059583564e-10
38838,2.9745964457769317e-09
38839,-9.44841309863728e-09
38840,3.519275137047011e-09
38841,7.423669582568457e-09
38842,-1.628536388926543e-09
38843,-1.2244506845275036e-08
38844,-5.427023066967284e-09
38845,1.1791077877366378e-09
38846,1.5173531843374748e-08
38847,-8.917228607525702e-09
38848,8.685433843866473e-10
38849,-2.386377897716479e-09
38850,1.427870033031326e-08
38851,-2.7210940626780726e-09
38852,-3.1065546631957696e-09
38853,1.4495908042263933e-09
38854,-5.316772040360258e-09
38855,7.798073924369992e-10
38856,2.971306697769021e-08
38857,6.186321891358249e-09
38858,-3.2591846712276008e-09
38859,-1.0951897664722851e-08
38860,3.566221315596437e-08
38861,-2.7409016355482994e-09
38862,1.2495354515586932e-08
38863,-3.9524490396018265e-09
38864,-4.871282309510687e-09
38865,-1.6293996901597797e-09
38866,-2.3307860385877588e-09
38867,5.072476445441842e-10
38868,-2.3264304731840278e-08
38869,-4.2159325194165583e-10
38870,-4.100408464591096e-09
38871,-9.747514437359819e-10
38872,-6.5975026124252496e-09
38873,-1.163716430297693e-08
38874,-8.167874948735887e-10
38875,2.114357722773303e-09
38876,1.7317785846862787e-08
38877,-1.8536804101909552e-09
38878,-5.995905728698968e-11
38879,-3.2626030629448662e-09
38880,-4.46822374387836e-09
38881,-1.5288641773475292e-09
38882,1.5709474156354325e-08
38883,-2.3512908610970013e-09
38884,-3.380956939836245e-09
38885,-6.763137904131532e-09
38886,-3.582168875428588e-10
38887,1.3696771817508122e-09
38888,-1.8485057767531154e-09
38889,-5.769191896030349e-09
38890,-6.433876034294948e-09
38891,-8.741859805759787e-09
38892,1.4282421022482528e-09
38893,-1.7069524021040977e-08
38894,-2.6792057923016515e-09
38895,3.608911691223298e-09
38896,-3.218593357422998e-09
38897,-3.901869738915384e-10
38898,-1.3596480113260205e-08
38899,-3.255433427891316e-09
38900,6.903025168021915e-09
38901,-1.665554803537966e-08
38902,-3.138592606433872e-09
38903,-2.0817488697019882e-09
38904,1.0162930659782597e-09
38905,2.3711704551121085e-09
38906,-1.1522964859616043e-09
38907,6.569349959397555e-09
38908,2.497427700699428e-09
38909,-8.750356552224576e-09
38910,1.7435369741745603e-08
38911,-7.635047072092875e-09
38912,7.741384427234703e-10
38913,4.9820818565812e-10
38914,4.062697539048139e-09
38915,1.2126098083923114e-09
38916,-4.434002167469117e-09
38917,1.214925867624341e-08
38918,-4.2728405045503355e-09
38919,-3.413985575229924e-09
38920,-5.426560312995841e-09
38921,-7.163129886758317e-09
38922,-9.803458708611335e-09
38923,-1.3124972056101737e-09
38924,-7.719837635200764e-09
38925,4.419877839634506e-08
38926,5.530640402189464e-10
38927,7.558359439159125e-09
38928,-7.342425098496456e-09
38929,4.584178322077626e-09
38930,2.637551746721546e-09
38931,2.967880789027304e-09
38932,-9.916930175760339e-09
38933,2.776346764846796e-09
38934,-3.348320058475071e-09
38935,2.409485082031725e-08
38936,-5.080108912265861e-09
38937,-4.460854628860949e-10
38938,-5.7131192477367945e-09
38939,4.721571978154551e-09
38940,-1.561753965916911e-08
38941,-1.148549982191942e-08
38942,2.595007072180278e-09
38943,3.622219033742212e-09
38944,-4.7825404197485455e-09
38945,-2.107255545093261e-09
38946,2.938247494859179e-09
38947,-4.708230247015545e-09
38948,-2.7698598640483195e-10
38949,6.840052641199507e-09
38950,-1.1866602050527763e-09
38951,6.514556528534588e-09
38952,5.396196692274077e-09
38953,1.587575087716503e-08
38954,6.5782242876377045e-09
38955,-7.217135896317335e-09
38956,-4.553093439723885e-09
38957,1.1036443693506623e-09
38958,-8.971378508687821e-11
38959,8.729783779251498e-09
38960,-3.785443712387327e-09
38961,-5.963844845770793e-09
38962,2.1663095184424567e-08
38963,-1.6377701403859642e-09
38964,1.494578412250237e-08
38965,1.6346828732149005e-09
38966,-2.5433597593213756e-10
38967,-8.299859327416522e-09
38968,4.180097631140055e-09
38969,-3.2598114237444897e-09
38970,1.4850434548362326e-09
38971,1.2712574182551445e-08
38972,-3.043697736688829e-09
38973,1.2584172709945674e-09
38974,1.0657372366379322e-08
38975,8.994665116477189e-11
38976,-5.151902665072663e-09
38977,4.629456940839546e-09
38978,-3.7225736321747377e-10
38979,-4.413138307050993e-09
38980,6.256640170720464e-09
38981,-1.0756306704415031e-08
38982,-8.033884758884184e-09
38983,-1.0616132617477157e-09
38984,-3.4342833268811304e-09
38985,-6.130675761898443e-09
38986,8.022358856746592e-10
38987,1.1623909466473152e-08
38988,2.0303819622353074e-09
38989,-1.104506271724481e-09
38990,3.329110580349807e-09
38991,-2.2208523166547387e-09
38992,1.905903579680685e-08
38993,1.5955800177153715e-08
38994,5.200215617016643e-09
38995,5.185245610003158e-09
38996,-1.0479094065519173e-09
38997,1.74296658506127e-09
38998,-1.8890342121397326e-09
38999,-5.721508628867123e-10
39000,-4.814391371382337e-09
39001,4.186290018254415e-09
39002,3.0195354310290753e-10
39003,1.1067976632252337e-09
39004,7.471532671508645e-09
39005,-1.4638953152992663e-09
39006,-1.0444509635049386e-09
39007,-4.731231979348738e-09
39008,-6.044817079667141e-09
39009,5.296809707588644e-09
39010,3.366996925751966e-08
39011,-4.642884101609685e-09
39012,4.2498287653528535e-09
39013,1.686137555924927e-09
39014,-8.449438626620832e-09
39015,-4.94725871255585e-09
39016,6.621589138588311e-10
39017,-7.69070657543787e-09
39018,-5.121744905102848e-09
39019,-1.0050246156350483e-08
39020,1.040277415179225e-08
39021,3.219692115734042e-09
39022,-5.967713260936914e-10
39023,-9.620129955919088e-09
39024,7.751492881068391e-09
39025,2.057657682670308e-09
39026,-3.727348684766563e-09
39027,-5.7097188288128945e-09
39028,-6.868691476328413e-09
39029,-2.434697150755244e-09
39030,-9.596766753150296e-10
39031,2.2175854817154088e-08
39032,5.83083097708626e-09
39033,4.303848002800915e-09
39034,3.88746269689892e-09
39035,-1.7590222793438791e-09
39036,-2.3999971347837586e-09
39037,-1.2041952052013834e-09
39038,-3.3476370616545436e-09
39039,2.899113969194386e-09
39040,-2.1600510963189273e-09
39041,8.907421292453726e-10
39042,-1.2000178872132043e-08
39043,-1.659397435251535e-09
39044,9.593939190185825e-10
39045,-3.426685117139095e-09
39046,-1.6643344277355152e-09
39047,4.175142424306037e-09
39048,-9.410960615244122e-10
39049,-3.842337541961515e-09
39050,3.401255122878471e-09
39051,-8.228831209866057e-09
39052,-3.7245930762069318e-09
39053,-1.3830240439211772e-09
39054,-6.914790816178712e-09
39055,4.520281539685942e-09
39056,-6.233065088616519e-09
39057,-4.114694592861908e-09
39058,9.386333268342436e-09
39059,5.866396664888663e-09
39060,-1.4718706853872146e-08
39061,-2.1908080623915366e-09
39062,-9.429025168779318e-09
39063,-7.2808898475782216e-09
39064,-1.425866657296345e-09
39065,-2.5624503929086984e-08
39066,-2.6495700772569104e-08
39067,-8.063311642309163e-09
39068,-4.427410963840347e-09
39069,9.091676385389376e-10
39070,8.782284695844991e-09
39071,2.703303341899455e-08
39072,-2.260007284397029e-09
39073,-2.7410874189979954e-11
39074,-3.1586561022823935e-09
39075,-4.393579708458348e-09
39076,-2.2903125363484135e-09
39077,2.4896752847846693e-08
39078,-8.494391124665084e-09
39079,-4.802834158139541e-09
39080,1.452194271140952e-09
39081,-3.6954984519864753e-09
39082,-9.264164994054997e-09
39083,-2.5133389870887386e-08
39084,-3.706584524543069e-10
39085,-4.787479775293449e-09
39086,-5.9867917313338984e-09
39087,6.288382949261204e-10
39088,-2.777912583684867e-10
39089,-5.72592918468998e-09
39090,5.541383286249231e-09
39091,4.138515870886013e-09
39092,-2.036498251364964e-09
39093,-1.108242482938338e-08
39094,5.668162604281373e-10
39095,6.543761990504347e-10
39096,-4.301236312033995e-09
39097,-2.725976755888874e-09
39098,-6.8852388050765416e-09
39099,-6.055285854520377e-09
39100,7.716219554419473e-10
39101,-1.1642104610903248e-08
39102,-5.423445592034417e-10
39103,-4.119050475032481e-09
39104,1.1518628259966776e-09
39105,-9.56312713615779e-09
39106,-4.561518210623211e-09
39107,3.78947613329276e-09
39108,8.678406837151518e-10
39109,-4.1784414242188155e-09
39110,-3.695293205368156e-09
39111,9.582883848305154e-09
39112,6.394326121181377e-09
39113,-4.8884784238924155e-09
39114,-3.239592023383403e-09
39115,6.587819119804847e-11
39116,5.624514195152341e-10
39117,-1.6996099891521786e-09
39118,6.141008006837949e-09
39119,-9.769679104332816e-09
39120,1.4122858524275306e-08
39121,1.760856161499005e-08
39122,-3.974183228383759e-09
39123,6.803217894446031e-09
39124,5.5169372882161344e-09
39125,-5.4792398271152155e-09
39126,-1.639409521000341e-10
39127,6.683966512635359e-09
39128,-5.382343759644439e-09
39129,-1.059965907204734e-08
39130,-5.210084108508912e-09
39131,-1.6160985837997362e-08
39132,-1.5385079513446583e-09
39133,1.3849567177804722e-09
39134,2.3110381470214497e-10
39135,4.365780387664534e-09
39136,6.657410289042393e-09
39137,6.366757858688607e-09
39138,2.697310063539829e-09
39139,-7.567329448147618e-09
39140,2.4436958197187397e-09
39141,-5.9741167906347466e-09
39142,5.544313742343012e-09
39143,3.6346885141937186e-10
39144,-8.855257012735077e-10
39145,-8.873006183757904e-10
39146,6.057995331464906e-09
39147,8.559963702668392e-09
39148,2.555081717048757e-08
39149,1.8149862244607727e-09
39150,-2.0478251273931155e-09
39151,3.4722345709749283e-09
39152,-1.2335630623895994e-08
39153,-7.719853871629679e-10
39154,-1.5961079899742841e-09
39155,-1.239591634172453e-08
39156,-2.168784295820081e-08
39157,3.579925277059396e-09
39158,3.4445082447753496e-08
39159,2.297926910982141e-09
39160,1.5078903564776348e-10
39161,7.027288257654499e-10
39162,-4.6327598344414014e-10
39163,-1.8370387977821618e-09
39164,-1.0165043180739532e-08
39165,-6.475286849954726e-10
39166,-8.512726807999317e-11
39167,-7.331552357804515e-10
39168,1.0373524497428449e-08
39169,-1.107438969974965e-08
39170,-6.4412670844179e-09
39171,-3.5910798270898965e-09
39172,-6.641020137592604e-09
39173,9.613366168328087e-10
39174,-1.9023469590509524e-10
39175,3.048690817290272e-09
39176,2.23852304919454e-09
39177,-6.999765101317405e-09
39178,5.0838864011494795e-09
39179,3.36756143827356e-09
39180,4.939388575915798e-10
39181,-2.7079902114859636e-08
39182,-1.4505427141472064e-08
39183,-4.161814007582412e-09
39184,5.870875160871454e-09
39185,-5.676996290067952e-09
39186,-5.155764693530479e-09
39187,7.80386548426725e-09
39188,-2.2717093022889523e-09
39189,2.3494149997954763e-10
39190,-7.83602107972273e-09
39191,-3.9889568674130127e-10
39192,2.92555226833954e-09
39193,2.200201349540917e-09
39194,3.100731331702676e-09
39195,-2.2375490760632432e-10
39196,3.3745759060667458e-09
39197,1.8331345854292676e-08
39198,2.1296932064398148e-08
39199,-7.193940339780611e-09
39200,-1.7861498918383731e-09
39201,-1.0312777571775967e-08
39202,-7.302154557895105e-09
39203,5.317824304188317e-09
39204,-3.880040812531214e-09
39205,-1.5492463133992562e-09
39206,1.7155144922725512e-08
39207,-2.753633952301298e-09
39208,3.801074172860352e-11
39209,-7.531464770410304e-09
39210,2.217458351976647e-09
39211,-6.325878156241501e-09
39212,9.423966767713652e-09
39213,-4.572882723902152e-11
39214,-4.205855546388377e-10
39215,-1.0283463339469408e-08
39216,-2.9547106702587275e-09
39217,1.5550614787468294e-08
39218,1.5296497227276347e-08
39219,6.914517400083176e-09
39220,-3.713770789690642e-09
39221,1.4657386720101693e-09
39222,-4.18285018937408e-09
39223,1.0406707521013238e-09
39224,-1.8113638795817274e-09
39225,6.1273005117196445e-09
39226,-1.6368008306252452e-08
39227,-5.818667152237587e-10
39228,-3.96292388197268e-09
39229,6.244305094197134e-09
39230,-7.613053349494169e-09
39231,-1.1191675690723015e-08
39232,1.1163865659675562e-08
39233,-2.9500743011100334e-09
39234,-1.3956826449432166e-08
39235,3.388375625229223e-08
39236,3.990844671792191e-09
39237,6.284948005481853e-09
39238,-4.0122891447680547e-11
39239,-6.6498464460147e-10
39240,-8.065496248186109e-09
39241,-4.729956509771043e-09
39242,8.455433443104935e-09
39243,-5.94533172902091e-10
39244,-2.179871129924673e-09
39245,-9.82795180883864e-09
39246,5.131966197355363e-09
39247,3.906611149190132e-09
39248,2.5534821362917094e-09
39249,3.555330501985426e-09
39250,3.6257962335639354e-09
39251,2.0234625376886693e-08
39252,-5.949835080329634e-09
39253,-1.3317931814863624e-08
39254,-3.997004576258653e-09
39255,-8.372853654798209e-09
39256,4.26359099480803e-10
39257,-1.251511824509694e-08
39258,8.416872714981563e-10
39259,1.5544759364863013e-09
39260,9.266414621106537e-09
39261,1.1497110115995513e-08
39262,-5.723449501475906e-10
39263,2.8003466435583226e-09
39264,-3.062688897744988e-10
39265,1.5703922912811064e-09
39266,1.6896886195590802e-08
39267,1.5358687250239977e-09
39268,5.061220144639439e-10
39269,2.06241950128623e-09
39270,8.019447609682074e-10
39271,9.315920407629518e-10
39272,-3.6073913445737335e-09
39273,8.686782127227108e-09
39274,-6.485149059312396e-10
39275,-5.144009832732542e-10
39276,-6.8874135897747144e-09
39277,1.8401973168767802e-09
39278,6.775507201798032e-09
39279,3.876643075431226e-09
39280,-1.1107495163118807e-09
39281,-1.0802205931468765e-08
39282,1.2558332937725158e-08
39283,4.745232382826764e-09
39284,1.2993010758153199e-08
39285,2.7968175589486912e-09
39286,5.038304994418508e-09
39287,1.0839162876978438e-09
39288,-5.195305977148213e-09
39289,-3.791740870833836e-09
39290,-1.904423188825491e-08
39291,4.622821908923597e-09
39292,-9.501244791743122e-10
39293,-2.935314334134463e-09
39294,-1.0943403731300936e-09
39295,2.464562492925918e-09
39296,-3.756659872635526e-10
39297,1.7759391880943934e-08
39298,-5.992312536948613e-10
39299,-4.627849068885886e-09
39300,-4.007251887384631e-09
39301,-8.596981196919482e-10
39302,2.716838585951049e-09
39303,-9.257662207322002e-09
39304,2.0434262849964094e-09
39305,1.5872365973401983e-08
39306,-1.2079407134807609e-08
39307,-2.145600056766045e-09
39308,2.9823765661073923e-10
39309,-7.4257979582283575e-09
39310,1.0034277276398801e-08
39311,2.381088466519341e-10
39312,4.220746488876085e-09
39313,8.89187413581637e-09
39314,-5.595486177693864e-09
39315,-2.0656289067886503e-09
39316,4.2288713181909984e-11
39317,-3.8921782977719576e-09
39318,-1.2296714467615648e-08
39319,2.5618780105001482e-08
39320,-7.914481047277561e-09
39321,-5.159179387200826e-09
39322,-1.5015403596602262e-08
39323,-4.860078672754885e-09
39324,-6.8128136686411195e-09
39325,-2.012834052588859e-09
39326,-6.646672152186628e-10
39327,6.619391557786496e-09
39328,2.6985186046143947e-10
39329,-1.3612166745787278e-09
39330,5.1475963814835e-10
39331,-6.9155080224450505e-09
39332,-8.658877847337903e-09
39333,3.6927324805334908e-09
39334,1.1754800097164599e-09
39335,1.4848239296571737e-08
39336,-1.8997737914998482e-08
39337,-6.904783598453115e-09
39338,-3.1097208198761423e-09
39339,1.087276523497383e-08
39340,5.996349194691435e-10
39341,8.664953213902636e-09
39342,2.7333081948726773e-09
39343,-4.069877469845809e-09
39344,-6.087938514932334e-10
39345,3.1561361931792497e-09
39346,-1.762583184806933e-09
39347,-3.5453971028316474e-09
39348,-2.782812119165815e-09
39349,-4.883289550574472e-09
39350,3.7261474760855745e-09
39351,7.663898380152394e-09
39352,-3.242985521741051e-09
39353,-2.0435822531945653e-09
39354,3.29328164367591e-09
39355,-2.0977882562460262e-09
39356,-4.4168931117343194e-09
39357,-2.0358068358853715e-08
39358,1.855408744077783e-08
39359,-3.911225506099817e-09
39360,-4.05926400771469e-09
39361,-6.2783929878612895e-09
39362,3.8424959912391365e-10
39363,6.9184143335982005e-09
39364,4.702640879225758e-10
39365,2.1769989333249902e-08
39366,-1.673658676247465e-10
39367,3.023557460065827e-09
39368,1.968772534542426e-09
39369,1.0811969723871178e-08
39370,-2.8898101350507805e-09
39371,-2.3397158449538593e-09
39372,1.643174947413783e-09
39373,2.026255656524553e-09
39374,-8.842909617881436e-09
39375,-1.1772201345027955e-08
39376,-3.326134103752538e-09
39377,-2.6795782870892486e-09
39378,3.609824799006332e-09
39379,8.327022192850221e-09
39380,5.292394230013796e-11
39381,2.0758090473789453e-09
39382,-6.952334203717383e-09
39383,-2.6139273647188165e-09
39384,1.1976983029105882e-08
39385,-4.82975272586455e-09
39386,-7.066175314731903e-09
39387,2.7003673064224567e-09
39388,1.2674496080187592e-09
39389,-1.5949855924218875e-08
39390,1.7521287370752757e-09
39391,-1.104424007256163e-09
39392,-7.217649415528342e-10
39393,2.918887471394612e-09
39394,9.566805452957112e-10
39395,-4.469707012050923e-09
39396,7.351956062198759e-09
39397,1.963119522420197e-08
39398,-2.0898352296046854e-09
39399,-6.253992964204096e-09
39400,6.505283994720885e-09
39401,1.2524549420737785e-08
39402,-6.920364716216291e-09
39403,-1.576317851630695e-09
39404,9.985725503331332e-09
39405,-1.1838796091622474e-08
39406,1.1989650058824251e-09
39407,4.997451756261819e-09
39408,8.312191517483985e-10
39409,1.600363933221449e-08
39410,-1.9205400873157747e-08
39411,1.8605941664369007e-09
39412,1.1979960836644964e-08
39413,-2.436642067901743e-09
39414,5.933885295383395e-09
39415,-1.2406875211126072e-08
39416,4.712388054517748e-09
39417,8.046816282289885e-10
39418,4.313538177667948e-09
39419,-4.098737470017161e-09
39420,-4.2805706071001503e-10
39421,8.805769575754794e-10
39422,-3.6803813019106396e-09
39423,-1.733332319030064e-09
39424,4.1393779415249155e-09
39425,1.0484778460152485e-08
39426,-2.68026907619221e-09
39427,-8.176419141649016e-10
39428,1.2587921455831677e-08
39429,-1.8554666820531294e-09
39430,-3.6704207811483943e-10
39431,-3.454275769767807e-12
39432,1.0745340171716265e-08
39433,-4.5859632415902875e-10
39434,-2.486231597075466e-09
39435,1.6092859293824454e-09
39436,2.8457339860186555e-08
39437,-8.605182547987345e-09
39438,-1.8389884628244996e-09
39439,-5.023979005969481e-09
39440,1.3349479012610911e-08
39441,4.710917217888129e-09
39442,-7.897298027721785e-09
39443,1.7867146659728801e-09
39444,-8.600209766658806e-09
39445,-1.2762466634997582e-08
39446,-3.448499533064693e-09
39447,-1.0527145114056001e-09
39448,3.903153902651822e-09
39449,-2.199087400838003e-08
39450,-1.067935600696593e-09
39451,8.73604910733163e-10
39452,5.78848380040115e-10
39453,6.379586193451691e-09
39454,7.950588952412866e-09
39455,-2.72792328346848e-11
39456,2.728930601552346e-09
39457,2.0705388126356688e-09
39458,-3.0198088571656735e-09
39459,-1.8703661371732616e-08
39460,-1.1744434543034247e-08
39461,3.480329520142779e-09
39462,-5.5273475351904375e-09
39463,3.1234303520814693e-10
39464,-7.83567336013765e-09
39465,-2.9854650209322315e-09
39466,-3.0026069883414936e-09
39467,1.2324878031677757e-08
39468,-1.899072982880128e-09
39469,1.1870241662372102e-08
39470,-3.3062233534381204e-09
39471,-6.13041865975792e-10
39472,-3.331603679417942e-09
39473,6.056120649515508e-09
39474,7.630889126149403e-09
39475,2.6436555874211746e-09
39476,-5.001988876450292e-09
39477,-6.824753322268972e-09
39478,-2.844944377325605e-09
39479,1.23031031714241e-10
39480,-3.4225357814378346e-09
39481,1.9357962484948774e-09
39482,-2.7588265169149156e-09
39483,-2.214306011629217e-09
39484,1.845784068153205e-09
39485,1.2542327953934903e-08
39486,-9.534233337651946e-10
39487,-2.239542804278755e-09
39488,1.2623189986936344e-09
39489,4.401286749774889e-10
39490,-2.9218003981756665e-09
39491,6.766761714071276e-09
39492,-7.483519987874535e-09
39493,1.699472009025477e-09
39494,-3.954851139877308e-10
39495,-1.1781600474183087e-08
39496,1.423531065286131e-08
39497,-2.5355656876001875e-10
39498,1.4570204703612015e-09
39499,1.2436266960240476e-09
39500,4.935286444874303e-09
39501,-1.3641865259006237e-08
39502,-2.15638081193024e-09
39503,5.253610939570531e-09
39504,-1.906218642279789e-09
39505,-4.63691619540563e-09
39506,-1.1618643519113679e-08
39507,1.2033008393297804e-09
39508,1.1866778310202242e-10
39509,1.531961492782818e-08
39510,4.15013360313544e-09
39511,5.308001223474124e-10
39512,-5.863527791254332e-10
39513,-6.339041235242819e-09
39514,2.0538024085592583e-08
39515,-5.572420199793826e-09
39516,5.895878315961848e-09
39517,9.68251068856507e-09
39518,2.506319709972067e-09
39519,-2.1048727761915587e-09
39520,7.421594722535406e-10
39521,-9.843735575570818e-10
39522,2.2613232950787287e-09
39523,-4.475575311202499e-09
39524,-2.89042417336965e-09
39525,2.894896163091609e-08
39526,5.5267727933382025e-09
39527,2.3583833986810226e-09
39528,1.0350135712042433e-08
39529,-7.763518851895298e-09
39530,-4.211534103734051e-09
39531,-2.8720987059248797e-09
39532,1.0474762818063644e-08
39533,-7.745391970420084e-09
39534,-8.467163962392865e-09
39535,2.248871631986739e-09
39536,-5.430372774313028e-09
39537,-2.1960734496461298e-09
39538,-2.149643636655727e-09
39539,-1.4258125370071822e-09
39540,1.3639444033468396e-08
39541,2.139045481567987e-08
39542,2.5560435099148934e-09
39543,2.633847445590341e-09
39544,-1.1219762285650063e-08
39545,-1.4961674231462699e-09
39546,1.3498966824784472e-08
39547,-1.1062571603760774e-08
39548,-5.612624242388422e-09
39549,-4.228204084977638e-09
39550,-6.728170992688741e-09
39551,-4.156264983941789e-09
39552,-7.382324354903508e-09
39553,1.355071307504133e-08
39554,-2.7167998634817485e-09
39555,-4.201705920908801e-09
39556,3.470743047549034e-08
39557,2.6483265227502824e-09
39558,-3.1356632197933163e-09
39559,-7.878386386384845e-10
39560,-8.783508361069856e-09
39561,-1.8048457630404944e-09
39562,1.5270469089652522e-08
39563,3.1627313024302206e-09
39564,-2.7003827227250566e-09
39565,1.926100608033028e-09
39566,-2.8982966734422187e-09
39567,-7.252860719622414e-09
39568,-3.0492002342851356e-08
39569,5.698914837369029e-10
39570,6.360333981168204e-09
39571,2.136632432449734e-09
39572,-1.3805767145843212e-09
39573,-1.026140403049549e-08
39574,8.363818350685297e-10
39575,1.964957385029947e-09
39576,-4.853281876955717e-09
39577,-1.4582293918601615e-09
39578,-4.601853768052614e-09
39579,-2.057939984594018e-08
39580,2.9777956037181685e-08
39581,2.7858991151061843e-09
39582,-2.101861446877918e-10
39583,-4.255241940394469e-09
39584,-1.4397220584990176e-09
39585,1.628515919272996e-08
39586,9.76405814396022e-10
39587,6.967632964833474e-09
39588,-1.326539830523859e-09
39589,1.8915942845642288e-08
39590,-4.145696990261911e-09
39591,-2.1553506710745733e-08
39592,-8.481423751993059e-09
39593,1.4804350373859009e-08
39594,-6.265835933402838e-09
39595,6.715245657238612e-10
39596,1.7332067801133442e-09
39597,6.064435160790657e-10
39598,-8.813207471556611e-10
39599,8.802589026235771e-10
39600,-1.5130379969423202e-08
39601,2.7114594664843095e-09
39602,4.4935464970537495e-11
39603,-2.7563628447943802e-09
39604,-5.260963069763951e-09
39605,9.802598547812774e-09
39606,-3.7217288891677504e-09
39607,2.571763425021052e-09
39608,8.329370825244167e-10
39609,-2.350180769202591e-08
39610,-1.4132884571460312e-09
39611,7.225302022861165e-09
39612,1.6485301508488733e-08
39613,-1.0051316571466028e-08
39614,-5.109784497936197e-09
39615,-1.49021989897861e-09
39616,-1.1196368517830264e-09
39617,1.1754060621182157e-08
39618,-2.2162860950209964e-09
39619,1.0153714284151536e-08
39620,2.1290645648418613e-09
39621,-1.7075951066258915e-09
39622,-8.177418169650237e-09
39623,3.1261814839135367e-10
39624,-4.119483733150701e-09
39625,-2.14983404933659e-09
39626,2.709676732715681e-08
39627,-4.234238217408543e-09
39628,5.550844772231808e-09
39629,2.9244220445997976e-11
39630,-6.368284567963274e-09
39631,-1.4055273265540127e-08
39632,4.484358840320094e-09
39633,-9.043959911450999e-09
39634,4.917943732633456e-10
39635,4.312624152438074e-09
39636,1.2065140507599582e-08
39637,-8.317456090470227e-09
39638,-9.965725558569696e-09
39639,-1.4768381892457866e-08
39640,-6.193896041801505e-09
39641,1.3458908357410234e-08
39642,3.8941800108042124e-09
39643,-3.268514018673497e-10
39644,-3.0650651792720493e-09
39645,-6.69598589660943e-09
39646,-5.635131447922615e-09
39647,-7.411551895258751e-09
39648,4.533123687045937e-09
39649,-1.5819765396624723e-09
39650,-1.131430398169298e-08
39651,2.6268233745116012e-09
39652,4.764317056219306e-09
39653,9.531783786252933e-10
39654,1.0400000792858173e-08
39655,6.846731184310259e-10
39656,-3.068452646251355e-09
39657,1.3846034570309515e-09
39658,-2.535317720153852e-09
39659,-6.260922416814304e-10
39660,-1.1834138025030065e-08
39661,3.163969761326285e-09
39662,-1.0111571388201198e-09
39663,-9.476944353636527e-10
39664,8.242532133473648e-09
39665,-1.4389521671533934e-09
39666,-5.491361166491294e-09
39667,-3.990632735246248e-09
39668,2.060764911526316e-09
39669,-5.290104078597196e-09
39670,3.2794953119263735e-10
39671,-5.878872590813381e-10
39672,-5.215775995256543e-10
39673,-2.952105757797223e-09
39674,2.899175188344847e-09
39675,1.0104201118969728e-08
39676,-2.7912090723403277e-09
39677,5.5680162770743155e-09
39678,8.3326718258554e-09
39679,3.8114242872327665e-09
39680,-1.6962203799817352e-09
39681,2.1754518214362835e-09
39682,1.086703563338995e-08
39683,1.14843842991771e-08
39684,-4.0195049073840837e-10
39685,8.744653963771185e-10
39686,8.007899867117937e-09
39687,-2.894414120167693e-09
39688,-5.409273651652197e-09
39689,-2.1807389817124875e-08
39690,-1.2769008861514902e-08
39691,-1.0772620682815974e-09
39692,-1.6763757366665982e-10
39693,-2.6627416835191484e-09
39694,-6.689810275940663e-09
39695,2.2177638695067978e-09
39696,5.39991528984034e-09
39697,1.2592611589965865e-08
39698,-3.587374702207098e-09
39699,-8.605855598459656e-10
39700,-1.1823089586271659e-08
39701,9.218546136845203e-10
39702,-3.277334976827014e-09
39703,-2.3225512363805676e-09
39704,1.9402871951519185e-09
39705,1.8751743113115055e-08
39706,-1.661303681710355e-08
39707,-1.7818077271709986e-09
39708,-4.896031859064304e-11
39709,-1.3161871202014042e-09
39710,-6.64095640678105e-09
39711,6.517287974318087e-10
39712,1.5212240079663834e-08
39713,-4.638886300511944e-09
39714,3.4757920506504327e-09
39715,1.9075236137079725e-10
39716,2.5536433232188427e-08
39717,-1.1384257024813243e-10
39718,-2.4170318735777027e-09
39719,9.294922406762119e-09
39720,-1.0031852064257404e-08
39721,4.1159866582771296e-10
39722,1.4526898599107916e-08
39723,-6.338479172437219e-09
39724,-1.0352468448126539e-08
39725,-1.144348583936141e-09
39726,9.140930951635058e-10
39727,1.1095781905926309e-09
39728,9.493242611082062e-09
39729,1.5045838826138404e-08
39730,-2.782975178923608e-09
39731,8.094877706261812e-09
39732,-4.651631847168488e-09
39733,-1.0892808148158239e-08
39734,-4.985974606859587e-09
39735,-9.888645938921432e-09
39736,-2.2950992921825603e-09
39737,9.58587589480682e-09
39738,-3.0391283460733525e-09
39739,-4.950337086773039e-09
39740,-2.946980110023302e-09
39741,-1.5279117672749716e-08
39742,2.458571795781294e-08
39743,2.7119596974338894e-09
39744,-8.381318887328685e-09
39745,-1.705970831545019e-08
39746,2.5588138088098327e-08
39747,-1.3705640704682006e-08
39748,-3.5592665805357197e-09
39749,-3.6410963468246615e-09
39750,-1.2289856976408865e-08
39751,-9.157180063030726e-10
39752,8.5177722222268e-09
39753,-8.58773202689714e-09
39754,-8.579343297147602e-09
39755,-1.7256715603792278e-09
39756,2.3582905970618313e-08
39757,1.144471125632832e-09
39758,-1.494863652925466e-09
39759,-7.216870697776851e-09
39760,-9.41394258288957e-10
39761,6.253770042653569e-09
39762,-1.1708433368942105e-08
39763,-3.667481941845883e-09
39764,-1.2976519476259891e-09
39765,1.864198095434767e-08
39766,1.75821322400183e-09
39767,1.1209278469943182e-09
39768,-2.5104760878473505e-09
39769,3.729867172913662e-09
39770,4.100647649317327e-09
39771,-2.3050822426413694e-10
39772,-1.61191988799344e-09
39773,1.9357498510181555e-10
39774,8.83553578311736e-09
39775,7.34206001892414e-09
39776,-1.1217966872300368e-09
39777,-1.6044915050325435e-08
39778,-8.597847350343125e-10
39779,-1.2726890202726907e-08
39780,1.3447300693836166e-08
39781,6.5031560703982785e-09
39782,-3.5118831136715285e-09
39783,-9.139884859659772e-10
39784,-6.2086709929920395e-09
39785,2.8159392172513263e-09
39786,6.282149569594451e-09
39787,3.1938547894622703e-09
39788,-1.3635519285664954e-10
39789,3.9329292865992855e-10
39790,-5.3903061158779235e-09
39791,2.018328238936273e-08
39792,-2.7167130963683057e-09
39793,2.760260954666031e-09
39794,-1.0671588397676172e-08
39795,-1.4781857667435e-08
39796,-4.343924132278516e-09
39797,-5.565937853349619e-09
39798,1.9297832029019532e-08
39799,-1.3643261406028869e-08
39800,-3.8639155929737065e-09
39801,-1.5450052509783869e-10
39802,3.4528127851273764e-08
39803,-5.580905439623995e-10
39804,-7.97660729112948e-09
39805,-1.615295550539539e-08
39806,-9.836346744422712e-09
39807,-1.0019682767292504e-08
39808,5.735536021801117e-10
39809,-2.6265555850885844e-08
39810,-7.979667654664647e-09
39811,-1.2212127390746405e-08
39812,-5.5911676704501116e-09
39813,-4.095727492841832e-09
39814,2.4333506227972727e-08
39815,-1.478448999997687e-08
39816,-3.4359513216516865e-09
39817,2.701919493083177e-09
39818,-3.4557799700765836e-10
39819,9.639196924118394e-09
39820,5.1364937821299464e-09
39821,8.86795120257589e-09
39822,7.957913415012157e-09
39823,-5.2490890345984965e-09
39824,-3.67272018791397e-09
39825,3.7656015572959725e-10
39826,-3.6575789904761036e-09
39827,-6.963020337689685e-10
39828,-3.7197643861646656e-08
39829,-3.371272440872546e-09
39830,4.754550303352525e-09
39831,3.078048772627942e-09
39832,2.753067596457926e-09
39833,2.2075810928634498e-08
39834,6.54442784326487e-10
39835,2.8901891862210475e-09
39836,1.0169796011803906e-08
39837,-3.93924089833903e-10
39838,-4.672630708227116e-09
39839,5.8908066147802725e-09
39840,-1.1164109726645897e-09
39841,3.449360207446968e-09
39842,-4.000393825960204e-09
39843,2.1441365869946393e-09
39844,-1.341485285341589e-08
39845,6.845604853897584e-10
39846,-7.074500463855938e-09
39847,2.022418857225782e-09
39848,3.6957898978900063e-10
39849,-2.9005413091487704e-08
39850,-1.038199172503681e-08
39851,-2.5218906425144523e-09
39852,9.358949319841296e-10
39853,-1.1461715528581363e-09
39854,3.706001572296864e-09
39855,-3.155227093366125e-09
39856,-4.584470029366719e-09
39857,-1.3861310812796971e-08
39858,-1.609604794629657e-08
39859,-1.282253204531981e-10
39860,-1.2377850228900548e-09
39861,1.5653251946084727e-08
39862,-1.1469279957086083e-08
39863,3.2831731639299417e-10
39864,2.6442734928535286e-08
39865,-9.626470150614792e-10
39866,-1.3006248615516015e-08
39867,-2.186666128656249e-08
39868,1.985560682477995e-10
39869,-3.950928084449592e-09
39870,-3.772627771403783e-09
39871,6.583210720321498e-10
39872,-8.703241938559753e-09
39873,-6.3518427578882755e-09
39874,4.6807350595045035e-09
39875,-1.1852896673278167e-09
39876,-6.77095000752903e-11
39877,-8.157920201713725e-09
39878,1.446059535333731e-09
39879,-1.190391387412351e-09
39880,-1.7730519718330385e-09
39881,-1.8626453891731034e-09
39882,-4.8656242189774924e-09
39883,3.4741266619746504e-09
39884,-1.9461746508022212e-10
39885,5.081306563609937e-09
39886,4.555870214308588e-09
39887,9.309921236114344e-10
39888,1.2303648420124996e-08
39889,-3.3138106475126852e-09
39890,9.687636125203456e-09
39891,-1.070379643094087e-08
39892,-5.88202988857141e-09
39893,-2.262640026091158e-09
39894,3.213231331152735e-09
39895,3.85902475942921e-10
39896,7.347544844152879e-09
39897,9.61506210066795e-10
39898,-6.174089746919085e-09
39899,9.82992874620591e-09
39900,1.808821980180234e-09
39901,-4.0086855448547145e-09
39902,-1.461558799572303e-10
39903,-1.726568249534337e-09
39904,7.129219011423983e-09
39905,-1.129202125220675e-08
39906,1.6915310289642065e-08
39907,-4.531094088565605e-10
39908,4.946031434551934e-10
39909,7.438153424610856e-10
39910,1.8883617377510964e-08
39911,-9.91680931750541e-11
39912,1.3202746867925365e-10
39913,-1.6169467574343967e-09
39914,-6.523485052013561e-09
39915,1.1487989392319058e-09
39916,-1.4798717573124387e-09
39917,4.714185427742987e-09
39918,2.028550971953542e-08
39919,-6.760171740908603e-09
39920,-1.135285568803637e-08
39921,2.838983528068825e-09
39922,-1.2569080956610046e-09
39923,-8.317330933979589e-09
39924,1.5920375392404434e-08
39925,-5.174196880981118e-09
39926,-7.737517847920806e-09
39927,-4.671915149268054e-10
39928,-1.1706308100240716e-08
39929,-1.6718079030620403e-08
39930,6.228056779870523e-09
39931,5.524634379708605e-09
39932,1.0958408766828217e-09
39933,-4.71027482604589e-09
39934,-7.260793296271016e-09
39935,1.6693116576220665e-08
39936,-3.3108457439078804e-09
39937,8.225640673872906e-09
39938,-7.502882369958876e-09
39939,-3.370553760407896e-09
39940,-4.956248916751698e-09
39941,-5.040952467388707e-10
39942,-3.7091314810269583e-09
39943,2.2621171829917614e-08
39944,-7.312964166071789e-09
39945,1.3721870728345027e-11
39946,3.880903119406079e-10
39947,3.834494367919615e-10
39948,-2.3660210934093553e-09
39949,1.0832337195253104e-08
39950,7.736424963859803e-10
39951,2.2192137608215183e-08
39952,-4.777637068008644e-09
39953,-1.669687308978888e-08
39954,1.0058738081630536e-08
39955,8.719738031520356e-09
39956,-5.112575591518905e-10
39957,3.679206985340766e-09
39958,-2.0803397741751775e-09
39959,-1.5055600574454963e-09
39960,-3.092728634411602e-09
39961,-8.93466243606612e-09
39962,-2.1363002640100683e-09
39963,4.770725849814245e-09
39964,1.791729022977388e-08
39965,-9.815148162919283e-09
39966,-8.485879284367152e-09
39967,-6.564470954056121e-10
39968,3.6364618906218537e-09
39969,1.6952593997441915e-09
39970,1.4543725334366783e-09
39971,6.836873147118944e-09
39972,-8.999279457419582e-09
39973,2.512247369618057e-09
39974,-4.898964616759826e-09
39975,-1.3584056286261292e-08
39976,9.394328469316693e-09
39977,-5.22001539343137e-10
39978,9.874918804492041e-10
39979,-6.887540939921314e-09
39980,-2.7275883719836007e-09
39981,1.9404686781815943e-10
39982,1.5223099389753256e-08
39983,-2.515596474324727e-09
39984,7.994019524438912e-10
39985,1.2826306575716535e-09
39986,1.176825941503402e-08
39987,-1.4438037623220144e-09
39988,-1.2774639113807593e-09
39989,-4.615138676077537e-09
39990,7.134385109214184e-10
39991,-3.9059573563044935e-10
39992,-1.958592425262848e-09
39993,-4.532684474276726e-09
39994,-3.675965890399788e-09
39995,8.894042157308572e-10
39996,-1.465692881510673e-09
39997,-3.7888002787420895e-09
39998,1.4525164447635911e-08
39999,1.7642734403429679e-09
40000,-1.9160633541147275e-08
40001,2.4039690615756085e-09
40002,-9.718552974385299e-09
40003,-1.8162203182089865e-08
40004,1.3021352501137528e-08
40005,3.41317028301685e-10
40006,1.6645882173525887e-08
40007,-4.176521897943549e-09
40008,4.4932067316255606e-10
40009,2.6637722844287445e-09
40010,2.6727455487692356e-08
40011,9.153920428378552e-10
40012,-9.462779717817336e-09
40013,-2.751173159237665e-09
40014,-5.368947956907081e-09
40015,-1.5501014738814617e-08
40016,2.165005839901463e-09
40017,-2.0503038104323914e-08
40018,2.0274779327429857e-09
40019,7.2757811819484655e-09
40020,6.389170782299445e-09
40021,-6.667290409195557e-09
40022,3.8973352476552336e-09
40023,-7.735598412936342e-09
40024,2.438166893270272e-08
40025,-4.3657839278862956e-09
40026,-1.5657677150401724e-09
40027,-1.2146211924189195e-09
40028,1.1786126722761988e-09
40029,2.567509778922857e-10
40030,-1.2638664931407845e-10
40031,9.455659887750148e-10
40032,9.35778541386875e-10
40033,1.6286332211363554e-08
40034,-6.874447374050524e-09
40035,-5.078608588811917e-09
40036,-7.869737492809762e-09
40037,-1.7751377185483833e-09
40038,1.6625331499465135e-08
40039,-1.1405122752030365e-08
40040,-4.670636471960591e-12
40041,-2.860048853880619e-09
40042,5.518068099780997e-09
40043,3.5797324588674493e-09
40044,1.544314996777379e-08
40045,7.207846291712047e-09
40046,-1.0432352806489276e-09
40047,2.3640666400497002e-08
40048,-2.8750966161785368e-09
40049,7.83043658043419e-09
40050,2.639253871498557e-09
40051,1.1749252315454997e-08
40052,-8.852293553963005e-09
40053,-3.296463183499214e-09
40054,3.7216384372707325e-09
40055,-1.3660735828992762e-09
40056,8.037921048330678e-09
40057,5.974875857949368e-11
40058,1.425835662956941e-08
40059,-3.7568733623198274e-10
40060,2.4211910829276766e-09
40061,-5.053455101358517e-09
40062,1.7266663088875647e-08
40063,-4.113496212402196e-09
40064,-2.928853040638038e-09
40065,-9.757306713360078e-09
40066,1.0999310485146158e-08
40067,5.892811893165301e-09
40068,-4.38254679811354e-09
40069,-1.543759312037946e-08
40070,-2.366654463625552e-09
40071,-7.916991997192436e-09
40072,2.332252758658132e-09
40073,-5.04236607632807e-09
40074,2.296090596888319e-09
40075,1.3004074318901511e-09
40076,-2.438070818317158e-08
40077,-3.367207896624496e-09
40078,1.5889998108559162e-08
40079,7.76355341919536e-09
40080,-9.327581127393738e-09
40081,2.4688582599577664e-10
40082,1.4314648358796363e-10
40083,1.6245377426166127e-08
40084,1.8225746963505115e-09
40085,-1.2106035401826868e-09
40086,1.1988312855661852e-09
40087,-7.119928076801927e-09
40088,3.208367551205945e-10
40089,1.1599421001044157e-09
40090,-1.3538577817728668e-08
40091,2.4555762893721544e-08
40092,7.363075929607952e-09
40093,1.7148643948049327e-09
40094,-1.2719729537383748e-09
40095,-8.579635661676877e-10
40096,-4.734508992366331e-09
40097,7.240998418749868e-09
40098,2.5910138682387602e-09
40099,-1.400364112904942e-09
40100,1.062370150143397e-08
40101,-1.1244840261818395e-08
40102,-8.973077439269061e-09
40103,7.057371365674388e-09
40104,5.682326637744477e-10
40105,-2.987697831774841e-10
40106,1.7480062068516467e-09
40107,-3.784747229114267e-09
40108,-7.0326563871238e-09
40109,-1.350630081958094e-09
40110,3.755419813646215e-09
40111,1.973948741921262e-09
40112,1.526122681030689e-08
40113,-3.5514452686583316e-08
40114,-5.203623952207597e-09
40115,-2.156343018680792e-08
40116,-8.762459302897774e-09
40117,-2.3125887780960384e-09
40118,-2.1582377519327214e-12
40119,-1.2824358628018031e-09
40120,-5.2392088707393e-09
40121,-9.406909935591923e-09
40122,2.6046783267578825e-09
40123,-4.9058797366655614e-09
40124,2.3658253116889736e-09
40125,1.4650704412731241e-09
40126,-5.698819523688033e-09
40127,-8.417838094395344e-09
40128,-8.300948303382592e-09
40129,-1.2760984305480582e-09
40130,-3.963178416327618e-09
40131,-5.751109087304582e-09
40132,-3.579619197695878e-09
40133,-8.18374903085506e-09
40134,4.024235721728636e-09
40135,-8.16188738588685e-09
40136,-6.788608310144043e-10
40137,-8.985540155208157e-09
40138,4.943389490841043e-09
40139,6.738098284285949e-09
40140,-2.5991503926679387e-09
40141,-7.6505088038323e-10
40142,-5.505648430712412e-10
40143,-7.795683557356997e-09
40144,2.4583589785592075e-10
40145,1.6200177507834904e-08
40146,-5.5003802047887984e-09
40147,2.255009135041809e-09
40148,-2.658001421302261e-09
40149,7.073529941692313e-10
40150,-4.699384248531118e-10
40151,-2.87281888702424e-09
40152,1.0707007693853162e-08
40153,-6.097262421956895e-09
40154,2.992295071761492e-10
40155,3.908840816426463e-09
40156,-2.381343308436659e-09
40157,6.010569514760834e-09
40158,1.8612254848255071e-09
40159,-2.7269562593398683e-09
40160,-9.470296685385917e-09
40161,-4.435244302914259e-09
40162,5.022615636833123e-09
40163,-9.0512305183121e-10
40164,8.629671769851516e-09
40165,8.765941031143275e-10
40166,5.4948434282395675e-09
40167,1.7562206046053295e-08
40168,8.625822310957113e-09
40169,3.7683642627643015e-09
40170,-9.585440934262538e-09
40171,-1.6289670243344706e-09
40172,1.1160454530614495e-08
40173,-7.333275343784881e-09
40174,-2.317972516564182e-08
40175,2.8950107409767556e-08
40176,-4.712441708665843e-10
40177,1.865557287315505e-09
40178,1.7976588911275247e-09
40179,1.0871707206978503e-08
40180,-1.7326035960258049e-10
40181,3.2398533228627994e-08
40182,-4.863344131664907e-09
40183,-4.456723167335092e-10
40184,-7.089416175347608e-10
40185,-1.1026779394197077e-08
40186,-1.501245702373059e-09
40187,8.17776024181477e-09
40188,1.5923315878764572e-09
40189,1.8296795955943932e-09
40190,-2.678836931881889e-09
40191,-4.786118507704367e-10
40192,-2.951505060758338e-11
40193,-1.1991310250832504e-08
40194,-6.595459458516649e-09
40195,-1.7707040889122683e-08
40196,1.138626560575741e-09
40197,-1.0376416505672861e-09
40198,-9.663336556275938e-09
40199,9.840089599462913e-10
40200,1.2005919026696626e-08
40201,1.0285491241070057e-08
40202,-2.6929779559213767e-09
40203,-8.730532941669376e-10
40204,-2.878523355998785e-09
40205,-2.15390215214015e-09
40206,2.45946786816241e-08
40207,-4.770069647804561e-10
40208,-2.556644049785435e-09
40209,-1.3201972949923005e-08
40210,1.4488557957482754e-08
40211,-5.362720962340803e-09
40212,-1.4158189635954324e-08
40213,-9.791700939498633e-09
40214,-7.618809772864721e-09
40215,-1.2502944781914899e-09
40216,2.8134367497785772e-08
40217,-1.7227055555584833e-09
40218,-2.0744436274616643e-09
40219,-4.771890072480556e-09
40220,1.3955850834173048e-08
40221,-6.134554085284338e-09
40222,2.2518456753640646e-09
40223,3.424389628857616e-08
40224,2.1273473709486647e-09
40225,1.111190822464133e-09
40226,-1.0141958588373863e-08
40227,1.1777161149915306e-09
40228,-2.846434329687311e-11
40229,-1.5993339796691098e-08
40230,3.471387849135903e-08
40231,-8.371533825677963e-09
40232,-1.5733237521658865e-08
40233,9.052213416414196e-09
40234,1.5862518942340794e-10
40235,-1.3524175295876576e-09
40236,-1.206294613881835e-10
40237,-4.505803577038532e-09
40238,-6.845432775148793e-09
40239,-9.325753492640818e-09
40240,6.048669746954071e-09
40241,-6.170792650811263e-09
40242,6.147482364349444e-10
40243,7.639658449452895e-09
40244,1.5044646053186357e-08
40245,-1.1896377163985093e-08
40246,-1.4333217351852353e-08
40247,2.3288654973290183e-08
40248,2.578963405675259e-09
40249,2.096023137803552e-09
40250,-4.739967865394147e-09
40251,7.336283918950569e-10
40252,1.1184278273617937e-08
40253,8.2676554325595e-09
40254,-7.973857665377965e-09
40255,-6.42197318966154e-09
40256,-9.019600660781846e-09
40257,-1.163987895595125e-08
40258,-2.1435024993959554e-09
40259,-1.3924356131325742e-09
40260,2.369759866506818e-09
40261,3.3252341161943156e-10
40262,1.545937008171083e-08
40263,2.1134174283525903e-09
40264,1.6469052842478443e-09
40265,-5.370328544445666e-09
40266,-1.312204226951978e-09
40267,5.414253048298653e-09
40268,1.3869956322402798e-09
40269,-1.2346909471578867e-09
40270,5.516335955565764e-10
40271,8.04177523152773e-09
40272,9.173584829764114e-10
40273,4.317508110386344e-09
40274,-4.4440584426302984e-09
40275,9.005929117998425e-10
40276,1.0625935434494265e-09
40277,-5.631000630701157e-10
40278,-5.75221673119474e-09
40279,-8.416169397732911e-10
40280,-1.0049874939116243e-08
40281,-2.986394928800951e-09
40282,5.720349778361964e-11
40283,5.3008646828080854e-09
40284,-1.4799164237296553e-08
40285,-8.70934876904545e-09
40286,5.4488722738567586e-09
40287,-8.096114611948357e-10
40288,4.304267335242679e-09
40289,6.914291456901587e-09
40290,2.4720052455144673e-10
40291,-1.4943222073591481e-09
40292,-9.254220387841673e-09
40293,-1.2182915227711642e-08
40294,1.0857421242989655e-09
40295,5.317938314866077e-09
40296,-9.416961561046068e-09
40297,8.767973333805435e-09
40298,-1.2860691358180955e-09
40299,-1.001174218045153e-09
40300,-2.0007778129213137e-08
40301,-8.845599290505608e-11
40302,-8.758991018838644e-09
40303,1.1293993837038703e-09
40304,-5.247865996790974e-09
40305,9.789196719156152e-10
40306,1.253417653405054e-09
40307,-7.544273343559173e-09
40308,-3.313550001457075e-09
40309,-1.2376963859165925e-09
40310,-1.0619615747116544e-09
40311,6.929320508846342e-09
40312,-3.656980108311396e-10
40313,-9.289456195186118e-09
40314,-1.3066023295268089e-08
40315,1.1433158182042121e-09
40316,-1.1421782925819281e-08
40317,3.854434098118573e-10
40318,1.598989309647897e-08
40319,3.979087663994216e-09
40320,-8.500607919728106e-09
40321,-4.712719323204314e-09
40322,-1.390577399510171e-09
40323,-3.992226995888326e-09
40324,-6.836220495391297e-10
40325,2.088724283112443e-09
40326,4.040431307708787e-10
40327,-6.472563994067286e-09
40328,-1.77117237777096e-09
40329,2.2101869594175498e-09
40330,3.9217247876368633e-10
40331,-3.116182013758048e-09
40332,-1.104395478349247e-09
40333,-3.058413649041446e-09
40334,-8.75339837221073e-09
40335,6.185503518085413e-09
40336,-1.1297191969345843e-09
40337,-7.66487870467726e-09
40338,1.2252363249582413e-08
40339,-3.903183385000985e-09
40340,-4.300703296885938e-09
40341,-2.224933803287249e-09
40342,-5.779560538609438e-09
40343,1.621918367350977e-08
40344,8.047983286991652e-09
40345,-3.921724031041547e-09
40346,-4.2769557929971534e-10
40347,3.189306076848659e-08
40348,-8.70595350629994e-10
40349,3.291978237738516e-08
40350,-3.5373113938690065e-10
40351,8.144531556253955e-09
40352,1.1966945815005329e-08
40353,-4.518147931412649e-09
40354,-5.452212049945135e-10
40355,-4.870799561070399e-09
40356,-9.85539720626814e-09
40357,-2.458939101641038e-09
40358,-1.3785620741335044e-10
40359,-1.225778528556702e-09
40360,3.098153098309978e-09
40361,1.7073444510633425e-09
40362,-3.174792677727249e-09
40363,-3.693101828325898e-09
40364,1.157322837772166e-08
40365,-1.3409482856228273e-08
40366,-8.906236519899684e-09
40367,-1.2406777070169376e-08
40368,9.044057426043714e-10
40369,1.3867385226837016e-09
40370,-1.8726556025506754e-09
40371,-5.308564236507527e-09
40372,-9.04524740407165e-09
40373,-1.2918227436630047e-09
40374,-2.553412854529463e-09
40375,2.5712690339588603e-09
40376,3.586132677648487e-09
40377,-9.927157430064537e-09
40378,1.9946549347999026e-09
40379,3.0957804416776486e-09
40380,-6.261517882082125e-10
40381,7.633976399000951e-10
40382,3.129152038138252e-09
40383,-6.949567859315079e-09
40384,-4.497350767909654e-09
40385,1.843950251332571e-10
40386,4.287477957325927e-09
40387,1.2882427152152817e-08
40388,-3.555651202155035e-09
40389,-2.3046073434120453e-10
40390,9.961524628428236e-09
40391,-1.3729697924004483e-08
40392,-1.4999665672249926e-09
40393,1.2959974864104246e-09
40394,-1.0247541223903187e-08
40395,6.400191497303774e-09
40396,-1.1518125857844042e-09
40397,-8.490709128744799e-09
40398,1.3731484141706201e-08
40399,-1.2332853574080868e-08
40400,-3.335960497157577e-09
40401,-9.400851042611731e-09
40402,-1.1457739305199072e-09
40403,1.1661587541602466e-09
40404,1.6015195316751675e-09
40405,-1.4919027691401835e-08
40406,-1.003406967804028e-08
40407,-4.839506795537366e-09
40408,9.65761819152758e-10
40409,-3.176397608556526e-09
40410,-9.264134210361144e-09
40411,1.108046263659159e-09
40412,4.58446275856696e-09
40413,1.0406905069118027e-09
40414,3.0400723868364853e-09
40415,1.0484057038129307e-08
40416,-8.276307994538474e-09
40417,-3.986742131585713e-09
40418,-2.1327631548729618e-08
40419,-3.2829583513020537e-09
40420,3.1132470517144254e-09
40421,3.913589218823673e-09
40422,-1.1144928717223293e-09
40423,1.531803386865742e-09
40424,5.536876068789159e-10
40425,7.615205079974659e-09
40426,5.685339237620596e-10
40427,1.1041051136393862e-09
40428,-7.145947767435014e-09
40429,2.189153444259551e-09
40430,2.24051546468337e-09
40431,5.549064315085311e-10
40432,3.921297376165372e-10
40433,-3.435849143888275e-09
40434,-2.0726747128478334e-08
40435,5.760896212668899e-09
40436,-8.203081088834294e-09
40437,-8.708722968861171e-09
40438,-2.723210906585854e-09
40439,4.509563532211252e-10
40440,-1.3129755118697787e-09
40441,-2.4371990505116604e-10
40442,-3.4902690275038545e-09
40443,-3.970048172087669e-09
40444,-5.673925945915232e-09
40445,8.888687312604842e-09
40446,-3.873320106937205e-09
40447,5.3892557413482e-09
40448,-2.103863596002517e-09
40449,-2.9958804027218344e-09
40450,-7.087029201459837e-09
40451,4.677128667796671e-08
40452,-6.586718739392517e-09
40453,1.3165355516682474e-09
40454,-6.606528737816192e-09
40455,-6.158415851155488e-10
40456,4.075705554014654e-09
40457,-1.3684341303614818e-09
40458,2.6354602770638272e-09
40459,1.2182521910417698e-08
40460,-5.97542013019031e-09
40461,-3.480031496671362e-09
40462,-3.046044079428705e-09
40463,-9.85440125153484e-09
40464,2.643755706601225e-09
40465,-2.402932431202252e-09
40466,-7.371190778703311e-09
40467,7.308632107738837e-09
40468,-1.3872877983013416e-08
40469,1.2921832886369568e-10
40470,-3.500023497076466e-09
40471,1.5113879927303315e-08
40472,4.465243564279154e-09
40473,-2.786146802753144e-09
40474,-9.39315571378894e-09
40475,-4.887903957968816e-09
40476,2.010332747566257e-08
40477,-6.047686882728861e-10
40478,-3.670209941588451e-09
40479,-1.4611926431987179e-08
40480,-1.4013259871444082e-09
40481,-5.0445773387191705e-09
40482,2.836367647776146e-09
40483,-1.1009143719017748e-09
40484,-8.322853199643102e-09
40485,3.235131141220567e-08
40486,-3.2577848050275824e-09
40487,2.7482541154814254e-10
40488,4.988720114396602e-09
40489,-5.070952781999436e-09
40490,-2.047717217186947e-09
40491,4.2927571054839584e-08
40492,-1.79693964131403e-08
40493,-3.2416965733428005e-10
40494,-8.483464741465429e-09
40495,-1.8308715784774656e-12
40496,-5.033318273108117e-10
40497,2.7905621971868948e-08
40498,-1.1143188749105815e-08
40499,6.15334530145172e-09
40500,-7.640149866314218e-09
40501,1.6910858334842943e-08
40502,2.188118252864635e-08
40503,-7.0067567759438835e-09
40504,1.298519567423723e-09
40505,-1.2822210947730863e-09
40506,5.341241083280068e-09
40507,2.647757386439863e-10
40508,9.166959186380052e-09
40509,-6.8681359858047545e-09
40510,1.6879875799975483e-09
40511,5.480676001383421e-09
40512,6.319739963310421e-10
40513,-4.239025042549108e-09
40514,-1.4040587088835866e-09
40515,4.426321638769879e-09
40516,-1.4315552378698268e-08
40517,-7.564344649338585e-09
40518,4.427929302826992e-09
40519,-5.8773173632245415e-09
40520,-4.773124782116744e-10
40521,3.2939199958993627e-09
40522,4.750924175457488e-09
40523,3.6126205617809876e-10
40524,6.63116773717889e-09
40525,-2.0422264283338427e-09
40526,-3.0676313628087757e-09
40527,5.637339830896945e-09
40528,3.102730888681258e-08
40529,-2.714678560271191e-09
40530,-4.5863245324374705e-09
40531,-1.3145513755324007e-09
40532,-2.0828091677486265e-09
40533,-3.348119957295655e-09
40534,3.4266651825002363e-09
40535,2.938812728394722e-09
40536,2.9649684635014138e-08
40537,1.7466869174450273e-09
40538,-2.4635988068145646e-09
40539,2.4665062380063547e-09
40540,-1.1294033934942279e-09
40541,1.0500167777215337e-09
40542,1.2208309579223367e-08
40543,-8.675848677031476e-11
40544,-1.5566731761205292e-09
40545,-8.520025277663979e-09
40546,-1.4865794266221326e-08
40547,-4.793668243593967e-09
40548,-2.4755238618877668e-09
40549,-1.7983687462418242e-08
40550,-1.5720536549631464e-08
40551,-9.146025622087729e-09
40552,-5.619996555416186e-09
40553,2.3784334678988596e-08
40554,-3.1150712109895953e-09
40555,-1.188244623275976e-08
40556,-3.834444825303079e-09
40557,2.6858442470958392e-08
40558,7.1028538599587844e-09
40559,1.1954187027921914e-08
40560,2.12727637124683e-09
40561,2.7010841781211837e-09
40562,-7.583280103929317e-10
40563,-1.3389951471545317e-09
40564,2.9710031101999343e-09
40565,-2.438617080556587e-09
40566,-5.9484206886395526e-09
40567,-2.76828799245396e-08
40568,2.192550000786354e-09
40569,-1.5312672087976372e-09
40570,2.3089822032772916e-09
40571,6.4845778263591004e-09
40572,2.1287013767738784e-09
40573,-1.3429409830524798e-08
40574,3.308578198994501e-09
40575,1.184938531529463e-08
40576,-5.696078731698554e-09
40577,-2.2762737441832308e-09
40578,-2.5755741364934084e-09
40579,1.2988642966281129e-08
40580,-2.5013436819597723e-09
40581,3.6081635957788882e-09
40582,-4.435465144775251e-09
40583,-3.633013699455393e-09
40584,-1.3249759278308326e-08
40585,-9.734982741642545e-09
40586,-6.646762254956322e-09
40587,3.009544193586717e-09
40588,-3.657472109144139e-10
40589,4.056281076761772e-09
40590,-3.119529256885149e-09
40591,2.5208356733637805e-08
40592,-1.8891682428450837e-08
40593,-1.127949970760493e-09
40594,-4.325899208094573e-09
40595,1.0966498978389247e-08
40596,-8.812419775442789e-09
40597,-8.490812867000941e-10
40598,3.909369147147959e-09
40599,-2.8027692536689613e-09
40600,-1.5280690904172044e-09
40601,1.454699139968653e-09
40602,5.872135969242167e-09
40603,-1.1954940101368047e-08
40604,-4.890495582422489e-09
40605,-4.128790003681989e-09
40606,2.5754760781915024e-08
40607,8.796549569023274e-09
40608,-3.422712244122568e-09
40609,1.9272605859223174e-09
40610,-2.369100492025674e-09
40611,-4.0875163499854206e-09
40612,2.232791619510451e-09
40613,-4.31264479677919e-09
40614,-2.860357597075188e-09
40615,4.8401036896003005e-09
40616,-1.5195048459320557e-09
40617,-8.853327997243113e-09
40618,-6.2736565923658444e-09
40619,-1.8408997346122122e-09
40620,-2.272220108874945e-08
40621,2.7900394573898205e-09
40622,3.5114856055964857e-09
40623,-6.314236586956456e-09
40624,5.245129073697365e-09
40625,6.989051275658955e-09
40626,7.421771358086263e-10
40627,8.67368221855774e-09
40628,-3.5502784394874528e-09
40629,-1.2757600319823296e-08
40630,-1.8348745568220754e-09
40631,-1.2207708991572114e-08
40632,2.342323417770007e-09
40633,-4.977366848983853e-09
40634,-8.585995990536932e-09
40635,1.1160534420021146e-08
40636,3.7423293480788114e-09
40637,-1.7122480129230943e-08
40638,-9.394842194452283e-09
40639,-9.291046472377245e-10
40640,-1.2106931109477774e-09
40641,-1.110789821173644e-09
40642,-1.5023471295262672e-08
40643,2.923764586020271e-09
40644,-1.328617321317284e-08
40645,6.027281265338152e-09
40646,-2.989321853281509e-09
40647,-5.404475376261705e-09
40648,3.8583807774828876e-09
40649,-1.2903955782757302e-09
40650,-9.396578414742542e-09
40651,1.7796253262767485e-10
40652,-3.3103163253749005e-09
40653,8.566492287569734e-10
40654,-4.643145876070454e-09
40655,-1.7742710329161443e-09
40656,6.466559993172717e-09
40657,-7.383479631689501e-09
40658,2.570903139909346e-09
40659,8.412499784738411e-11
40660,-9.095453225004718e-10
40661,8.698629753335666e-09
40662,2.6175737998498784e-08
40663,-8.439036181701894e-10
40664,-4.258403933078272e-09
40665,-1.2141544104248031e-09
40666,-2.9927247131349025e-09
40667,8.128969170385466e-09
40668,2.2550759400600878e-09
40669,1.4240085221211417e-08
40670,2.146396928598346e-09
40671,-7.667213543375246e-09
40672,-3.398676856467913e-09
40673,-9.184449829337468e-10
40674,-7.804154337947334e-10
40675,3.049240013711495e-10
40676,-6.8131975120603525e-09
40677,-8.362825356309148e-09
40678,2.7523719050153537e-08
40679,-1.9487324957232627e-08
40680,1.786055831588598e-08
40681,-1.6113220187676032e-08
40682,6.20478266300179e-09
40683,3.248799315044601e-09
40684,2.980391245635574e-09
40685,-7.860025903709944e-09
40686,-1.1105986518671468e-08
40687,1.1807072715902206e-10
40688,-9.27589375410219e-09
40689,2.1920268834829776e-09
40690,3.2723384687316843e-09
40691,-1.6348711620615297e-09
40692,2.256150554842775e-09
40693,-1.5648857580892212e-09
40694,8.529072680449842e-09
40695,-3.805132255829855e-09
40696,6.54691231774837e-10
40697,-2.5138592856599514e-09
40698,-2.0201111885860814e-08
40699,1.7729280964544213e-08
40700,-1.1430180416391803e-08
40701,-8.30706786083759e-09
40702,-6.764187014139991e-10
40703,9.049542929630627e-09
40704,2.2805632607567477e-10
40705,-4.265663419681208e-09
40706,1.0434024369504507e-11
40707,5.3666036781068895e-09
40708,-3.189517852077413e-09
40709,7.441503803753024e-10
40710,1.5507040313370186e-08
40711,1.666570424967497e-08
40712,2.799551635027249e-10
40713,-5.480095749323912e-09
40714,-5.408784442992977e-09
40715,-3.03159247368007e-10
40716,-1.084793751814385e-09
40717,6.047517047362942e-09
40718,-1.700637459109022e-08
40719,-1.80769066889081e-09
40720,-1.0441939025539392e-08
40721,-6.71102261953543e-09
40722,1.0061311765290559e-10
40723,-3.6549543131174606e-10
40724,1.4905789696212057e-09
40725,9.25286389225614e-09
40726,6.4999807550386036e-09
40727,-2.2645508361245716e-09
40728,-5.681017587768534e-09
40729,-1.197698327399107e-09
40730,2.1325917987841963e-08
40731,-3.4061713332818577e-09
40732,3.1989217690551366e-09
40733,-1.704302263307902e-09
40734,-2.359702682807643e-09
40735,1.0694293814028607e-08
40736,9.312038709742712e-10
40737,-1.3006781998388183e-08
40738,-1.6848417063319686e-09
40739,-3.2325237163434243e-10
40740,3.6827571704232003e-09
40741,-7.060362234462354e-09
40742,-1.7620910866707765e-09
40743,-2.0980766200153902e-09
40744,6.515368657448948e-10
40745,1.936994771394754e-09
40746,-1.0637100767728684e-08
40747,-2.868260660346898e-09
40748,-3.494236189038533e-09
40749,-7.3980369654406385e-09
40750,1.3719764871710287e-08
40751,-7.92840338891985e-09
40752,-2.1818287453869283e-08
40753,-3.119908521781525e-09
40754,-7.3518031188598846e-09
40755,5.850732035005569e-09
40756,-1.6233264210322281e-09
40757,8.043121969765542e-09
40758,1.5476040462245376e-08
40759,-7.187401951332188e-09
40760,-1.3643944848434568e-08
40761,-3.4145370120346614e-10
40762,-2.849660680094203e-09
40763,-1.3647358139855358e-09
40764,-3.989200739606691e-09
40765,-1.1548004944133668e-09
40766,8.120537237618523e-09
40767,-2.2868331446157628e-08
40768,-3.869953456869286e-09
40769,-4.582607322051512e-10
40770,-1.1744646216726328e-09
40771,-1.3053332601440945e-08
40772,4.937972217635993e-09
40773,1.008966004004369e-09
40774,-2.5047057223343687e-09
40775,2.129966024204651e-09
40776,2.9152840156621727e-08
40777,1.8287590475646924e-08
40778,-1.2076945666369528e-08
40779,2.4382554757122637e-09
40780,-1.2047939293592666e-09
40781,-3.778426199302355e-09
40782,3.5140839472618402e-09
40783,7.833700911427626e-09
40784,-3.4710594435349123e-09
40785,1.1423169226434676e-08
40786,2.496941878384388e-09
40787,4.494287153018314e-09
40788,-3.936165817725246e-10
40789,-3.5843416717002857e-09
40790,-8.614231181529693e-10
40791,8.644246478143594e-09
40792,-2.3947386335025365e-09
40793,-1.911983535761766e-09
40794,5.761507183940782e-09
40795,-2.3841421426678304e-09
40796,-6.808311327581567e-10
40797,-2.4713558442487385e-09
40798,-1.8131993386750443e-09
40799,1.7152912142605774e-09
40800,-7.0887399077141446e-09
40801,-1.5322733789520518e-09
40802,-8.988613051493308e-09
40803,-1.1577671915761472e-08
40804,-4.9782665943917706e-11
40805,1.2680752393649787e-09
40806,-3.5380441064102246e-09
40807,-9.294126459384291e-10
40808,-1.9672252169293563e-08
40809,-3.753771101964944e-09
40810,2.9363195283672077e-09
40811,-1.4823817000464312e-08
40812,1.1390367437128213e-08
40813,-2.0661553312158226e-09
40814,-8.93682519172331e-09
40815,1.831626914280712e-08
40816,1.558788064593033e-08
40817,-1.8406462196649926e-09
40818,6.551511656048469e-09
40819,6.8154901944303085e-09
40820,-9.872007861845899e-09
40821,8.334379837954596e-11
40822,2.021725277665565e-09
40823,1.2891172984412354e-09
40824,-5.2468395154202835e-09
40825,5.400715051536357e-10
40826,-4.920289045949979e-10
40827,-1.0155681931186788e-08
40828,-2.356469120345778e-09
40829,-4.172464865584549e-09
40830,-5.353097542934207e-09
40831,-1.1072047704705008e-08
40832,-1.0172202787765088e-09
40833,-4.972707753037503e-09
40834,2.783883275312251e-08
40835,5.002572555902578e-10
40836,-1.2847279006856467e-08
40837,-1.0784450688421005e-09
40838,-1.493298178845483e-08
40839,-1.1829906885676301e-08
40840,-2.5801093374028e-09
40841,-8.673137259081685e-09
40842,6.550014086788959e-09
40843,1.9427303916951986e-09
40844,-8.954306070298039e-09
40845,-1.2535268757511215e-09
40846,1.1212660602939506e-08
40847,-3.891563746874789e-09
40848,3.1564776986453763e-09
40849,1.9095849933935026e-08
40850,-2.3759185339626956e-10
40851,-7.828649667863563e-09
40852,-3.96083949916146e-09
40853,-5.0808564107344145e-09
40854,-1.4057658761530139e-08
40855,-2.493482638833943e-08
40856,3.6270009603734267e-09
40857,-2.6944447271302634e-09
40858,-1.1571232526076923e-09
40859,-6.592505550697684e-09
40860,1.422849643612507e-09
40861,-2.9474833397537635e-09
40862,-1.0613604172341973e-08
40863,-1.6215359778484783e-08
40864,1.1097520589767611e-08
40865,-6.068937669760617e-09
40866,2.963360396950021e-09
40867,-6.2430178697563734e-12
40868,-1.5711117900361404e-09
40869,-4.508869462519324e-09
40870,1.3274556453614935e-08
40871,-1.499702573705602e-08
40872,2.4745766887046135e-09
40873,2.251788376279846e-09
40874,-5.337381336529086e-09
40875,-5.1974460278427464e-09
40876,8.285987654675947e-09
40877,6.8737000055935495e-09
40878,-4.769547155336817e-09
40879,7.55856172423116e-10
40880,7.180165301803357e-10
40881,9.665978471772475e-10
40882,2.6434811508787384e-08
40883,-2.718081904362527e-09
40884,-4.494567013743261e-09
40885,-2.158299171862666e-09
40886,-9.921894368936391e-11
40887,-2.3393778195858113e-09
40888,-7.908156649605807e-10
40889,7.800662229602175e-09
40890,1.5018973218253783e-09
40891,1.2462747729824911e-09
40892,-1.0797332578793876e-08
40893,-4.311142527597068e-09
40894,-1.7077883113665405e-09
40895,-5.602746007385017e-09
40896,1.6946068295887832e-08
40897,-5.377829997351211e-09
40898,-3.239661335476908e-09
40899,1.3965976745602202e-08
40900,-3.6575718225719817e-09
40901,-3.3239276639777987e-10
40902,4.058845018806423e-09
40903,3.2214117411451028e-09
40904,-6.963998431199924e-10
40905,1.9195078248618582e-08
40906,-5.450654023436732e-09
40907,1.3178437326232535e-08
40908,8.228157696776303e-09
40909,-5.1760970585559714e-09
40910,1.684630265314753e-08
40911,-7.3724944605819076e-09
40912,4.5855026859368253e-10
40913,2.423739459461907e-09
40914,-7.47735002108277e-09
40915,-2.0557001805792235e-09
40916,-3.339392334529746e-09
40917,4.4019073987093176e-09
40918,-3.0281746525420114e-09
40919,3.1598236743782215e-09
40920,-7.548287541788652e-09
40921,-1.0081194840610868e-09
40922,-8.367226909835355e-09
40923,3.153440153794992e-08
40924,-9.239346668825807e-09
40925,-4.143363388265395e-09
40926,-6.597313282926058e-09
40927,6.04527056643794e-10
40928,2.3950982209820376e-11
40929,-1.4488825250765387e-09
40930,2.098796961797503e-09
40931,-1.6791260259014934e-09
40932,-5.3163263977534495e-09
40933,-2.6123090445092567e-09
40934,8.334936661583634e-09
40935,5.5925871853689285e-09
40936,-1.3623164766093743e-08
40937,-1.283759273960281e-09
40938,-5.985649447350381e-09
40939,2.9909737372535893e-09
40940,-7.459973362838613e-09
40941,-2.310280634702133e-09
40942,6.404584364707791e-09
40943,-9.300431109715928e-09
40944,-1.8645443887109385e-09
40945,-9.448996905532027e-09
40946,-1.8265853422237784e-09
40947,-2.8594323742484244e-09
40948,-2.3624078077871445e-09
40949,2.3858320258449105e-08
40950,-7.524287100558608e-10
40951,1.2121928699104873e-08
40952,-2.885634657911067e-09
40953,-1.7501466578058743e-09
40954,3.622487177754262e-09
40955,4.1736782492684695e-09
40956,-1.1479395003494348e-08
40957,-8.642908100611702e-09
40958,-3.176682664407134e-09
40959,4.8510120284176175e-09
40960,-2.2285780347474777e-09
40961,2.3314784987658103e-08
40962,2.796153663904489e-09
40963,6.141520445993536e-09
40964,1.8183606479423953e-08
40965,-1.2331816785870619e-09
40966,-1.3296190620209711e-09
40967,5.2360894953201745e-09
40968,2.6872392875503053e-09
40969,-1.2908611317138418e-09
40970,-1.462851277586888e-09
40971,-3.384351793836739e-09
40972,2.7585513172112903e-09
40973,-2.0654160867868494e-09
40974,2.0187605440884854e-09
40975,5.370729704372101e-09
40976,7.736250057982193e-10
40977,1.0793432083127312e-09
40978,-1.4937014478486743e-08
40979,1.1282662401074143e-08
40980,1.9796352772592886e-08
40981,-1.3670383305075329e-09
40982,-2.7239685699896525e-09
40983,9.023065051742301e-09
40984,3.409961733780783e-09
40985,6.789553788800057e-09
40986,-9.785603460162591e-09
40987,2.4344495831683977e-08
40988,-1.5638709052344996e-09
40989,-9.762883553641915e-10
40990,-2.4925408747816558e-09
40991,-6.652707830257043e-09
40992,-1.2603366188539608e-09
40993,-2.437682369309087e-09
40994,-4.0261627430459246e-09
40995,-4.766562913878593e-09
40996,9.388432325200675e-10
40997,-7.465941193168434e-09
40998,8.262397797417563e-09
40999,-6.2146673457790284e-09
41000,9.702351878749053e-09
41001,4.032242878023028e-09
41002,3.35258018317204e-08
41003,8.35072760139096e-09
41004,-4.729082482410526e-10
41005,2.420864393571022e-09
41006,-5.313244623875116e-09
41007,1.9064795802490616e-09
41008,4.744800609502995e-10
41009,1.182019302542966e-09
41010,5.529001217535527e-10
41011,-4.328108646043169e-10
41012,-4.728115151497431e-09
41013,-1.3426078156988037e-08
41014,-1.4499591271410722e-09
41015,-3.3746103509074735e-10
41016,-3.6929997718801426e-09
41017,-3.0813935653676395e-09
41018,5.370942595728096e-09
41019,-7.288851190740055e-09
41020,-4.312180602289887e-09
41021,-1.7286656625813793e-09
41022,-3.7160436546373398e-09
41023,-3.2446450818868064e-09
41024,-1.3963951613762308e-08
41025,1.6180505988555158e-09
41026,-3.810806530252056e-09
41027,-3.572046600589408e-10
41028,-3.7157939736418096e-09
41029,-4.600722948780878e-09
41030,-3.892177169820015e-09
41031,2.841915770226279e-09
41032,-5.803466346014956e-09
41033,1.0173520472390504e-08
41034,2.8020801454141627e-09
41035,-2.1940879438089655e-10
41036,3.9162037114366096e-08
41037,4.216206005562881e-10
41038,-1.6689931908204292e-10
41039,-6.48308898165628e-10
41040,-3.025143356012834e-09
41041,-6.839719211074107e-10
41042,-8.394356829578308e-09
41043,-3.313017493724196e-09
41044,-1.0658256955391034e-08
41045,1.8145564273070476e-09
41046,-2.1209132444731324e-09
41047,1.364414363781459e-09
41048,2.4973690728461017e-09
41049,-9.396759826547201e-09
41050,4.271968469218638e-09
41051,-3.2844236123135566e-09
41052,1.5916613609371e-08
41053,-5.662768745514329e-09
41054,7.393614638770988e-10
41055,1.341332369638003e-08
41056,-1.2685895560667428e-08
41057,3.661043203558254e-09
41058,-1.0541552884664621e-08
41059,9.931787480185394e-09
41060,-2.9162711789361607e-09
41061,-5.156026321146795e-09
41062,-2.5673474254390264e-09
41063,-4.6135411775245425e-09
41064,1.0563361704859022e-09
41065,5.975043161724551e-09
41066,5.123368218617227e-09
41067,1.0847576545368972e-08
41068,8.372430967860642e-10
41069,-6.478628629081437e-09
41070,1.2311227698206016e-08
41071,2.423759730916339e-09
41072,1.3578829421436689e-09
41073,5.9397432903225e-09
41074,1.870796552255917e-09
41075,1.270926437983819e-08
41076,3.9665695890924525e-09
41077,4.579641755050903e-09
41078,1.2779046292067775e-09
41079,-9.18058512764181e-09
41080,-4.069977426007699e-09
41081,3.6824999427618512e-09
41082,-3.07388690281054e-09
41083,-7.734542484980279e-09
41084,2.2996725724531566e-09
41085,8.487133033877749e-10
41086,-8.397953067626838e-10
41087,1.4093691215518975e-08
41088,-1.144953394053931e-11
41089,-3.3971689922255493e-09
41090,-3.5624153748672677e-09
41091,-2.426220038832361e-09
41092,1.7614654518151783e-10
41093,-1.8028046691040165e-09
41094,1.7029147477564187e-09
41095,1.5099767226493468e-08
41096,-7.910491954279179e-09
41097,-2.6172226428189637e-09
41098,3.3142265519346536e-09
41099,-6.196103557814363e-09
41100,-1.0758147783396039e-08
41101,-1.9392720867492775e-09
41102,7.226550318476943e-09
41103,7.81677281303466e-10
41104,-2.262034847409946e-09
41105,1.5381235554796943e-09
41106,-8.326706295213909e-10
41107,2.448967985044895e-09
41108,-9.962882357577404e-09
41109,-5.213630999496518e-09
41110,1.0120922183069001e-08
41111,-1.3470195769889554e-09
41112,-7.789965876733872e-09
41113,1.1755413672079904e-08
41114,2.9386059931378925e-09
41115,9.377084245961063e-10
41116,4.541529816793511e-09
41117,-3.462579748404459e-09
41118,-1.5051535505411575e-09
41119,4.137364213864291e-09
41120,1.1431683311597981e-08
41121,3.5002291299049475e-09
41122,4.6781446734889106e-09
41123,-1.0511422428657974e-09
41124,1.5319611639497596e-08
41125,9.254688374262671e-10
41126,-1.0619360771019704e-08
41127,6.149887613644476e-09
41128,1.960806477635233e-09
41129,-1.5918078310477692e-08
41130,-2.371106017097146e-09
41131,1.7365657011080713e-09
41132,1.3119847814162512e-08
41133,-2.349643532093227e-09
41134,1.4066232759476533e-09
41135,1.047165925155344e-08
41136,-2.2086584871251737e-09
41137,-5.248449951224923e-09
41138,2.646618891203058e-09
41139,3.764658325543803e-09
41140,-1.1304370676184836e-09
41141,-1.74795380581773e-08
41142,5.513629735545412e-09
41143,1.3977116671875638e-08
41144,6.819834976846181e-10
41145,2.4479359107314997e-09
41146,1.5009450066133126e-08
41147,-2.138563392266929e-09
41148,-9.306942612173918e-09
41149,2.453737029139417e-09
41150,-5.676430896641212e-09
41151,-3.912476233705634e-09
41152,2.292555808575613e-08
41153,-1.7134716991331395e-08
41154,-4.6439313985578385e-09
41155,4.318797540961849e-09
41156,-5.957165235518208e-09
41157,1.1394670860932852e-09
41158,-5.942041650848127e-09
41159,1.2558157733929754e-08
41160,3.8936865898121054e-10
41161,1.7827658005244162e-08
41162,-2.6592592973019428e-09
41163,-6.337522796189899e-09
41164,-7.542658033203889e-09
41165,1.8388036921608054e-09
41166,6.001397927875478e-11
41167,-2.6934021818237976e-09
41168,-2.688316653141445e-09
41169,-1.6596527270009294e-09
41170,8.496109626005614e-09
41171,-3.6079229617464273e-10
41172,8.300360276107582e-09
41173,-3.6202697900875385e-09
41174,-2.646882900648332e-09
41175,6.120355651206868e-09
41176,2.1492248653840168e-08
41177,9.666749142064881e-10
41178,-6.837876262821424e-09
41179,2.9854295997909454e-09
41180,8.373520383120369e-09
41181,-2.080732210470419e-08
41182,3.7094100986188896e-09
41183,-1.0588199420731832e-08
41184,1.8211494021538806e-08
41185,-8.784621990437732e-10
41186,-7.87912045650608e-09
41187,2.366679121094925e-08
41188,3.03599677743856e-08
41189,3.796283193662442e-10
41190,2.2600807753228095e-08
41191,-4.4661800720436236e-10
41192,3.9477632883757275e-10
41193,-1.056238742550882e-08
41194,-8.688229017214944e-09
41195,-1.0255466417872512e-08
41196,1.822932131475463e-09
41197,-1.8081908866999871e-09
41198,-3.434301243745386e-09
41199,6.3954499752049285e-09
41200,-6.938696633181165e-09
41201,1.7697257540274396e-09
41202,2.844443558979941e-09
41203,1.5106392151852423e-08
41204,-4.614944553156565e-09
41205,1.024079260732217e-09
41206,3.6319261074971816e-11
41207,2.123331616226536e-09
41208,3.640959518260013e-09
41209,-3.2550707503728614e-09
41210,-1.6112105794003625e-08
41211,1.1439729802875745e-08
41212,3.203270668519752e-10
41213,8.623683966996198e-10
41214,-1.024493839651793e-08
41215,-6.0611685727667456e-09
41216,-1.1347735705779218e-08
41217,-1.3801244738948075e-09
41218,1.3127390037515585e-08
41219,-2.1064192893624818e-09
41220,-6.4550535314970205e-09
41221,-8.427240776855886e-09
41222,1.8722886676993398e-08
41223,4.572937675754313e-10
41224,-2.882793427897373e-09
41225,-3.865790253637284e-09
41226,-5.037867458539585e-09
41227,1.0662088685847704e-10
41228,-2.531161758146664e-09
41229,-1.1535933152664682e-08
41230,4.708636858217241e-09
41231,1.6328711821176304e-08
41232,-8.242910039606272e-10
41233,3.924320894099417e-09
41234,9.844606252806148e-09
41235,-2.4112919415464297e-09
41236,5.139335606103245e-09
41237,-1.573091334824078e-08
41238,5.44668047561562e-09
41239,-6.134880820456462e-09
41240,1.547409400213825e-08
41241,-1.667921695074138e-09
41242,-9.130933069210284e-09
41243,-1.6087133015873093e-09
41244,5.554152223347832e-09
41245,1.216061100736841e-09
41246,2.558780906831087e-08
41247,3.7354396399331925e-09
41248,-6.299764955461838e-10
41249,1.1000916972964714e-09
41250,-7.269020908516002e-09
41251,-4.77461689516364e-10
41252,1.0079001726256259e-09
41253,2.0145693933390986e-09
41254,-8.421787354508494e-10
41255,-5.096531591585288e-09
41256,-8.191444880540187e-09
41257,-6.661197093947523e-10
41258,-4.9775293836252894e-09
41259,-1.3396887498683658e-09
41260,2.0455742059899842e-09
41261,-7.705332839997654e-09
41262,6.741012146291014e-09
41263,1.1427221637445199e-08
41264,-4.751329797688547e-09
41265,2.700858788687067e-09
41266,-4.466232648296072e-09
41267,-6.629543008247133e-09
41268,-7.196349747854247e-09
41269,4.762832557416717e-09
41270,1.3811067386880307e-09
41271,4.649151495648599e-09
41272,9.581089000846088e-09
41273,1.167640627627416e-09
41274,-3.627602538068148e-09
41275,-5.3869309107849165e-09
41276,-7.294150651008515e-10
41277,1.1042742983921752e-09
41278,-5.281944039090246e-10
41279,-1.0558606241609533e-08
41280,-7.65756754962621e-09
41281,-3.9460905998982594e-09
41282,-4.397068056170347e-09
41283,-2.780436646131374e-09
41284,-8.861554086784265e-09
41285,-4.328778371293707e-09
41286,-1.6338656528804078e-09
41287,-1.0890151583514367e-08
41288,1.3477823733840543e-09
41289,1.8826094368150254e-09
41290,-2.008264141884551e-09
41291,-7.82549710098024e-09
41292,-3.845423871331098e-09
41293,-4.790776952964195e-09
41294,-3.178250722168987e-08
41295,-7.96875236910002e-10
41296,-5.111785367462059e-09
41297,-1.4922479113819556e-08
41298,1.6598851054928302e-10
41299,-2.8660555906907743e-09
41300,-1.7630171138351196e-10
41301,-1.579009842510592e-09
41302,-9.848675339101061e-09
41303,-3.976838041926367e-09
41304,1.1870822328627242e-08
41305,2.330786632904917e-09
41306,-1.5462291184869638e-09
41307,-1.293628979029102e-09
41308,-2.672175843782874e-09
41309,-1.4211288985318062e-09
41310,-8.210144501132685e-09
41311,-5.435661018687081e-10
41312,-4.553689060054939e-09
41313,-1.0368493523786807e-08
41314,3.898271641086071e-09
41315,8.473105785407419e-09
41316,-3.284110991180906e-09
41317,4.561754134334278e-09
41318,2.759177442706482e-10
41319,5.669670667752208e-09
41320,-1.021292670293449e-08
41321,-1.7589926105474246e-09
41322,-1.2824689778041155e-09
41323,2.27025238470606e-10
41324,-2.4452046818406596e-09
41325,-5.1147278251479705e-09
41326,-1.0082785888822197e-08
41327,5.512911425007557e-09
41328,-7.123925422662683e-09
41329,8.308477991047776e-10
41330,-1.0149432245863915e-09
41331,-2.757728490818494e-09
41332,-2.9399697859857097e-09
41333,-7.701997433282197e-10
41334,1.0271415107906898e-08
41335,-5.645239139128965e-09
41336,-1.9292870026931317e-09
41337,-1.0520743104307306e-08
41338,-1.945234818942814e-10
41339,2.1840906461479637e-09
41340,-2.560933963057806e-09
41341,-8.508253862603117e-09
41342,-2.1727980239457376e-10
41343,1.189785728526841e-10
41344,7.349888925723356e-09
41345,-7.596560313191344e-09
41346,1.7048226001631108e-09
41347,-1.5399111429696644e-08
41348,1.3779237885069893e-08
41349,4.558821078081441e-09
41350,-1.2684551477707339e-09
41351,-1.1964143301765008e-08
41352,3.2321831414644623e-09
41353,-1.4231767013870654e-08
41354,6.999929833583131e-09
41355,-3.8378639342813745e-09
41356,-4.983318144400837e-09
41357,1.3303895345626463e-08
41358,-6.3323195149734805e-09
41359,2.7627134850267762e-09
41360,4.3318416587158056e-10
41361,8.694387941817422e-09
41362,-2.929545034652013e-09
41363,-1.800268627291779e-08
41364,-2.4343137976582496e-09
41365,2.716811363256215e-09
41366,3.5572181829617702e-09
41367,-2.359675053601364e-09
41368,-8.595553707992295e-09
41369,-3.078033271960104e-09
41370,-1.0266362499006007e-09
41371,2.36753244165913e-09
41372,-2.0847632831909678e-09
41373,2.24777719540653e-09
41374,-6.481073662817157e-09
41375,3.281603387945858e-10
41376,-1.4242504560944588e-09
41377,-2.0879628818408767e-09
41378,-1.5574545798172046e-09
41379,-6.001677247804605e-09
41380,-1.742068010774196e-08
41381,-2.4414296582842207e-09
41382,-1.2367613231360332e-08
41383,8.235388818364479e-09
41384,1.8763231103179186e-10
41385,9.77010417016221e-09
41386,-4.671150854601131e-09
41387,-2.46868882145169e-10
41388,-9.548429612948006e-09
41389,1.1214658257151707e-08
41390,-1.3657559147656855e-08
41391,-4.067006433462235e-10
41392,-3.905245298223717e-09
41393,-3.174657385761655e-09
41394,-2.3193011889957946e-09
41395,3.268501345770977e-08
41396,8.381445171638134e-09
41397,-9.436703328470349e-09
41398,-5.382669921099114e-09
41399,-1.1923055640744903e-08
41400,1.1700388024906207e-08
41401,9.135561063247122e-10
41402,1.1409403794205292e-09
41403,-1.1717237742037843e-08
41404,5.428894975043659e-09
41405,-2.431263585193232e-09
41406,-9.118668342615007e-10
41407,2.8539989224147086e-10
41408,-9.905648858714744e-09
41409,-3.7807365036053325e-09
41410,2.1953159386842163e-08
41411,2.043077486357323e-08
41412,3.998877093410241e-09
41413,4.048690102816743e-09
41414,8.502191791093365e-09
41415,-5.739943942486257e-09
41416,-1.0148144786387862e-09
41417,-3.3416323291526966e-09
41418,-2.3765195910492025e-09
41419,7.614042737573538e-09
41420,6.407399253061321e-10
41421,-3.089609375842019e-09
41422,1.8478613508933512e-09
41423,-1.724277779084231e-09
41424,-8.778523389823444e-09
41425,-3.596044544073517e-09
41426,1.8536725272246595e-09
41427,-9.166859050119573e-09
41428,2.3211457417563435e-09
41429,-3.414952040710048e-08
41430,2.6311555707513465e-09
41431,-1.0764720636378071e-08
41432,-2.3255995303966907e-09
41433,-6.27015119586018e-09
41434,-2.704806921997795e-09
41435,-6.454755109761502e-10
41436,1.5708706383719786e-08
41437,-1.1508481317086154e-08
41438,-1.4183541110811399e-08
41439,3.6271137314734438e-09
41440,-1.7531527197265866e-08
41441,-3.7158310606593156e-10
41442,-5.286029689217397e-10
41443,-1.1627375053931255e-09
41444,-7.842728177645284e-09
41445,1.5260312548142755e-09
41446,-8.12714894103158e-09
41447,-2.534520797272559e-09
41448,-3.2738065494372207e-09
41449,9.737910105086784e-10
41450,-8.858507998622616e-09
41451,-1.668146053307019e-09
41452,-8.475180385270548e-09
41453,1.9118059408425902e-08
41454,-1.4215625374135506e-08
41455,7.329719069959854e-09
41456,-1.5583293495001057e-08
41457,-9.561164960336614e-10
41458,-7.414336632443973e-09
41459,6.3006780267011614e-09
41460,1.894540416022714e-10
41461,-1.1227510915578434e-08
41462,5.4024229974432e-09
41463,-1.582273024846742e-09
41464,-1.83361065611064e-08
41465,-1.8212698517284925e-09
41466,-3.769964163085457e-09
41467,-4.731733892721352e-10
41468,1.3344291596101555e-09
41469,-4.263357119046079e-09
41470,-6.036083071089169e-09
41471,1.3916311961046328e-10
41472,-7.27342428039912e-11
41473,-6.321888164491675e-09
41474,-2.8937804863439537e-09
41475,-1.7989429220921794e-09
41476,-7.275199974977101e-09
41477,-2.9645082866279827e-09
41478,-2.8672454212508806e-09
41479,6.608326226893352e-09
41480,8.631456719171846e-09
41481,-3.4852400143201854e-09
41482,-8.033857189536945e-09
41483,2.675715952862187e-09
41484,-3.328074649921302e-09
41485,1.989752315653596e-08
41486,-5.924994603330099e-10
41487,-2.3074466599711032e-09
41488,-2.434458155526544e-08
41489,3.086261336812966e-10
41490,-1.4904125502523484e-09
41491,-2.861007398057381e-09
41492,2.8122088772447776e-08
41493,6.0657005044686365e-09
41494,-2.768751775816394e-09
41495,2.3848905492908616e-09
41496,-2.603835992778335e-10
41497,2.1849729811905166e-09
41498,-8.427476411347233e-09
41499,2.46245387020354e-08
41500,6.039322284236202e-09
41501,4.943369135420508e-09
41502,-2.685124370980496e-08
41503,1.925549376032573e-08
41504,3.3541063937964728e-09
41505,-1.7683806451382783e-09
41506,-1.2705145652683882e-09
41507,1.4385992935697398e-09
41508,-3.2775975970276716e-09
41509,6.191799281894354e-09
41510,-4.0995609315455625e-10
41511,-2.9004414610227793e-09
41512,-4.754373859081131e-09
41513,1.700868805077557e-09
41514,-9.181786484084217e-09
41515,9.304738538755597e-11
41516,-2.840746063636153e-09
41517,-3.040927249586272e-08
41518,-1.1709444947089656e-09
41519,3.9890976809202684e-09
41520,-2.5084029941941478e-09
41521,8.125476046094528e-09
41522,3.5428052708574955e-09
41523,4.323177015999809e-09
41524,-1.4754727523899267e-09
41525,-1.4486322502734075e-08
41526,-3.9898211660125504e-09
41527,6.25543630634134e-09
41528,1.4402844989642496e-08
41529,2.5751031767988756e-09
41530,-8.725827101756046e-09
41531,-1.0146377274443863e-08
41532,-9.669335030563322e-10
41533,1.435730215290457e-08
41534,-6.2032376951280425e-09
41535,-9.917646725087638e-09
41536,-5.404349825702036e-09
41537,-1.6319886818290578e-09
41538,1.745086235853187e-08
41539,1.7990557292506827e-08
41540,-1.2827008596604347e-09
41541,-7.986613961089116e-11
41542,6.845601808235406e-09
41543,-8.224099436570226e-09
41544,-3.595817315669766e-09
41545,6.261764942844694e-09
41546,8.879779867971428e-09
41547,-1.3235236783827129e-08
41548,-1.3609454697123122e-09
41549,-1.5462256374947602e-09
41550,-3.3139772859619275e-09
41551,-1.1554293200060133e-09
41552,-8.042518455658621e-09
41553,3.515463190842939e-09
41554,1.0673422603474347e-08
41555,4.025192585525651e-09
41556,5.858541540922599e-09
41557,-4.969103309370297e-09
41558,2.1020736408619082e-10
41559,-8.292751361718909e-09
41560,-8.46832082389192e-09
41561,2.4042187815849547e-09
41562,-3.9089881358670956e-10
41563,-8.396565175165529e-10
41564,-8.165032002316793e-09
41565,1.666117061399543e-08
41566,3.8378824065016495e-09
41567,-8.4335610723144e-10
41568,-6.561824200921232e-09
41569,-5.3333576245414085e-09
41570,-4.700786718360684e-09
41571,-2.096798146741328e-08
41572,-6.183145867907854e-09
41573,2.2027777444109283e-08
41574,-1.2605632187307459e-09
41575,-5.855397701301686e-09
41576,-4.946616484176557e-09
41577,2.99376445181688e-09
41578,-5.6184532391522236e-09
41579,3.4922585430914227e-09
41580,-7.947322927761714e-09
41581,2.1742118075841806e-09
41582,-3.1232433005523237e-09
41583,-1.0577911933430763e-08
41584,1.4206398869572652e-09
41585,1.2639021574044502e-09
41586,-3.778055058696573e-09
41587,1.5915565550494123e-08
41588,-4.086498762623509e-09
41589,6.099123481721256e-09
41590,1.3205913094530417e-08
41591,2.8752434076299693e-10
41592,3.5071899591896686e-08
41593,1.0732351199462593e-08
41594,-1.9034175056540922e-09
41595,-8.945121411469571e-09
41596,-6.753191400261236e-10
41597,-9.893500427027301e-09
41598,-2.079168347030824e-08
41599,-4.5999381938032045e-09
41600,-4.923766298015982e-10
41601,1.346862348243178e-09
41602,5.000424949189798e-09
41603,-3.1041459195712747e-09
41604,9.124124962740602e-10
41605,3.0427233290584585e-09
41606,-1.0613992099052654e-08
41607,8.214770666954392e-09
41608,1.3000290592447019e-09
41609,6.169469523658123e-10
41610,-3.4760536629005063e-09
41611,2.263338275696564e-09
41612,1.963138638896846e-09
41613,3.4449545167204572e-09
41614,-3.1013047015889754e-10
41615,-3.647665184913455e-09
41616,1.0668390140519242e-08
41617,-1.1870415323374574e-09
41618,1.0880474349189876e-09
41619,-6.4551218645107726e-09
41620,6.074516187717983e-09
41621,-1.2129146238400082e-08
41622,-7.384171158377494e-09
41623,-3.990071085325482e-09
41624,-1.9727687445353595e-09
41625,1.5044920337546752e-09
41626,-6.420476494560269e-09
41627,2.2288442400841886e-09
41628,-7.504513667534672e-09
41629,4.361417323568266e-09
41630,-6.232519879072424e-09
41631,-1.7067542489683232e-09
41632,4.692919143015519e-09
41633,-1.136506759327314e-08
41634,1.638245742725667e-08
41635,-3.5179877439760116e-09
41636,-3.865454507382775e-09
41637,-3.939851034249216e-09
41638,-6.783504006866604e-10
41639,-6.776759103555721e-10
41640,-9.720430357086074e-09
41641,-1.941660782174198e-08
41642,1.7932602188822745e-09
41643,3.173686707783187e-10
41644,-1.0013526205322001e-08
41645,1.0006470593667295e-08
41646,1.0410665437946244e-09
41647,1.9321103960366365e-09
41648,9.656666189591748e-09
41649,-9.700484991043239e-09
41650,-4.3784351904597945e-09
41651,-1.1817330220487014e-08
41652,1.2497433156143296e-08
41653,2.7618962338868784e-09
41654,7.582997733886139e-09
41655,-6.9512399797504805e-09
41656,-4.491322840990081e-09
41657,2.2268058368748528e-08
41658,-2.9214491235748114e-09
41659,-8.281955256803556e-09
41660,2.316365951190278e-09
41661,1.1881571968634383e-08
41662,-5.502247316747404e-09
41663,-6.742314278075748e-10
41664,-1.0692025604479392e-09
41665,-1.745496239885752e-08
41666,-6.63795152625384e-09
41667,-2.1375403304504616e-08
41668,-2.4412349491252567e-09
41669,5.2356016928390694e-09
41670,-5.804242496270338e-10
41671,-1.6335836149903033e-08
41672,-5.6939076094388834e-09
41673,1.3120314425716639e-08
41674,-6.062371222652343e-11
41675,2.8355222165118473e-09
41676,-6.533810085772823e-10
41677,-3.6575437718989463e-09
41678,-4.623985756573718e-09
41679,2.2682223778577702e-09
41680,-1.446753896590647e-08
41681,-4.483086932256243e-09
41682,-3.503050882651157e-10
41683,4.724518044335687e-10
41684,7.913823956278142e-09
41685,-2.7313194960795525e-09
41686,1.869058385171471e-09
41687,-1.0118255778050996e-08
41688,-3.748441728573216e-09
41689,-6.509460590180721e-11
41690,-8.603111447090267e-09
41691,-2.2186313061425607e-08
41692,2.8207483374244477e-09
41693,-5.651668609706796e-09
41694,-1.1709137659394308e-08
41695,1.7155450906208457e-08
41696,1.4001767412738873e-08
41697,2.223484595031205e-10
41698,1.654159882351055e-09
41699,7.86402092144652e-11
41700,-2.150853353965694e-09
41701,1.847216583706491e-08
41702,-4.95767286102128e-09
41703,-1.9366245496562536e-09
41704,3.380221864299864e-09
41705,-7.582039645918654e-09
41706,-5.739466688908177e-09
41707,-2.0632918420212672e-08
41708,6.587796122609115e-10
41709,-1.805999537774869e-09
41710,-6.58587758303431e-09
41711,-7.402893419805097e-09
41712,-1.4759205967819626e-09
41713,-1.2163582316419353e-08
41714,1.6298990942795795e-08
41715,1.2560039801850922e-09
41716,-9.567066048250749e-09
41717,-6.509824739381072e-09
41718,-1.855465367633676e-09
41719,-1.0687474875827487e-08
41720,8.932286916139234e-09
41721,1.3399490804702923e-08
41722,-5.7661014918000596e-09
41723,1.7829442973454883e-08
41724,-2.8096346661432504e-09
41725,1.894296560909509e-08
41726,-1.7131859978127933e-09
41727,1.5452097584723178e-09
41728,6.524231890084701e-09
41729,-8.950677694780285e-09
41730,-8.651655767349642e-09
41731,-3.0066189093037286e-09
41732,3.7063330493866997e-10
41733,-3.2439814078052227e-09
41734,1.530281554964406e-08
41735,4.2390232832358506e-09
41736,1.968188333463999e-08
41737,-9.55146028635932e-09
41738,-7.427891766378745e-09
41739,1.8663077324162693e-08
41740,1.6470128026607458e-08
41741,2.437676240932309e-08
41742,-9.896799910007163e-09
41743,4.829851179484407e-09
41744,-3.1377244717795534e-09
41745,6.119201945015089e-10
41746,-1.2570326937135289e-09
41747,-4.606241991695715e-09
41748,-4.035235093231219e-09
41749,-3.918900785501673e-09
41750,-7.556439287300089e-09
41751,-7.921784178409018e-09
41752,-4.4536728526830435e-09
41753,-1.5208039763021452e-09
41754,-2.3364795876645865e-09
41755,4.930654606526302e-11
41756,1.6724235477669103e-09
41757,-1.0027357099460285e-08
41758,-2.264766381071434e-08
41759,-7.58218681588654e-09
41760,-3.3080063536298473e-09
41761,-2.0455509943301054e-08
41762,-1.310995378900686e-09
41763,-4.895502681786945e-09
41764,8.817612620507249e-10
41765,8.370855184701501e-10
41766,-2.2330580497251493e-09
41767,-9.538634155838354e-09
41768,-6.443155925070474e-09
41769,-2.303289787279312e-08
41770,7.562643142492703e-10
41771,-6.915383281241091e-10
41772,-1.2509892359315737e-09
41773,-2.0475248201352357e-09
41774,2.9207353823478327e-09
41775,-7.230279356715484e-10
41776,-2.4886031648658733e-09
41777,-5.264846792820524e-09
41778,2.0069379222840067e-10
41779,-2.8642194843786804e-08
41780,3.032171454054758e-09
41781,-8.036206745002468e-09
41782,-2.0995539301404464e-09
41783,5.233203576875603e-09
41784,-3.4810860285407867e-09
41785,-1.063116163118474e-08
41786,-1.7847660120914145e-08
41787,3.391517817188634e-11
41788,1.826466254736219e-08
41789,-1.0912632519387108e-09
41790,-2.7290128858359316e-09
41791,2.7635277842941418e-09
41792,2.813189596264091e-08
41793,2.0904625526806395e-09
41794,-2.3570823575699275e-09
41795,-2.0439360537220235e-08
41796,-4.0723290273020886e-09
41797,-1.3254793951036378e-09
41798,-1.1905831108680645e-09
41799,-3.6213729009951954e-09
41800,1.0687285879967745e-09
41801,-3.2748479627049606e-09
41802,-8.315929227814723e-09
41803,-2.599566130801534e-09
41804,-2.059077054714655e-09
41805,-7.217332403494339e-10
41806,-2.7688374600209603e-10
41807,-1.228376876553979e-09
41808,3.2035400105597553e-10
41809,-1.5494465369207605e-08
41810,-4.15124944230722e-09
41811,-1.4083431077108667e-09
41812,-3.720178044045082e-09
41813,-2.651353482947867e-09
41814,-2.4726908722509276e-09
41815,4.631225989933374e-09
41816,-1.1976879799330583e-09
41817,-4.669887472565382e-09
41818,-1.2965893484635632e-08
41819,2.803670801085098e-08
41820,-3.984015852877783e-10
41821,-1.15889094837966e-09
41822,-2.0788270756362197e-08
41823,-1.5292240790465865e-09
41824,2.529616155112667e-09
41825,5.07650928645957e-10
41826,1.3934792414944022e-09
41827,-7.252788374302786e-10
41828,1.420526922728042e-08
41829,1.0133746629461424e-08
41830,5.249723457054497e-10
41831,-7.923889737245053e-09
41832,-2.0421791034571622e-08
41833,-3.246052935842593e-10
41834,6.353082209800524e-09
41835,-7.4839226442552e-09
41836,1.4704775315045655e-08
41837,-1.3249176928496296e-09
41838,-7.389345930032738e-09
41839,-6.353541550573412e-09
41840,5.0316327684101176e-09
41841,-8.816606833007518e-09
41842,-6.455500877884768e-09
41843,1.313076830540735e-08
41844,-1.217660722099664e-09
41845,1.3200500561856666e-09
41846,-3.0744519814607145e-09
41847,-7.172700411332715e-09
41848,4.934583324966485e-09
41849,-9.060817462503558e-09
41850,6.43601914361483e-10
41851,-1.3222775910579122e-08
41852,7.221445973879578e-09
41853,-1.5850627850801912e-09
41854,2.2690386375366698e-09
41855,-1.6252798916334968e-09
41856,1.8614220193399206e-08
41857,5.231098867384552e-09
41858,1.3999459290913668e-08
41859,-1.0321638343209295e-08
41860,3.510099856620812e-09
41861,-2.0573036911173084e-09
41862,2.7898999433760913e-10
41863,-1.284959181435386e-09
41864,1.223997039288431e-09
41865,2.4658741225950253e-09
41866,-1.887876652971919e-09
41867,-6.160184316483039e-09
41868,1.926270148564813e-09
41869,-3.728614330666922e-09
41870,3.3854521659102314e-09
41871,1.9281122492894094e-09
41872,2.1460283386315653e-09
41873,1.2720367724112749e-08
41874,-1.98321975392724e-09
41875,-4.731352824252306e-10
41876,-6.458112874449622e-09
41877,-6.3000723777519915e-09
41878,3.3142276080607374e-09
41879,-6.309982266442938e-09
41880,4.5355121197553e-10
41881,7.717670745780826e-09
41882,-1.9067914278742097e-09
41883,2.9891734088605405e-08
41884,-1.1072208174067487e-08
41885,1.1955645943809344e-08
41886,-6.5840172793798905e-09
41887,-2.359276512454038e-09
41888,-1.579414372565068e-11
41889,4.441042090808099e-09
41890,-2.2821048035526387e-09
41891,1.835733549669466e-08
41892,-1.0844552408374749e-08
41893,2.556397996214732e-08
41894,-1.666132455042765e-09
41895,1.081817651579055e-08
41896,-1.082957744712649e-08
41897,1.1733454523874965e-09
41898,8.654617784142467e-10
41899,3.3652312826661837e-09
41900,-8.152943381756187e-10
41901,5.473115780880366e-09
41902,2.0035738472809666e-08
41903,-1.0756238189238974e-08
41904,-1.352089914540014e-08
41905,-2.2865649331253802e-10
41906,-2.942817867853812e-09
41907,-1.0551419384407398e-09
41908,-2.962388495489563e-09
41909,-2.2401018059611684e-09
41910,-7.056652532747915e-09
41911,-4.7850917414935606e-09
41912,-2.2339580161993978e-09
41913,7.0896462109665395e-09
41914,2.5640109300270177e-09
41915,5.475510057509907e-10
41916,-9.322559128568006e-10
41917,4.788370082052335e-09
41918,-5.684120221631935e-09
41919,1.6710849457161292e-08
41920,-2.658229849436074e-09
41921,-2.5646017125749566e-09
41922,-4.148997523282719e-09
41923,-1.8746758419416357e-09
41924,-9.626814812559708e-09
41925,2.557031371437247e-09
41926,-8.68726391674201e-09
41927,4.747235521809927e-09
41928,-1.0957341148115318e-09
41929,-1.079263870491125e-08
41930,4.997038139584433e-09
41931,-1.8020480628526134e-08
41932,7.498084292254411e-10
41933,-9.249161388957136e-09
41934,2.3787322290874323e-08
41935,-4.458317060741314e-09
41936,2.591849044815782e-08
41937,-2.75916549433886e-10
41938,3.5268309353674006e-08
41939,9.188584843365278e-09
41940,-2.5656092895944984e-09
41941,-4.830127422086051e-10
41942,-7.63976383313323e-09
41943,4.897796844061824e-10
41944,-3.2935253301986937e-09
41945,-7.2523975055796165e-09
41946,-1.7078519085400989e-09
41947,1.4851525578396477e-09
41948,-2.748834857557046e-08
41949,2.528521512609836e-08
41950,-1.394187237336015e-08
41951,2.5378353821070185e-09
41952,4.66791432196487e-09
41953,-7.915898989682494e-09
41954,-3.2929256840347177e-09
41955,1.1386337382083034e-09
41956,7.093133276325423e-09
41957,-2.0458956100908408e-09
41958,9.546206921633918e-10
41959,-2.512567056986429e-09
41960,-8.715007376367005e-10
41961,1.1316088061754587e-08
41962,-2.4587781935283067e-09
41963,-4.40305488049646e-09
41964,-8.985525366653404e-09
41965,9.170624499890249e-10
41966,-1.1611540696511577e-08
41967,2.9707779795584308e-09
41968,1.941659970165754e-08
41969,5.0621274442301135e-09
41970,3.4982794593362683e-09
41971,-5.564418402496923e-09
41972,1.3303459762268172e-09
41973,-1.1946516669584027e-09
41974,-4.757216791021765e-09
41975,-1.1714824483376834e-08
41976,1.7842931942245588e-09
41977,3.705525042439083e-09
41978,-9.130286696082051e-10
41979,-1.538168105124279e-09
41980,-5.568905666532772e-09
41981,1.916276427327332e-09
41982,-2.28181276578189e-09
41983,-6.8412384996275104e-09
41984,-2.0184331298706535e-09
41985,6.332918308006149e-09
41986,6.549728293540212e-09
41987,-3.409145740966443e-09
41988,-2.252399643066233e-09
41989,-2.955638456824559e-09
41990,1.231005633843132e-08
41991,-1.3196396745552983e-09
41992,1.6000566181925316e-09
41993,3.684719393563968e-09
41994,-5.469632476639848e-09
41995,-4.215923518476255e-10
41996,-1.3590197258035884e-09
41997,-9.393230563097494e-10
41998,1.5851686174515364e-08
41999,-2.2030197686842072e-09
42000,-1.7951551202633987e-09
42001,6.633206094855153e-10
42002,5.433040444700341e-09
42003,3.6838913138940173e-09
42004,7.1446599610727625e-09
42005,-3.9643813935893775e-09
42006,-4.143156818679417e-09
42007,1.873865494079815e-10
42008,1.6111940857141322e-08
42009,-2.938000152423793e-09
42010,1.9574982574185788e-10
42011,3.937404089070958e-09
42012,4.4866247773054465e-10
42013,1.4250154527639797e-08
42014,1.3928360798433231e-09
42015,-1.491396532572041e-08
42016,-9.583029761028729e-10
42017,-7.320458387131853e-09
42018,-2.595178607636343e-09
42019,-2.0753612833429317e-08
42020,3.781130458674386e-09
42021,-5.2822819443053564e-09
42022,-2.9859900224795326e-09
42023,-5.4166095561033805e-09
42024,-2.6294365841171364e-12
42025,5.0227690883066015e-09
42026,-8.475986107985059e-09
42027,-9.473871371187603e-09
42028,3.825528132590589e-09
42029,2.201176442196849e-08
42030,-6.185528069568092e-09
42031,-3.064284898591047e-11
42032,5.693220832784883e-09
42033,-5.776572398781054e-09
42034,-1.0587570964258915e-08
42035,1.5410735668969088e-09
42036,-6.934734814434551e-09
42037,-8.890032028123318e-09
42038,-2.869957939132523e-10
42039,3.823728382388869e-09
42040,-3.928251674305371e-09
42041,-3.19640729047234e-08
42042,-3.0376404528723053e-09
42043,-8.852810702692308e-09
42044,-5.805306450055435e-10
42045,1.4215285507747261e-08
42046,-2.693825677524396e-09
42047,-1.0144359553399596e-08
42048,-3.4154374945011845e-10
42049,-1.918590259824652e-09
42050,-1.1741743999914762e-08
42051,6.421229052994087e-09
42052,-1.8552297442854032e-10
42053,-2.36730354519925e-08
42054,-2.2533330449780887e-09
42055,-8.469134375006845e-10
42056,-1.2263487326798116e-09
42057,-1.1442488689258081e-09
42058,8.500434806898305e-10
42059,1.3438060353159095e-08
42060,7.686178061942825e-09
42061,1.170770778092333e-08
42062,-3.162620254437155e-09
42063,-1.032780735847273e-08
42064,2.7742294769165866e-08
42065,-2.7577012470443597e-09
42066,1.9651853598609786e-09
42067,-1.66870363183487e-09
42068,-2.3627262711868328e-08
42069,3.6406247345034475e-09
42070,1.0137898741959551e-08
42071,1.228166678463497e-08
42072,-1.0063499669434466e-08
42073,1.2555053249127098e-09
42074,6.129000593792945e-10
42075,-9.91586254500291e-10
42076,3.7855051428081305e-09
42077,-1.1644434333121e-08
42078,-9.631066289338671e-09
42079,-1.3640190887778476e-09
42080,-4.460351731360803e-09
42081,-5.137680364962919e-09
42082,3.24902851984129e-09
42083,-1.6466614713321838e-09
42084,-3.850948026565943e-09
42085,-4.6306214651560246e-09
42086,1.0152104015555473e-08
42087,1.7757371949946857e-09
42088,-1.2024552540659553e-08
42089,-2.723956528424104e-09
42090,-5.056390662715184e-09
42091,-4.689002469773061e-09
42092,-4.59976928795401e-09
42093,7.696511721372703e-09
42094,9.058533533411083e-10
42095,-3.555937898554947e-09
42096,2.046432475603251e-09
42097,-1.6795453482011012e-09
42098,-8.959939405350187e-10
42099,1.2712789172847758e-08
42100,1.7973771455735657e-08
42101,-9.48372719311519e-10
42102,1.0224789750932599e-08
42103,1.3637846206382852e-10
42104,-2.111551785491569e-09
42105,5.4744558015846874e-09
42106,-4.139411508505779e-09
42107,2.24970706550645e-08
42108,7.73406298769842e-10
42109,2.406236555286783e-09
42110,-6.130493202568415e-09
42111,-1.2631817688530084e-08
42112,1.1317218232225556e-09
42113,2.745495457686254e-09
42114,-1.1162382672388134e-08
42115,1.5657510738752513e-09
42116,4.642316109582597e-09
42117,-7.489738945918843e-09
42118,-2.1596435036426152e-09
42119,8.193310168109953e-11
42120,4.668061519490581e-09
42121,-5.94980978287724e-09
42122,-2.0499486052627343e-09
42123,-4.5419385042173825e-09
42124,-3.937551935392862e-09
42125,-7.661532137750276e-11
42126,2.0271376186550934e-08
42127,-8.004433417665029e-09
42128,1.633190923459328e-09
42129,8.429069509305318e-09
42130,-4.555909527327738e-10
42131,-1.0031142365307568e-08
42132,1.4534971546840621e-08
42133,-4.123820301489621e-09
42134,-2.6415262168383856e-09
42135,-3.071068064171315e-09
42136,-1.1990055588791654e-08
42137,1.2666246489857502e-09
42138,8.154020547676808e-09
42139,3.0291226599412555e-09
42140,-9.30400215405144e-09
42141,1.2001083493057587e-09
42142,-2.1351544803625148e-08
42143,-7.206465869619424e-09
42144,-6.9817719156965265e-09
42145,3.3933523884927667e-10
42146,-1.0280775519162012e-10
42147,-7.022888211436833e-10
42148,7.964740800809033e-09
42149,3.861713801594271e-09
42150,1.564888673759723e-08
42151,1.0769686495602492e-08
42152,7.308509953694097e-09
42153,-4.803481693543051e-10
42154,9.735573755414919e-09
42155,-3.2720678057685222e-09
42156,1.6244432354693374e-08
42157,9.430655688625378e-09
42158,-4.9634707024380626e-09
42159,1.2943340548340254e-09
42160,2.4300228204653333e-09
42161,-5.329710469274458e-09
42162,-5.522918051756825e-09
42163,4.917251536811184e-09
42164,1.2156530481527216e-08
42165,8.503094539263459e-10
42166,-2.3253225712652266e-09
42167,-4.758831670102054e-09
42168,-6.970830851042664e-09
42169,-1.406258869093426e-09
42170,-2.929309841167836e-11
42171,6.502486495320013e-09
42172,-4.924236217475667e-09
42173,6.696827010123071e-10
42174,-1.0044087255204415e-08
42175,-1.9273094453631116e-09
42176,-1.2709270525366268e-08
42177,3.6158202877751644e-09
42178,-2.572702014163927e-09
42179,5.094731864175572e-09
42180,9.849513347266034e-10
42181,-2.9805881165333736e-10
42182,3.23533579081363e-09
42183,-6.192009481165321e-10
42184,4.4055954703848214e-09
42185,2.2852506579873155e-09
42186,-6.906969837430304e-09
42187,-5.345170964967962e-09
42188,3.772337435182457e-11
42189,-2.333007237795794e-09
42190,-7.864523229593895e-09
42191,-4.417790834131245e-09
42192,-2.4326448858193966e-09
42193,-3.991792872746887e-09
42194,-2.876025477234473e-08
42195,-7.413481392584649e-09
42196,6.612351586650645e-10
42197,3.3714132724622697e-09
42198,-9.503152724702143e-10
42199,-1.2630428284372244e-09
42200,9.92050426466624e-09
42201,-8.489660516340761e-10
42202,-1.0794562596761592e-08
42203,3.9198350152520144e-09
42204,1.577958340306319e-08
42205,4.790012712989309e-09
42206,-2.336506122005886e-09
42207,4.697108379193869e-10
42208,-3.646437150393806e-10
42209,-2.065117937742234e-09
42210,2.73735742625975e-09
42211,-2.2825181500311044e-09
42212,-3.0990419907827085e-09
42213,2.4858222476677232e-09
42214,-5.850098697885049e-09
42215,5.40606469233338e-09
42216,-1.2471697710098011e-08
42217,-5.010287381066601e-09
42218,1.1695558693937526e-08
42219,-2.1218566232309867e-09
42220,3.882849793007951e-09
42221,1.0969512539569655e-08
42222,1.5232659171322247e-09
42223,-4.175647402794855e-09
42224,-4.290624413408984e-09
42225,-1.0820678609632953e-08
42226,-6.944956841633342e-09
42227,-4.410192392068352e-09
42228,1.5190722580672163e-09
42229,-2.491577378321597e-09
42230,1.1572425675892269e-08
42231,-2.5896787989013823e-09
42232,-1.1567705272697696e-08
42233,-9.9796899073318e-10
42234,8.715063557284454e-09
42235,2.271819582866465e-09
42236,5.8566463049188664e-09
42237,1.6902379342569339e-09
42238,7.693990344550996e-09
42239,1.7354963113277723e-08
42240,-3.9232017156487025e-09
42241,2.234463546969064e-08
42242,-4.890086013834576e-09
42243,-9.508273810176918e-09
42244,2.1406777999145764e-08
42245,-1.5541532987876554e-08
42246,-1.994447652882729e-09
42247,1.481636849471361e-09
42248,2.2159884274507514e-08
42249,-4.918880254505811e-09
42250,3.4216422752805735e-09
42251,-1.5460310943179902e-08
42252,8.933397907729029e-09
42253,-1.0831456902220409e-09
42254,-4.914627778226355e-09
42255,-8.93941854402707e-10
42256,-7.317325399885349e-09
42257,1.8463021315127135e-09
42258,8.350915381547628e-10
42259,5.731287168578624e-10
42260,-3.75162549459001e-09
42261,-9.21930530789918e-09
42262,1.5445094541472693e-09
42263,1.2701922608776964e-09
42264,-2.443966421282431e-10
42265,-5.766213593685277e-09
42266,-9.50028168133111e-10
42267,1.808850864879713e-09
42268,-1.4627178551626134e-08
42269,-4.6007243219398846e-09
42270,5.392140239283369e-09
42271,-4.020383580992725e-09
42272,-6.1910070479249186e-09
42273,9.839576390645801e-09
42274,3.3987901475183664e-09
42275,2.0315730620026074e-08
42276,-6.914947948064778e-09
42277,8.292276840047023e-09
42278,-4.510851338138796e-09
42279,-7.119756238566245e-09
42280,1.8883597455693673e-09
42281,-1.7764662172558327e-09
42282,5.036772177286834e-09
42283,4.8986247658705305e-09
42284,-6.536268634272044e-09
42285,-1.4480447372956761e-08
42286,1.8351585606056793e-08
42287,9.755697578197062e-09
42288,-3.143114760845872e-09
42289,3.960253268985343e-09
42290,-1.2522811388808619e-08
42291,-6.444475728793877e-09
42292,-4.776796629476622e-10
42293,-4.886876345814501e-10
42294,8.356245435616307e-09
42295,3.6435005934375807e-09
42296,2.180671479739688e-08
42297,2.1352878654053223e-08
42298,5.137417701518807e-10
42299,1.1263202372979998e-09
42300,2.4539798523497995e-09
42301,1.3944765754857147e-09
42302,-1.0344109694049013e-08
42303,-2.6564011849224496e-09
42304,2.3932008337794545e-09
42305,-8.550878431821422e-09
42306,2.1690126330508965e-10
42307,4.006817414065702e-09
42308,-4.654293683201425e-09
42309,-1.025459578529129e-08
42310,1.6738108020840676e-09
42311,-2.040522377630938e-08
42312,-1.5377860835193452e-09
42313,-6.89862314473399e-10
42314,3.074032736556877e-09
42315,4.303698464704931e-10
42316,-4.506151853209997e-09
42317,-4.586173503538572e-09
42318,6.305037581230069e-10
42319,2.478516659716846e-08
42320,1.1266817061812324e-08
42321,2.591761814169241e-09
42322,4.340275440848716e-10
42323,-4.668457485723269e-09
42324,7.472491168105295e-09
42325,1.997252231325819e-09
42326,-8.61524036972054e-10
42327,-2.465883403038318e-08
42328,-1.5583199150033112e-09
42329,-4.720135978430221e-09
42330,-1.2812412679746066e-08
42331,4.942306350647657e-10
42332,-1.4248715389025829e-09
42333,1.558811653628563e-08
42334,-2.0790206969738e-09
42335,-2.6859811398829837e-09
42336,1.2566529026936153e-09
42337,1.4957154567696195e-09
42338,3.357499049241913e-09
42339,8.080617128366518e-09
42340,-1.3432943014503037e-08
42341,4.047968390081151e-09
42342,3.5028057489408235e-09
42343,-2.5764002930844868e-09
42344,3.9883172684031896e-10
42345,-6.16670535919163e-09
42346,-1.3550104413385128e-09
42347,2.1689587942006995e-09
42348,-1.833324737709192e-10
42349,-9.006776684811638e-09
42350,-2.394093733747948e-09
42351,-6.991784027776135e-09
42352,-5.034240605620904e-09
42353,-1.2496489750067362e-08
42354,-2.761679543206567e-09
42355,1.412762977124921e-08
42356,-3.0118472967066566e-10
42357,-3.7982469243503225e-09
42358,-3.6990320264862467e-09
42359,1.616867874579318e-08
42360,-1.6742981359211582e-08
42361,1.0814113151211357e-08
42362,-2.1788615105079757e-09
42363,-3.3029902557730846e-09
42364,-1.4721732500065501e-09
42365,-7.339306522519811e-09
42366,-2.7449453223983816e-09
42367,-8.19037587280575e-09
42368,1.8804654834719483e-09
42369,6.538345562709859e-10
42370,3.7589086235723725e-09
42371,7.1872308008358785e-09
42372,-4.223262708541442e-09
42373,2.087912648510096e-09
42374,-2.8348321509019814e-10
42375,1.8068359225215126e-09
42376,-3.661629184227477e-09
42377,2.854466694529165e-09
42378,-4.419386093329677e-09
42379,4.956996008954186e-09
42380,2.268761319435077e-09
42381,-1.2426377572402321e-09
42382,-2.3669397680047656e-09
42383,-1.2851061817440336e-08
42384,6.197680907990735e-09
42385,2.6589816749387514e-09
42386,-3.397360015097393e-10
42387,-3.904330863191354e-09
42388,7.538271408308126e-09
42389,-6.180015514823129e-09
42390,1.0076938913981907e-08
42391,-2.2052160855379877e-09
42392,-1.063518515761747e-08
42393,7.088641466191599e-09
42394,2.4295489691059724e-09
42395,-5.494795461913552e-09
42396,1.6270360746819935e-09
42397,-2.032234006405581e-08
42398,-8.04123503191377e-09
42399,-1.2383053167878358e-08
42400,-4.267596861821382e-09
42401,4.3953069700431355e-10
42402,1.2268937831241772e-09
42403,1.2736362481443831e-08
42404,-7.18505635217441e-09
42405,-2.630588697470133e-09
42406,2.932727107331064e-09
42407,-4.548589488717756e-09
42408,3.6815938498598325e-09
42409,-1.5249273420053298e-09
42410,4.2307431709797695e-09
42411,1.770432592771612e-09
42412,1.3226114269059217e-08
42413,-3.4030201164335643e-09
42414,2.380675698728233e-09
42415,2.1454718800678227e-09
42416,-8.194493555259351e-09
42417,1.3484250048489544e-09
42418,-5.78408885632454e-09
42419,3.04088320830555e-10
42420,-4.429349644581997e-09
42421,-2.3112160923173096e-09
42422,3.9504698628393e-09
42423,-4.5739949954592816e-09
42424,-4.784775471205971e-09
42425,-3.4269952720362747e-09
42426,2.1473046814673075e-09
42427,5.1805791191063436e-09
42428,-1.3908520165537103e-09
42429,1.4006501439815287e-08
42430,-1.0628459372550643e-08
42431,6.512703271956898e-09
42432,1.633923812760887e-08
42433,-2.632907024879901e-09
42434,1.7472649171076443e-09
42435,-2.774973609402769e-09
42436,-1.7911784118023535e-09
42437,1.3695093770317188e-08
42438,2.0331362401377955e-10
42439,-5.873134164863411e-10
42440,-6.476630936111061e-09
42441,4.93411941393374e-10
42442,-1.718265480760614e-09
42443,-7.995691496530236e-09
42444,-1.8532873430078128e-09
42445,-2.691048886038961e-09
42446,5.009316795921335e-09
42447,-7.351560942252071e-10
42448,-3.921544891981721e-09
42449,-2.7723687718442535e-09
42450,-1.667965453493549e-08
42451,-1.4382843804699511e-08
42452,1.861851640767091e-09
42453,-1.1287458572206233e-08
42454,-3.1563252457981336e-09
42455,8.887496064187966e-09
42456,-1.2517505186980567e-08
42457,-3.482436947940269e-09
42458,-8.696005692150684e-09
42459,-3.4969545227767745e-09
42460,-3.333897190903862e-09
42461,-1.6248760104142422e-09
42462,3.049288509666784e-08
42463,-1.0492444940341106e-08
42464,3.3310738113060565e-09
42465,-8.50312549512084e-09
42466,-7.2682005351678405e-09
42467,4.7777828148124706e-09
42468,4.365530171743312e-09
42469,-1.742178752601549e-09
42470,-4.821154729833366e-09
42471,1.1033993218970811e-08
42472,2.4147549671966243e-09
42473,9.870785596330131e-10
42474,3.3787351861317057e-09
42475,1.4990016509343678e-08
42476,1.3736758301423998e-08
42477,-3.757498856181461e-09
42478,-1.1215722626659864e-09
42479,4.8115047640639345e-09
42480,1.8217387790634242e-08
42481,-3.1092785789175388e-09
42482,4.485536026498248e-10
42483,-2.902299681071318e-09
42484,5.621521779940314e-09
42485,3.789645213500708e-12
42486,-3.0730555030577537e-09
42487,-1.587222933301788e-08
42488,6.069036984584757e-10
42489,2.0429582349248753e-09
42490,1.6323943276371332e-09
42491,5.610597532256585e-09
42492,-1.29165820594059e-08
42493,-1.581216095499467e-08
42494,-5.446255907099501e-09
42495,1.5750283423584954e-08
42496,-5.6028844750076446e-09
42497,-8.850161029587319e-09
42498,1.5385009297747124e-08
42499,8.823834871652109e-09
42500,9.495874624501665e-10
42501,4.6020490623086845e-09
42502,-1.2305693348247377e-08
42503,-3.2065384776802256e-09
42504,-6.4698390280446316e-09
42505,-3.590430811200952e-09
42506,-5.0175597898295994e-09
42507,-2.213569334629293e-09
42508,4.497946317555588e-09
42509,-1.933427663156204e-09
42510,1.5942023488326077e-08
42511,-4.680866732629573e-09
42512,5.812254633492418e-09
42513,5.795645266464826e-09
42514,-1.072613984517697e-10
42515,-5.7692898247366195e-09
42516,1.4020356376035054e-09
42517,-3.8093497614341335e-09
42518,-3.0389173916534814e-09
42519,2.12375511023023e-09
42520,-6.639344096035447e-09
42521,-5.135177334278498e-11
42522,7.179003134482717e-10
42523,5.737762061902399e-09
42524,2.5631233678583976e-09
42525,1.3733591974862823e-08
42526,8.283216020870511e-10
42527,-1.3149883651443838e-08
42528,-8.974368216756212e-09
42529,2.6526337527361016e-10
42530,-4.2720691515204786e-09
42531,-2.6199220474854235e-09
42532,-6.304050961676239e-09
42533,-7.771853815667705e-09
42534,-5.67056015561196e-09
42535,1.277478272472854e-09
42536,-6.700196643047822e-09
42537,4.043600667227344e-08
42538,-6.64333663634695e-10
42539,-1.6546723353367892e-08
42540,1.8089140071452392e-09
42541,1.2524927466574944e-09
42542,-4.946539735490725e-10
42543,-4.869923006145977e-09
42544,-1.1024929688216884e-08
42545,-1.3572409564828701e-09
42546,-1.0670871597178616e-10
42547,5.906800453856673e-09
42548,-3.528488005654989e-09
42549,6.209292457690738e-10
42550,3.0607849991596194e-09
42551,3.68336235448869e-09
42552,-8.98658273861641e-09
42553,8.871511825811357e-09
42554,-1.8145885018288084e-09
42555,-1.7885233506363806e-08
42556,-3.9961507158447504e-09
42557,3.707436735252158e-10
42558,-3.3757249023374055e-09
42559,-3.216766338558665e-09
42560,-8.75886402495363e-09
42561,-1.5092132099042038e-10
42562,-9.264245347130842e-09
42563,-1.9228046306350664e-09
42564,-3.485623134873509e-10
42565,-5.246912149522346e-09
42566,-6.996020675084798e-09
42567,-2.003045475997888e-08
42568,2.1946642898237955e-09
42569,1.8701388896176017e-08
42570,-6.87762504337459e-09
42571,6.156944004836592e-09
42572,-6.830092563098896e-09
42573,1.1458195967347104e-08
42574,-4.036503382161293e-09
42575,-4.449168716963976e-09
42576,-9.877178136054035e-10
42577,-3.4021052878185225e-10
42578,1.0368806127370425e-09
42579,2.25790889877102e-09
42580,-9.268483192700241e-09
42581,-4.6228298265498554e-09
42582,-2.00513586101331e-09
42583,-6.036120663379349e-09
42584,-3.0256221400738686e-10
42585,-2.10414821082153e-09
42586,1.7794221233637615e-08
42587,-5.9286752008711126e-09
42588,9.367886603021342e-10
42589,-2.699614125742018e-10
42590,4.154934258997163e-09
42591,-7.484953201990971e-09
42592,-1.9978888821466648e-09
42593,9.179041463171574e-10
42594,8.696101399649414e-09
42595,-1.2087114031521323e-09
42596,-1.4055241047144213e-08
42597,-1.1672962794216211e-09
42598,5.734107972361507e-09
42599,-3.284010925567371e-09
42600,-1.021197552103152e-09
42601,2.9734533648905622e-09
42602,-5.8624998172740974e-09
42603,-3.2391769675114262e-09
42604,9.543904230276232e-10
42605,-8.867270027957501e-09
42606,-1.6594966245206262e-09
42607,1.0433581418796149e-08
42608,-6.0839094603356236e-09
42609,2.9273276879689307e-09
42610,-1.4414114922349726e-09
42611,1.1547618700869138e-08
42612,-6.629739156075194e-09
42613,7.597148422570784e-09
42614,3.396585528271144e-09
42615,-8.766772247374207e-09
42616,-6.2223041066342776e-09
42617,5.241490483891426e-10
42618,1.9057268569142192e-08
42619,-2.9378105576131387e-09
42620,1.1043844147156246e-09
42621,-1.0807894817475566e-08
42622,6.162373941873679e-10
42623,5.088853527281157e-10
42624,-1.6671184446474018e-09
42625,1.1783632938858327e-08
42626,-8.834248140105974e-10
42627,5.957305991217367e-10
42628,-1.3103428056391823e-08
42629,-1.0397340217959927e-08
42630,-7.851845831479288e-09
42631,3.718622860151592e-10
42632,-6.4754551647010885e-09
42633,-7.608281797766657e-10
42634,4.9100511501795896e-09
42635,-9.869932720152894e-09
42636,-4.2584057527186e-09
42637,-1.2271294074591881e-09
42638,-9.480998459754065e-10
42639,-1.861874648610569e-08
42640,7.4032514680073084e-09
42641,7.420020387006069e-09
42642,-4.195857348024742e-09
42643,7.478306027130913e-09
42644,7.2069180984349925e-09
42645,-1.421230790552942e-08
42646,2.53548142483926e-08
42647,-2.21404133129921e-09
42648,1.1737891045145326e-09
42649,8.899667285728311e-10
42650,8.431247049204616e-09
42651,1.228115931848963e-08
42652,-6.3741994009441675e-09
42653,1.352921857547467e-08
42654,-3.712320814903366e-09
42655,2.2256488700780937e-08
42656,-1.3780889318493809e-08
42657,-4.7610883556891295e-09
42658,-6.423557597901338e-09
42659,2.9067716475541866e-09
42660,1.616094541810446e-09
42661,1.1879872405092074e-08
42662,1.4377857068720338e-08
42663,-7.662121520582894e-09
42664,-5.526185743669319e-10
42665,-7.149920160196836e-09
42666,-4.790640070411601e-09
42667,-3.359953913080558e-09
42668,-6.061597705189526e-09
42669,8.600353457157604e-09
42670,-2.2362839903463346e-09
42671,-1.2014022722528322e-09
42672,3.894002199940416e-09
42673,-1.2582667640734151e-08
42674,1.047109934479341e-09
42675,7.85256403524971e-10
42676,7.586850379383762e-11
42677,-6.376410282255191e-09
42678,-2.27389907465366e-08
42679,7.569101736498157e-09
42680,-3.0121323266972277e-09
42681,-1.8206926581372563e-08
42682,-1.482607891215311e-08
42683,-6.938015887064266e-09
42684,-1.2620450261787322e-09
42685,5.9355134762648925e-09
42686,-7.3802610555836315e-09
42687,-7.290850934299498e-09
42688,-3.129808885489547e-11
42689,8.175143287025927e-10
42690,1.0361842158685755e-09
42691,-1.58459031439733e-09
42692,-2.2022836362319434e-09
42693,-3.997028606009797e-09
42694,6.228672443476539e-09
42695,-5.571228030799643e-09
42696,-9.032643980688686e-09
42697,-1.3287734961872653e-08
42698,4.116437388685524e-09
42699,-2.674216022990428e-09
42700,-6.110114128300066e-09
42701,5.971791615852895e-09
42702,-7.146893490022412e-09
42703,1.3087835951331662e-09
42704,1.2897278472742695e-09
42705,1.2298121996070046e-09
42706,-3.2302015806477042e-09
42707,-2.692652846618636e-09
42708,-1.209026907666899e-08
42709,-2.6336110284683942e-09
42710,1.621808703079205e-08
42711,4.301418150745985e-09
42712,1.1792699392956805e-08
42713,1.604048350707547e-08
42714,-4.876819352881703e-09
42715,2.001619059530975e-09
42716,-6.226918269385795e-10
42717,-1.8094699888220726e-08
42718,-1.0868477888611072e-08
42719,-2.621252101877997e-09
42720,2.1043194878337803e-09
42721,-5.009436503978582e-09
42722,-4.434388382689006e-09
42723,-5.212664781747386e-09
42724,-1.0021266510376732e-09
42725,1.038306651578173e-09
42726,8.563558723990228e-09
42727,-4.623959520540848e-09
42728,-1.3669259937152797e-09
42729,5.487218472797618e-09
42730,7.571147969542982e-10
42731,6.154474551462139e-09
42732,1.1197762045182996e-08
42733,2.964917446000443e-10
42734,3.390507923882897e-09
42735,-2.3592543895512678e-09
42736,-3.908719253372802e-09
42737,-4.189175995842137e-09
42738,1.1974184647121067e-09
42739,5.578624685760654e-09
42740,-4.168944448033896e-09
42741,-6.310297441857454e-09
42742,-3.2780247424290413e-10
42743,3.885969124901731e-09
42744,4.0858997941830307e-10
42745,-7.149624393092254e-09
42746,-2.9755370147823236e-09
42747,2.4321281149369464e-09
42748,-6.765691201900957e-10
42749,-4.9960805822031626e-09
42750,-1.2034429811751434e-09
42751,-1.4542922863815811e-09
42752,-3.2692330190570874e-09
42753,2.667739964094923e-09
42754,2.12024458745119e-09
42755,-4.439945347592513e-09
42756,-2.003522325818402e-09
42757,8.157783354164015e-09
42758,-1.5884437410804946e-08
42759,-9.32046212134816e-09
42760,-1.9496647769814644e-10
42761,-5.225114016539349e-09
42762,2.9542725623219466e-10
42763,-4.3771971284643735e-09
42764,-2.5763121103600997e-09
42765,-1.0452243854867906e-08
42766,1.312363929782574e-08
42767,-1.634778905733967e-08
42768,2.0899462226262603e-09
42769,-6.279627010505827e-09
42770,2.5235209458397467e-11
42771,1.8704605764991982e-09
42772,-3.978827642946359e-10
42773,-4.7420309707203775e-09
42774,-3.7799642778627625e-10
42775,-5.8496659249931965e-09
42776,-2.1937420692764807e-09
42777,1.3203150111803542e-09
42778,7.635269675568751e-09
42779,1.0038054410627972e-09
42780,-3.0159086663772333e-09
42781,-6.258546084196906e-09
42782,-3.4657375243918375e-09
42783,-3.4757448581786058e-09
42784,-1.13032539494797e-09
42785,-2.4949526801983284e-09
42786,-1.3313408251520017e-08
42787,-8.472803608634898e-09
42788,-4.254774045684785e-09
42789,-2.424157002032958e-09
42790,-2.5830944371270515e-09
42791,-5.258996900249735e-10
42792,1.8377428262426809e-09
42793,2.907488003943796e-09
42794,7.1448490089213384e-12
42795,-6.921056272027426e-10
42796,2.8009631044393315e-09
42797,-1.2520310531573777e-08
42798,3.426237168908159e-10
42799,1.5053194109958176e-08
42800,-4.547966589151696e-09
42801,7.525230977867102e-09
42802,-5.0157991274085185e-09
42803,-3.901190740713453e-09
42804,-5.231494184882053e-09
42805,1.0212078777230668e-09
42806,-3.2971345861428756e-09
42807,2.4552779749413962e-08
42808,-6.174276529863934e-10
42809,-1.2666884392320831e-09
42810,-8.262080371662746e-10
42811,8.491507312207314e-09
42812,-9.984213787840596e-09
42813,-7.072275190617871e-09
42814,-8.528369286811977e-11
42815,5.230337195083932e-09
42816,-4.4756313969345594e-09
42817,3.279652421531496e-09
42818,7.982466250722928e-09
42819,-2.991843815303596e-08
42820,-3.6413981405145872e-09
42821,-2.445034614758396e-08
42822,-1.5592492360829864e-08
42823,-8.493252496379076e-09
42824,-3.056563577293167e-09
42825,-1.793467911290516e-09
42826,-5.000381275566517e-09
42827,-5.4158627238075364e-09
42828,-5.366351556837717e-09
42829,7.64154724389342e-09
42830,-5.719052762062399e-10
42831,7.801607549251952e-09
42832,-5.561496400035265e-09
42833,1.4737865465606003e-09
42834,-5.134337034573182e-09
42835,4.902157699004255e-09
42836,-2.097482383841622e-09
42837,-1.3783516187797239e-08
42838,1.038431576872362e-09
42839,7.98652220914352e-09
42840,1.5340300769250458e-08
42841,-2.394801795602925e-09
42842,5.533304949771352e-09
42843,-1.8159835532245122e-09
42844,-1.6838726196337908e-09
42845,-2.113079086583473e-09
42846,9.03462828589982e-09
42847,-2.0912340073016677e-09
42848,1.4636746690117e-09
42849,2.318779853122396e-09
42850,6.525951350725577e-10
42851,-6.657145183084244e-10
42852,-4.1072141834582e-09
42853,-1.7998793557054623e-09
42854,-2.7223088987674235e-09
42855,2.434408052874668e-08
42856,-3.902938585390654e-09
42857,7.801612067400342e-09
42858,-1.0411103136956997e-08
42859,-3.0473130091270154e-09
42860,7.62658411026378e-09
42861,-1.3440047510436192e-09
42862,-6.549264344553121e-09
42863,7.48770434206484e-10
42864,-9.746367592464032e-09
42865,-4.889490469499656e-09
42866,-2.382463634184949e-09
42867,-1.0020370351214054e-08
42868,-7.591486915424005e-09
42869,-4.2450588188319345e-09
42870,3.969645087637183e-08
42871,-3.852525753413293e-09
42872,1.4226504715517366e-08
42873,-7.52871808669768e-09
42874,-9.748170503222746e-09
42875,-6.893429494326354e-09
42876,5.892330873859055e-09
42877,-9.70799029703468e-09
42878,-2.3643319403688982e-08
42879,-4.897289866950348e-09
42880,1.3482855003895784e-09
42881,-9.9618751567076e-09
42882,-1.6345525917871242e-09
42883,3.1658661931512592e-09
42884,-4.029549654425933e-09
42885,9.703780101789967e-10
42886,-6.764341064109481e-10
42887,-1.5733790967463598e-09
42888,-3.1464738083678684e-09
42889,7.421152702527094e-10
42890,-6.0964954890217445e-09
42891,-4.070678978124519e-09
42892,-1.0741481894321207e-09
42893,4.455372715642322e-09
42894,2.267495859442607e-08
42895,6.459840332633375e-09
42896,1.6871160478019445e-08
42897,2.707583815913269e-09
42898,1.2499050372754927e-08
42899,-4.026318215056531e-09
42900,-1.0221760017792552e-08
42901,-1.7658768892600184e-09
42902,-1.638066569300007e-08
42903,-4.605820029368554e-09
42904,3.058079132114363e-09
42905,1.5441710308266974e-08
42906,-4.5095818965096116e-09
42907,3.117936135817207e-09
42908,-2.7441355062033124e-08
42909,3.969068482895771e-10
42910,-8.460187732678337e-09
42911,6.864849567590323e-10
42912,4.870992036193617e-11
42913,-5.165213030261016e-09
42914,-3.2799566512591915e-09
42915,-1.6714506713269015e-09
42916,-5.4441831059905035e-09
42917,-1.2350731094153e-10
42918,5.599369907964819e-10
42919,-9.692400930007185e-10
42920,3.003041632460282e-08
42921,1.0038808500656251e-09
42922,-1.9044367198514193e-09
42923,-6.961416528120854e-09
42924,2.977297506469612e-10
42925,-8.079676985770806e-09
42926,3.3031902494154736e-08
42927,-1.6574822910909516e-09
42928,-1.44255364938089e-09
42929,3.940906425223995e-09
42930,-3.737599385495318e-09
42931,7.387866547609123e-09
42932,-2.436123808302239e-09
42933,-3.4099161904214183e-09
42934,-2.804761781254957e-09
42935,-8.995503506782327e-09
42936,1.8819148045339275e-09
42937,2.2183891113594583e-09
42938,-1.2893498810344162e-09
42939,5.7342390917964995e-09
42940,4.166761599909654e-09
42941,-1.18817541071133e-09
42942,1.1139770040122101e-08
42943,-6.856153758593009e-09
42944,-3.138685466288542e-11
42945,-6.317777388925028e-10
42946,1.6221125059433802e-09
42947,1.6372097419021495e-08
42948,-8.387154887532202e-09
42949,-1.2036296691710342e-09
42950,-2.4729502100604865e-09
42951,-3.5085279181356936e-09
42952,-7.1094095445245756e-09
42953,2.4748957440250425e-09
42954,-1.0901051536973133e-08
42955,1.2608935566166612e-08
42956,-7.294802635450445e-09
42957,3.2088806048768186e-09
42958,-1.6765202863454298e-09
42959,-2.0778490849323035e-10
42960,4.674144678392191e-09
42961,8.232984335463201e-10
42962,3.0010735725106725e-09
42963,3.9405356435306965e-10
42964,-5.893136125254966e-10
42965,-2.257410169947875e-09
42966,-4.472085635458385e-09
42967,-6.350347346825727e-09
42968,-3.0533261010720755e-09
42969,-5.578453123623972e-09
42970,-1.6878576118858928e-08
42971,-6.374347523359308e-09
42972,1.0406566028059332e-08
42973,1.3657390079648774e-09
42974,6.865050239134855e-10
42975,3.808863937638095e-08
42976,1.1739503207946987e-09
42977,-4.807267646102282e-09
42978,-1.9210131684289806e-09
42979,-9.409385237891207e-10
42980,2.670852712716541e-09
42981,-1.111840155467976e-08
42982,-4.313823373117675e-09
42983,1.3364958095213743e-09
42984,-5.094264305751448e-09
42985,-4.630589982461968e-09
42986,-5.32484928872971e-09
42987,6.4195501244615996e-09
42988,-1.0682777787104912e-08
42989,-1.506635166075468e-09
42990,6.691130832767894e-10
42991,1.8583667690584955e-09
42992,2.2782597415424556e-08
42993,7.33767103003604e-09
42994,4.672742312911539e-10
42995,-6.351322978718411e-10
42996,1.4086677096578513e-08
42997,-1.882692196301221e-09
42998,3.4617616043421117e-09
42999,-6.84438310500421e-09
43000,-3.813358249557886e-09
43001,-1.3401720361964725e-08
43002,2.2873976550038242e-09
43003,3.4494934826137324e-09
43004,-4.910514809859511e-09
43005,-8.145775984140114e-10
43006,-2.9378594998806026e-09
43007,9.100576261951456e-09
43008,2.4484119696244338e-08
43009,-6.186903640002206e-10
43010,2.1264053461032573e-08
43011,-3.123236650298615e-09
43012,-1.8521246869118134e-09
43013,1.0546279613431028e-09
43014,2.824434324786954e-09
43015,-4.264338214890631e-09
43016,-2.616090694612615e-10
43017,-3.362158335779894e-09
43018,5.193048048524659e-09
43019,-1.052301337559026e-08
43020,2.5284137925038626e-09
43021,-1.5075623720505904e-09
43022,-2.208127514536073e-09
43023,2.467659879402083e-09
43024,-8.853781436249236e-09
43025,4.281004525335284e-09
43026,-8.691346276291278e-09
43027,5.7182652556577455e-09
43028,-4.327344212184302e-09
43029,-4.823156888104736e-09
43030,-2.5461772196909463e-10
43031,-5.90135440739217e-09
43032,1.0630201641019031e-08
43033,-2.796074401952082e-09
43034,-4.847418471882602e-10
43035,3.0754919356687864e-09
43036,-4.939736784793517e-09
43037,-8.802707530655671e-09
43038,7.687880163697922e-10
43039,3.2230259573877996e-09
43040,-3.2172985444269285e-09
43041,-6.481443895219114e-09
43042,-1.5022822860824977e-08
43043,-4.417501178158516e-09
43044,-4.1323558102429844e-10
43045,-8.994321489293107e-09
43046,-1.1315427113459173e-08
43047,3.168954518886963e-09
43048,1.2976325812246369e-09
43049,-5.320258198882097e-09
43050,2.3679425801684884e-08
43051,-1.0331737421515343e-08
43052,-5.503478219208772e-09
43053,-1.2343530059951128e-09
43054,-9.157637552071205e-09
43055,-2.1211381973837893e-09
43056,-1.127391883410406e-08
43057,4.8662142115290754e-09
43058,-7.462119528695831e-09
43059,-5.431088916355681e-09
43060,-3.2004499097682135e-09
43061,-3.3369157187676076e-09
43062,-6.47606054800871e-09
43063,5.635839365381792e-09
43064,-5.426398222370387e-09
43065,1.8085306852007383e-09
43066,-5.452929232681344e-10
43067,9.866926285255042e-10
43068,4.280360510053167e-09
43069,7.252216613341692e-10
43070,-4.101226569683059e-09
43071,-7.82270864515704e-09
43072,-1.185965988516741e-09
43073,3.62689015978089e-09
43074,-1.1776342780593816e-10
43075,4.062097983445257e-09
43076,-8.22478251386158e-09
43077,3.7598497327799413e-10
43078,-7.977367177224598e-09
43079,-1.7610226852334506e-08
43080,-9.915276798854403e-09
43081,-6.627843333299705e-09
43082,1.4036621230924233e-08
43083,-1.6873476200696347e-09
43084,2.6205518531719583e-09
43085,-3.86540400747687e-09
43086,-6.622501954271202e-09
43087,-1.4845134717975187e-09
43088,-1.5017603852558734e-09
43089,-4.756995607905196e-10
43090,2.287837535842981e-09
43091,-4.497201740413543e-09
43092,1.4843002006628047e-09
43093,6.3368063653852445e-09
43094,2.107998529205985e-08
43095,9.689636886964291e-11
43096,2.4544941057239975e-09
43097,-3.6140507718191557e-09
43098,3.1096303671260465e-09
43099,-1.0389925674501264e-08
43100,5.532738060199912e-09
43101,-4.876738931984411e-09
43102,-1.362497132387814e-09
43103,-3.987779433027443e-09
43104,-2.414026632865812e-08
43105,-4.4669518920870024e-09
43106,-3.657171134249448e-09
43107,5.9053655203757205e-09
43108,4.275544719185834e-09
43109,-8.346991291945536e-10
43110,-8.011037302734864e-09
43111,2.1086228949720966e-08
43112,6.787263420596835e-09
43113,-1.486662298043056e-09
43114,-5.220097166092612e-09
43115,-7.925987565923829e-11
43116,-3.129421645681584e-09
43117,3.6014506447008494e-09
43118,4.331879417172701e-09
43119,-5.784806277840703e-09
43120,-3.287262989449855e-09
43121,3.562632465742203e-09
43122,-1.6187529464487227e-09
43123,-1.8987449181138185e-09
43124,-2.1349457899858647e-09
43125,-1.4373749257674119e-08
43126,1.910486500951392e-08
43127,-2.7318105836794148e-09
43128,5.825330900969008e-10
43129,2.9108557971256656e-10
43130,-2.0982914335735325e-09
43131,-4.193012015474794e-09
43132,-2.895308233231629e-09
43133,-5.474306203641738e-11
43134,-6.333728404940944e-09
43135,-4.237571728640201e-09
43136,-2.5719640856518428e-08
43137,-2.5628266248780646e-09
43138,-4.982688697316877e-09
43139,-5.8195605749742824e-09
43140,-4.148608690927825e-09
43141,-1.3586746970210862e-08
43142,-2.413610711737736e-09
43143,-6.335433091007027e-09
43144,-9.903453928719082e-10
43145,3.1259535400823024e-09
43146,4.987529459767064e-09
43147,1.933589856970148e-09
43148,6.608951814997456e-10
43149,4.093206089169329e-09
43150,-7.978444239474286e-09
43151,-1.1828397395395472e-08
43152,-5.106519533753464e-09
43153,-1.2628590807312151e-08
43154,-5.6761379634557544e-09
43155,5.891597015899471e-09
43156,1.0810227784424317e-08
43157,1.1048707311465045e-10
43158,7.459367746328113e-10
43159,1.5026862953538293e-08
43160,3.940208591553135e-09
43161,-1.7353588433617972e-08
43162,-1.997366345043914e-09
43163,-2.7774379803270233e-09
43164,-9.507276685943463e-09
43165,6.958575231810874e-09
43166,-4.637825587103997e-09
43167,-7.83650902053474e-09
43168,8.08571507417847e-09
43169,-2.544851157233227e-09
43170,1.2625575851449288e-10
43171,2.037307139768026e-08
43172,2.106569745781495e-09
43173,-1.8660944109389924e-10
43174,1.7332840929917976e-09
43175,5.599816934863535e-10
43176,2.1008318124528148e-09
43177,-5.9719863054259006e-09
43178,-9.026589451358017e-09
43179,-4.012832002466002e-09
43180,-8.061999126098156e-10
43181,1.1033644645951455e-08
43182,-1.4790319845648973e-09
43183,-1.8609505458929896e-09
43184,4.54617989459465e-09
43185,-9.092916068933403e-09
43186,-6.3600657351232616e-09
43187,-4.340095152138521e-10
43188,4.143433079709806e-09
43189,-1.0135869610018779e-08
43190,-4.453874973710139e-10
43191,4.336290806675019e-09
43192,2.828714418252287e-09
43193,1.1030073639810218e-08
43194,3.8909915113387e-09
43195,-6.281905995992409e-09
43196,9.573195268482793e-09
43197,-1.111707001259076e-09
43198,-1.3372585413384917e-08
43199,-2.6426887892029762e-11
43200,6.9715172497172766e-09
43201,-4.960943340813502e-10
43202,6.2372147782984175e-09
43203,-4.676802771848226e-09
43204,3.6260126993489576e-10
43205,2.4366430535841456e-09
43206,1.6853146266310902e-09
43207,-1.1832829223432016e-08
43208,-1.7840631333680948e-09
43209,1.091692441850799e-09
43210,7.111445748803697e-09
43211,6.483014337293698e-09
43212,-7.234468219170981e-10
43213,-8.169300982063411e-09
43214,1.389932479036129e-08
43215,-9.181862250085905e-09
43216,-1.817112359362445e-08
43217,4.57293553330516e-09
43218,-1.0937289104925151e-08
43219,2.347521386301974e-09
43220,8.200255490743346e-11
43221,-6.876523331256627e-09
43222,-4.804844583345196e-09
43223,1.670024644728603e-08
43224,6.656140232897013e-10
43225,-4.254844890285517e-09
43226,-2.0553618981147565e-09
43227,-2.129614864952979e-09
43228,-4.697180577692516e-09
43229,-1.0930070463160517e-08
43230,4.793337988624706e-09
43231,4.672810486417061e-10
43232,3.902603715338014e-09
43233,-1.0432121752417667e-08
43234,-1.8297613171126568e-09
43235,-2.1137776412249237e-09
43236,5.158914436688572e-10
43237,5.472542073708706e-09
43238,9.428947222802277e-09
43239,2.2744751742573317e-08
43240,-1.450950291783586e-09
43241,3.5368336121363075e-09
43242,-6.5210956209862024e-09
43243,2.0126583586185665e-08
43244,-1.61763987141402e-08
43245,-1.1635133432386099e-08
43246,2.736145361656581e-09
43247,-9.977170971513692e-09
43248,1.201825200884944e-08
43249,9.84397698990989e-10
43250,7.910905657330974e-09
43251,1.2755621810213322e-08
43252,2.9577768165495844e-10
43253,-4.557010075150865e-09
43254,-7.0428573759142805e-09
43255,-4.0692579218742745e-10
43256,7.1133208921388984e-09
43257,-4.378026700146453e-09
43258,4.632114306100588e-09
43259,-1.581015368104533e-08
43260,-9.806076941766764e-09
43261,-3.837254428858559e-09
43262,-1.0683926759551263e-09
43263,4.642515753766922e-09
43264,-3.6833426803678714e-09
43265,-7.487313356237699e-09
43266,3.0162292598292753e-09
43267,-2.566046877493113e-09
43268,1.230096280836537e-09
43269,-4.09044745191288e-09
43270,-2.113970418804801e-09
43271,7.122075004380614e-09
43272,2.0789105754096266e-08
43273,1.7498563584100507e-08
43274,-3.1314427837052936e-09
43275,-1.2110463224716444e-08
43276,8.871944142079952e-09
43277,2.068691949739316e-08
43278,-2.7272095686422046e-09
43279,2.3952685382874494e-08
43280,-3.837279625573218e-09
43281,-5.043560500609438e-09
43282,5.5780487724891385e-09
43283,-8.43485704524859e-09
43284,-6.168755850712226e-09
43285,-1.1070314650198268e-08
43286,-7.625127893737859e-09
43287,1.3990126338540815e-08
43288,6.989825669047812e-12
43289,-9.527638300712234e-09
43290,-3.489075300433526e-09
43291,1.8249340635300852e-09
43292,-3.968477201054046e-09
43293,3.758401588305925e-09
43294,-9.858606380728177e-09
43295,3.958549631861411e-10
43296,-2.941711517527281e-09
43297,-1.7410255659933338e-09
43298,-1.1951967689978467e-08
43299,-1.6243170206466355e-08
43300,6.847179552239276e-09
43301,-1.8074692802243118e-10
43302,-5.325136727336456e-09
43303,5.391441317655237e-10
43304,-4.5975752619138804e-10
43305,2.4403816262582376e-08
43306,-2.4737594014386637e-09
43307,-7.74942270231295e-09
43308,2.2550805600342825e-09
43309,-1.038634874051085e-09
43310,6.858039406156267e-10
43311,3.770715599644459e-09
43312,2.0289040630335908e-09
43313,6.136050722300095e-10
43314,1.4351147540313113e-10
43315,-1.8273361857606756e-09
43316,5.712133861741947e-10
43317,-1.206116320565611e-09
43318,-1.0042496232148849e-08
43319,-1.5786540454941065e-08
43320,5.160936591976813e-10
43321,3.4174634117983676e-09
43322,2.0770047196518634e-09
43323,-1.0786301561936353e-08
43324,1.0354983295636505e-08
43325,-3.9230443777505e-09
43326,-9.053823666376339e-09
43327,-5.256572950045132e-11
43328,-9.245125047461494e-09
43329,-1.0218506756315573e-09
43330,4.043878285571411e-09
43331,-3.73175242614093e-10
43332,-1.856407290342138e-09
43333,1.647692033390272e-08
43334,4.425821081879215e-09
43335,-6.53032907698277e-10
43336,6.333008132280876e-09
43337,-8.644604759089039e-09
43338,-1.6900462486001374e-08
43339,-2.318722116094575e-09
43340,1.6650425995288674e-08
43341,1.1323152781777725e-09
43342,-6.562912209727469e-09
43343,9.765736194466808e-10
43344,-4.129046533070004e-09
43345,-1.345160313930679e-08
43346,2.0931100683419206e-08
43347,-3.419713501394048e-09
43348,8.598096048502243e-10
43349,5.266381031540032e-09
43350,-6.03461279026167e-09
43351,3.939279023624445e-09
43352,-1.5229305716723266e-08
43353,6.539255708449461e-10
43354,3.264104143312714e-09
43355,6.2879432459069175e-09
43356,5.268838852395943e-09
43357,-5.301912424279312e-09
43358,3.1488998073615095e-08
43359,-1.130174543903423e-08
43360,1.7660096321267734e-09
43361,9.760884727108946e-09
43362,-2.9913852372681267e-09
43363,-6.890699228843446e-09
43364,9.486366839519243e-10
43365,2.576413269512339e-09
43366,-5.693660937114032e-09
43367,2.609769718408822e-09
43368,1.6207642196252435e-08
43369,1.6723356788006123e-09
43370,2.575648379168518e-09
43371,-1.3876405092270907e-08
43372,1.4175932264617171e-09
43373,-3.749276816146913e-09
43374,1.1726637318469295e-09
43375,5.782739192654661e-09
43376,7.474525722088265e-09
43377,-6.973405052419831e-10
43378,-8.485524877433758e-09
43379,-3.92790672456363e-09
43380,-1.0191451825137202e-10
43381,2.1110733491290095e-09
43382,5.5095549155925e-10
43383,-3.806833667953631e-09
43384,2.1562192906304963e-09
43385,1.4049078116280103e-08
43386,-3.5647943032639866e-09
43387,-1.5918923931948623e-10
43388,-7.3215346210588494e-09
43389,-6.8767768920803455e-09
43390,-8.979361257788704e-09
43391,-6.04477034751947e-09
43392,-5.66488572781428e-09
43393,-5.452298227402603e-09
43394,6.102701237365091e-09
43395,3.599437942902669e-09
43396,1.0803156120332413e-09
43397,4.8041248674931805e-09
43398,-1.0752058796527081e-09
43399,-4.2714845410574724e-09
43400,-2.2202423234563173e-09
43401,-4.415794008147361e-09
43402,-1.3102983571442696e-09
43403,2.888634153566234e-09
43404,-5.553332743957346e-09
43405,7.592869629723601e-10
43406,-2.9284335631021665e-09
43407,3.032500321537313e-10
43408,-1.1201282166505615e-09
43409,-1.612006456107566e-08
43410,1.2193895485909807e-09
43411,-9.026766968288655e-09
43412,-9.130335364161213e-09
43413,-6.035142925368708e-09
43414,1.6442229641652987e-08
43415,-9.028238398732213e-09
43416,-1.6491414456710359e-09
43417,-5.253962964206244e-09
43418,2.6723926375688313e-13
43419,5.442333937708114e-10
43420,8.346271496988309e-10
43421,8.479107324556318e-10
43422,-4.3676568660273726e-09
43423,6.979618642274214e-10
43424,-1.1306247467832552e-08
43425,1.6719159941675022e-08
43426,8.310201722394839e-09
43427,1.8631399818462946e-09
43428,-1.2375162552858443e-08
43429,1.8286963766218578e-09
43430,1.6660742823582433e-08
43431,-1.9333520208229705e-08
43432,2.799017540254919e-08
43433,-8.521795591873651e-09
43434,-4.184401925813965e-09
43435,-2.3242913273514136e-09
43436,3.7168867267730303e-10
43437,3.837969072268068e-09
43438,-4.100624573039362e-12
43439,-1.6610191897039027e-09
43440,1.2529065682249178e-09
43441,2.3639467171901655e-08
43442,3.6515724617337766e-10
43443,1.5741465637919787e-08
43444,-5.9151997668494345e-09
43445,8.099447036722426e-09
43446,-1.4877878497148558e-08
43447,9.644530765391793e-10
43448,-4.0874136621710255e-10
43449,3.870270926376116e-09
43450,-9.779310585981164e-09
43451,-7.732146127226701e-10
43452,-1.8254142698090466e-09
43453,-1.5185104778868183e-09
43454,-1.3056648628855236e-09
43455,3.868500968895663e-09
43456,-4.969836803990799e-09
43457,-8.715267443507214e-09
43458,-2.0748195329334503e-09
43459,2.3849815755034112e-09
43460,-5.792490829455821e-09
43461,-4.3934430541003895e-09
43462,-3.2063683718632987e-09
43463,7.052227091626473e-09
43464,-1.1874569126106974e-08
43465,1.3548453765441816e-08
43466,-6.649059928010188e-09
43467,5.114318283358606e-09
43468,-3.0087788046975943e-09
43469,-2.493329033005195e-09
43470,3.4956762513164965e-09
43471,-3.083326105307936e-09
43472,-1.1926572894494638e-09
43473,4.910380117485519e-09
43474,3.937803824978907e-09
43475,2.0854414578960677e-08
43476,-1.614329388360905e-09
43477,5.027595390365604e-09
43478,8.054119434211067e-09
43479,7.689219111173277e-09
43480,5.305773900801183e-10
43481,-1.2193736342080445e-08
43482,-2.641615694042664e-09
43483,-8.235236037657055e-09
43484,3.561127414672713e-10
43485,2.711898775676442e-08
43486,-2.198979251041475e-09
43487,-2.615540023660328e-09
43488,-1.0067946800441323e-08
43489,-1.5937546072820907e-09
43490,8.802483050298405e-10
43491,-8.223188410593223e-10
43492,-5.5189853779324e-10
43493,6.605362823079582e-09
43494,-6.999000645000291e-09
43495,-1.982030139033453e-09
43496,2.5892103813638166e-09
43497,-5.8586210996659875e-09
43498,3.787757962033462e-09
43499,-6.511863241865192e-09
43500,-7.142633926013635e-10
43501,-5.250492373171572e-09
43502,1.8888884691307185e-09
43503,6.028556950635423e-09
43504,-2.151139701192545e-09
43505,-1.1598049072892388e-09
43506,4.320580912453289e-10
43507,-9.209373547565769e-09
43508,-7.047317702502682e-10
43509,-3.2623730573916197e-10
43510,-9.133471875473605e-10
43511,5.252508755106269e-09
43512,9.843650884645865e-09
43513,-9.940325332599265e-09
43514,-5.761549886191634e-10
43515,2.557290580558599e-09
43516,-8.333691873680564e-09
43517,9.986776691150142e-10
43518,-2.7510344535840284e-09
43519,-1.9994568053465798e-09
43520,-2.0329408329894882e-09
43521,-1.1889546386742858e-08
43522,-1.3221557776978801e-08
43523,-3.4279197221253056e-09
43524,-3.537446080989211e-09
43525,1.2138269066565456e-08
43526,-9.99468300718607e-09
43527,1.7884382100231732e-10
43528,-2.757012318390737e-09
43529,3.1824154031342784e-09
43530,-6.116944340909556e-09
43531,3.977102691057965e-10
43532,5.493059793463678e-10
43533,1.9212096839081757e-08
43534,9.49776028354651e-09
43535,-3.484325233592704e-09
43536,-3.568250209040124e-09
43537,-3.855568050905732e-09
43538,2.6916189424157815e-09
43539,2.710183252862718e-09
43540,-5.55767313378387e-09
43541,1.6316862296262577e-08
43542,-4.190830421049836e-09
43543,-3.4306053235425307e-09
43544,-4.494592950939199e-09
43545,-1.8388064824252458e-09
43546,-7.608186168399948e-10
43547,-2.6290643491225845e-09
43548,-7.292958428073704e-09
43549,-2.897103910225201e-09
43550,-9.599592189741234e-09
43551,1.442062164945949e-09
43552,4.249265411686875e-09
43553,8.433335482224179e-10
43554,-2.430662816863076e-09
43555,-6.453995315950846e-09
43556,1.3206863933230884e-08
43557,2.2967454913927727e-09
43558,2.861137473560004e-09
43559,-3.2324629531593997e-09
43560,1.4707016883523493e-08
43561,5.471803090228698e-10
43562,1.0423739182654495e-08
43563,9.18176399144842e-09
43564,-3.0996188584828643e-09
43565,1.2612139591752237e-08
43566,-7.214389341300035e-10
43567,-6.183993111544899e-10
43568,-9.038781840458726e-10
43569,3.051178455015225e-08
43570,-1.885466167468382e-08
43571,5.335113714081814e-09
43572,-2.7827541782848804e-09
43573,-2.9598928430538057e-09
43574,-3.28767939317088e-09
43575,4.756950811146701e-09
43576,-2.3873088076281737e-09
43577,1.1000858412800785e-08
43578,6.396173904564664e-09
43579,-2.830158039486265e-09
43580,-3.802124162774409e-09
43581,6.205834778331813e-09
43582,-5.696111070280009e-09
43583,2.2164527002077036e-09
43584,-9.136118628213898e-09
43585,7.203587102196915e-09
43586,1.6886862765923174e-09
43587,-5.078821468411302e-09
43588,-6.325586497748365e-09
43589,5.530820700001475e-10
43590,-1.00960123353919e-09
43591,9.8008713727144e-09
43592,2.3254504124533243e-12
43593,-4.3469498225879836e-10
43594,1.3585718565398825e-08
43595,-3.695343177591967e-09
43596,-5.602885281416902e-10
43597,-5.768569212617064e-11
43598,2.4536029633768413e-08
43599,1.7465585014001208e-09
43600,-1.0358864209325098e-08
43601,-2.4568994203622033e-09
43602,-1.6350318055245675e-09
43603,3.2205905316494193e-09
43604,-1.9017215124300454e-08
43605,-9.580801626948022e-10
43606,5.703573816519416e-09
43607,-1.781908210405681e-10
43608,-1.0438460958593074e-09
43609,2.0525859034986255e-10
43610,-2.981513467035015e-10
43611,-6.9132035111399084e-09
43612,4.206030992765405e-09
43613,3.48291106387226e-09
43614,-8.839811442581403e-10
43615,8.885242298905135e-09
43616,-5.223439372097943e-09
43617,-2.076852146134016e-08
43618,2.6899539675986445e-10
43619,-6.437524723204982e-09
43620,-9.578763407112105e-10
43621,-9.29417314556101e-10
43622,2.7410767779722076e-09
43623,4.920048125636237e-09
43624,1.916471778621676e-08
43625,-1.387370065576126e-10
43626,-5.819619771775548e-09
43627,1.838822887794805e-09
43628,1.6945803299761906e-09
43629,-2.1307206710921648e-09
43630,-9.108064194162299e-09
43631,-3.7814543668501515e-09
43632,-6.2050353257013764e-09
43633,-3.045466667975414e-09
43634,8.221906766477467e-10
43635,-2.206382435262124e-09
43636,-3.0307648185276925e-09
43637,-9.976528284058697e-09
43638,-3.0604703222084693e-09
43639,4.500838442223993e-09
43640,-5.151334813968796e-09
43641,-1.6860775481252895e-08
43642,-4.676053608129252e-10
43643,1.0357994997937379e-09
43644,-7.844322794161335e-09
43645,1.7956286774411995e-09
43646,-7.397904565419141e-09
43647,2.541826881425311e-09
43648,-4.56694876679872e-09
43649,2.6739260433335406e-09
43650,-3.363671015209728e-09
43651,1.5674681017446093e-08
43652,2.6173332288426538e-09
43653,2.8244891690523764e-09
43654,1.25830870340438e-09
43655,1.5866834827529166e-08
43656,-2.7715336322828047e-11
43657,-1.4595276104703885e-08
43658,-7.972271700258744e-10
43659,-4.922811763304033e-09
43660,-7.512900169365323e-09
43661,7.115005410231767e-10
43662,-9.075273727198597e-09
43663,-7.65394453820018e-09
43664,2.7370290061233738e-08
43665,7.311682822474029e-09
43666,-6.405106533595052e-10
43667,3.4314885100379323e-09
43668,1.363922757689639e-08
43669,-8.447078807941521e-09
43670,-4.000615417843155e-09
43671,-2.611349423830569e-10
43672,-1.3997390868260187e-08
43673,-3.995424545899167e-09
43674,-2.2653603295159944e-09
43675,5.8083977824277995e-09
43676,1.2624789112555149e-09
43677,3.996441486444843e-09
43678,1.4935222094802003e-09
43679,5.399092781524513e-10
43680,4.348490788385417e-09
43681,-1.9224253307435788e-08
43682,1.2560147626720434e-09
43683,-6.301256179799462e-09
43684,-4.825450445788728e-09
43685,4.958488903816127e-10
43686,9.550409840108626e-10
43687,-2.52984969957342e-09
43688,6.489675619235617e-09
43689,-1.0022014741567565e-09
43690,1.555300713789275e-08
43691,-3.519192845082649e-10
43692,2.0376266685340155e-09
43693,-7.289884865890406e-10
43694,-1.2170295112388676e-08
43695,-4.5202585002211846e-09
43696,-4.152482405601824e-09
43697,6.2561130246297e-09
43698,-9.755703939593389e-09
43699,-2.9498764276235463e-09
43700,-8.168494196470549e-10
43701,-3.7583728918635275e-09
43702,-5.678690618219688e-09
43703,-3.303759975799533e-09
43704,-1.4694277881224037e-08
43705,1.4817675767904155e-08
43706,-2.718204516332239e-09
43707,-5.006898711339517e-09
43708,1.599261582354464e-08
43709,1.2593791969775342e-09
43710,-6.6176265165237005e-09
43711,4.297116211432084e-09
43712,2.1169147811601916e-09
43713,2.9006756033668515e-09
43714,6.111546420998752e-09
43715,-1.6565545459704151e-09
43716,1.0490435979194677e-08
43717,5.010464132951051e-09
43718,-1.4047202036849657e-09
43719,-6.851623110816796e-09
43720,-2.0624820673247937e-09
43721,7.487213758958314e-09
43722,-2.774783737438869e-09
43723,2.9604727439349834e-10
43724,4.644701711470689e-09
43725,-8.961657380292706e-10
43726,-5.704523741143453e-10
43727,-5.8561312850731504e-09
43728,3.540369674677163e-09
43729,2.789232773631391e-09
43730,3.2041509542178347e-09
43731,-8.41925044677614e-09
43732,-5.801116205252527e-09
43733,1.1603226570354814e-08
43734,-4.007673947791452e-09
43735,-5.462061648231202e-09
43736,-4.99384559192054e-09
43737,3.6913379110119444e-09
43738,-7.480356038260772e-09
43739,-1.1981885427976341e-08
43740,-2.060308771755391e-08
43741,-2.649616595241168e-09
43742,1.755306807641013e-11
43743,1.7460501992883196e-08
43744,2.1509310420459438e-09
43745,8.500039523151673e-10
43746,6.938444606092832e-10
43747,-1.2337896174834698e-08
43748,8.263100353584588e-10
43749,-1.1300529240133301e-08
43750,-5.0297171402377395e-09
43751,1.511784482777184e-09
43752,3.2145729690307244e-09
43753,5.633403202467484e-09
43754,-3.571738864227067e-09
43755,9.746343950702508e-09
43756,-6.750157662879634e-09
43757,-1.0858457677889114e-08
43758,4.077061972885225e-09
43759,-8.553383984709605e-09
43760,-1.123615620855312e-09
43761,-1.5622311870252823e-09
43762,-2.4573143371099703e-09
43763,-2.2080516627916953e-09
43764,-9.417522505066965e-09
43765,-5.479915130640711e-09
43766,1.2109569463708118e-08
43767,-1.7223261155958898e-08
43768,3.066509963771006e-10
43769,2.9048361770924184e-09
43770,1.0162573364802071e-08
43771,-2.382415364758312e-09
43772,-2.64028069525884e-08
43773,2.499717400529898e-09
43774,-9.8655703126344e-10
43775,-3.0832385748696394e-09
43776,-1.395993513156495e-08
43777,6.24662334400951e-09
43778,3.7503753317470804e-09
43779,1.473495256935015e-08
43780,8.18302844107629e-09
43781,-2.140330022897293e-09
43782,-6.404153261996245e-09
43783,3.033269610815653e-08
43784,-1.4604748405071218e-08
43785,-5.114517430269863e-09
43786,7.026682809768979e-09
43787,-8.726448565778488e-09
43788,2.7364180593707385e-09
43789,-3.0933836986725867e-09
43790,-2.433329780186998e-09
43791,1.8242700204773136e-09
43792,4.3441186605787993e-10
43793,-2.057045445165932e-09
43794,1.124121586953583e-09
43795,-1.4021678722481977e-08
43796,-2.903133583941626e-09
43797,5.991687552258234e-09
43798,-1.5396877369175416e-09
43799,-2.955042838838945e-09
43800,-1.010598212643828e-08
43801,-2.9823731309699387e-09
43802,-4.08977811860301e-09
43803,-6.8701366240630084e-09
43804,7.841881577219989e-09
43805,-5.627030726118194e-10
43806,-1.627239559419369e-08
43807,-5.85500134773733e-09
43808,2.1423541875830668e-09
43809,6.120404835183197e-09
43810,-2.551047490414053e-09
43811,-4.893299242420205e-09
43812,1.978558307279608e-08
43813,2.5059328602790777e-09
43814,-6.61878681129123e-09
43815,-1.2588537525241282e-08
43816,-3.0730055784597004e-09
43817,-6.657070177157711e-09
43818,-1.8709904656683147e-09
43819,-5.815257090070981e-09
43820,2.733361106326816e-09
43821,6.376662648518623e-09
43822,3.4169495254295054e-09
43823,-1.8379163045097315e-09
43824,-1.100149543694357e-08
43825,2.0215680201990572e-09
43826,6.172074947010201e-09
43827,-4.950737535632231e-09
43828,-3.870860531431674e-09
43829,-4.500705642293385e-09
43830,-3.54820511050979e-09
43831,7.925900255215408e-09
43832,1.513829715875225e-08
43833,-2.171128839199813e-08
43834,1.2685033955611857e-08
43835,-2.600786401423514e-09
43836,-1.1762004196648872e-08
43837,-3.788812199373761e-09
43838,-2.2225176509673517e-09
43839,1.749942237144015e-08
43840,6.321778341906919e-09
43841,9.108634139283236e-09
43842,-5.179554581696875e-10
43843,-9.492968449592933e-09
43844,-9.8945795248047e-09
43845,-7.178022434146737e-10
43846,5.410291404807675e-09
43847,-3.201573542539091e-10
43848,-4.0914145313698195e-09
43849,-5.964400972016117e-09
43850,-2.6055998262894428e-11
43851,2.1588714585718353e-09
43852,-1.5144095346959921e-09
43853,-4.581104157252828e-09
43854,-1.808681729554681e-08
43855,7.806271503281615e-11
43856,2.335685551843978e-09
43857,-1.8610670834897727e-09
43858,-5.7562879501488945e-09
43859,4.551528132197176e-09
43860,-1.3591539225542989e-09
43861,2.6768988296581073e-09
43862,3.5032145955027354e-09
43863,3.414204415844879e-09
43864,1.3888818693901799e-08
43865,-1.0962889327740504e-09
43866,-1.0662520169255176e-08
43867,-2.7126330309632303e-09
43868,5.311392783601869e-09
43869,-3.27929935397304e-09
43870,-2.3104853006613844e-09
43871,-2.4252245196253993e-08
43872,-6.003277096616093e-09
43873,-2.3234314566576814e-08
43874,-2.9344477213080034e-09
43875,3.4825910493051683e-09
43876,-1.3128909691249892e-08
43877,4.794625723722313e-09
43878,-8.488485704367726e-10
43879,1.904767534445191e-09
43880,1.0850971554730035e-09
43881,2.2231967417054573e-09
43882,-4.016627435176736e-09
43883,-6.207618653539004e-09
43884,-2.4336803385307103e-08
43885,-4.87252325624334e-09
43886,6.478853703004359e-09
43887,-5.103366935975104e-09
43888,4.01385373536622e-09
43889,-1.1383652374183977e-08
43890,-1.0799433616410324e-08
43891,-1.6182063099385895e-08
43892,4.432537065900202e-09
43893,1.559193642129203e-08
43894,-3.7312501276033834e-10
43895,-8.64125558527126e-09
43896,5.167356643502468e-09
43897,-6.971795301046565e-10
43898,-7.047391006808988e-10
43899,3.582010599478592e-09
43900,-5.862627936548169e-09
43901,-2.4717376800775937e-09
43902,1.545757290912475e-08
43903,-4.209868073872948e-09
43904,3.99815631412786e-09
43905,-3.1064506988642078e-09
43906,1.6882483738744183e-09
43907,-5.666786612341419e-10
43908,-2.3054989525022538e-10
43909,-6.329646057794078e-09
43910,-3.3926603826833174e-09
43911,-5.227928726743774e-09
43912,-3.6592873958275224e-09
43913,-5.718350382676018e-09
43914,1.3728729879741732e-09
43915,3.855832492184767e-09
43916,2.1380924971961956e-08
43917,6.931181101123198e-09
43918,-9.214566779259569e-09
43919,1.861136974923712e-08
43920,-2.028191223596694e-09
43921,-1.8954707146755217e-09
43922,1.552277128616968e-08
43923,3.2565247962791855e-08
43924,-8.014587476903284e-09
43925,5.8183778036840085e-09
43926,-1.0111374826391752e-08
43927,6.391868508147524e-09
43928,1.813346245902148e-09
43929,-1.6204057451323727e-08
43930,-2.342626902539227e-09
43931,6.280741401440972e-09
43932,-3.4442464312526033e-10
43933,-7.3580450351244396e-09
43934,-5.5172312838864025e-09
43935,-4.517595964757394e-09
43936,-4.9674239988042445e-09
43937,-6.920818553582384e-09
43938,1.6475311555320745e-09
43939,-1.3984682924443775e-08
43940,-5.035085639111585e-09
43941,-2.4508654563404693e-09
43942,1.7220944047597247e-08
43943,1.1825352189862595e-10
43944,-2.335073722252094e-09
43945,4.974858683136357e-09
43946,1.1668787838266476e-08
43947,1.781197576235936e-10
43948,-6.331591969870089e-09
43949,-7.35357562321421e-09
43950,-1.1445326658910784e-09
43951,-1.7966178789308041e-09
43952,-2.946703905099224e-09
43953,1.965104556125224e-09
43954,-1.2745582592485555e-09
43955,-6.305416737000366e-09
43956,-6.402048039277464e-09
43957,-2.7048581865416476e-08
43958,-1.364422514482024e-09
43959,-8.932066478022989e-09
43960,9.38153389979152e-09
43961,-1.95212719689867e-09
43962,-7.807597313409104e-09
43963,-7.574844071045588e-09
43964,-1.2588869739769922e-08
43965,6.443036253283198e-09
43966,1.222970044239824e-08
43967,5.561878415048148e-09
43968,-4.227343004128972e-09
43969,5.062634261213443e-09
43970,-1.2409627647192524e-08
43971,1.5776001827153394e-08
43972,-5.176986555008602e-10
43973,-2.6346917425052414e-09
43974,-1.1606670517197136e-09
43975,7.383360822880616e-09
43976,-2.722231159206313e-09
43977,3.380347290526843e-08
43978,9.799383001482558e-09
43979,5.4894756504017085e-09
43980,2.762796815856601e-09
43981,-3.891521647125542e-09
43982,2.703503816026771e-09
43983,5.396401258410091e-09
43984,-6.7362850094465066e-09
43985,1.967857641019407e-08
43986,-1.2204785943530382e-08
43987,2.1800667220902594e-08
43988,2.920266139900697e-09
43989,-1.45076508244914e-08
43990,-1.8054164508823948e-09
43991,-1.0544536867367803e-08
43992,4.614404796886786e-09
43993,9.112684216381353e-10
43994,-1.3234072647304667e-09
43995,1.384792361941459e-09
43996,-1.7243429523459524e-10
43997,-8.714252117312219e-09
43998,-7.721300433248048e-09
43999,-1.6570514374882235e-09
44000,2.2512247629920795e-09
44001,-7.477774346827432e-09
44002,-8.114572025062275e-09
44003,-2.9164385083648386e-09
44004,-2.6206313434682865e-09
44005,-1.2833244289487934e-08
44006,-1.4289611638541481e-08
44007,2.0817682271026503e-09
44008,5.100195575958057e-09
44009,6.183074225472508e-10
44010,-1.3729804045861965e-09
44011,5.095233565642901e-09
44012,1.7265011681222837e-09
44013,-5.367035080991313e-09
44014,5.0306229780835886e-09
44015,-4.593099618110379e-10
44016,-2.0320939137159273e-09
44017,4.381009900150802e-08
44018,1.8331889083872123e-09
44019,-1.2971559327387985e-08
44020,1.1168898196877684e-08
44021,-2.721844886205864e-09
44022,3.851647276045654e-09
44023,3.985967822288035e-10
44024,9.90459453760286e-10
44025,3.6134100214855795e-09
44026,5.224675779007638e-10
44027,-5.9892057074134715e-09
44028,-4.151626897365489e-09
44029,-6.519374584375553e-09
44030,6.7445308081481694e-09
44031,8.5363579082605e-09
44032,-1.98425256267467e-09
44033,-7.061339361838193e-10
44034,1.375331157326501e-08
44035,-5.634740292054755e-09
44036,1.2371080164998846e-08
44037,-1.3340301907773335e-09
44038,5.163835522644346e-09
44039,-2.718540590868283e-09
44040,1.9727109077019136e-09
44041,1.1204438421245975e-08
44042,2.368261876034607e-08
44043,7.755512359340169e-10
44044,-2.9594785043649706e-09
44045,-7.188095208896858e-09
44046,1.28019803481543e-08
44047,-4.208295787402852e-09
44048,1.5590402808786457e-08
44049,1.3146605219955541e-09
44050,1.3603502362747621e-09
44051,1.500588232920461e-09
44052,-7.574568298486228e-09
44053,2.1524250614337192e-10
44054,1.0709837662936754e-09
44055,4.13177487431822e-09
44056,-9.65590874189494e-10
44057,2.3992401642260376e-11
44058,-2.890227487327758e-09
44059,-3.973105554519314e-09
44060,-6.801332822246101e-09
44061,-5.397179505628242e-09
44062,3.7851046518334145e-10
44063,-1.2038698795508626e-09
44064,-5.224286215069784e-09
44065,1.4348823667939654e-08
44066,2.466139922385053e-09
44067,-2.493970168102861e-09
44068,-8.588700314228645e-09
44069,-1.5662847353756792e-08
44070,-3.6809859621663653e-09
44071,1.86758225364257e-09
44072,3.4008232864750627e-09
44073,-6.001431904192859e-09
44074,-9.57930647577979e-09
44075,-4.0772520439844274e-09
44076,-2.8254576033351235e-09
44077,1.0471677320773866e-08
44078,-6.784411554571696e-10
44079,-7.756599554083404e-09
44080,2.1937547792641116e-09
44081,-5.725853843358807e-10
44082,-6.927092021868085e-09
44083,-7.218159514789967e-10
44084,-3.453584805968184e-09
44085,6.765010407942444e-09
44086,1.7978734334476006e-08
44087,-1.5141450832752135e-08
44088,-4.231785937041233e-09
44089,-3.450661774275532e-09
44090,1.9238232428517205e-09
44091,-5.0318766096956896e-09
44092,4.095150533353065e-09
44093,1.2793722360229859e-08
44094,-5.888072222023266e-09
44095,1.332236019640314e-09
44096,1.6041086978068337e-09
44097,1.729606451588441e-08
44098,2.166969535095702e-09
44099,6.7909222149784015e-09
44100,-1.4486968520631616e-08
44101,-1.7749521049762381e-09
44102,1.9870725432961144e-08
44103,-1.3205326470790931e-09
44104,8.793500593568064e-09
44105,-3.213650925797276e-09
44106,5.3381123579610995e-09
44107,-2.498226458651391e-09
44108,-2.184339232297412e-10
44109,9.076111247111699e-10
44110,-7.05822476010109e-09
44111,5.043886859252472e-10
44112,7.395372722670586e-10
44113,-6.038817876608914e-09
44114,-3.2961038681040267e-09
44115,-6.11141931609043e-11
44116,6.63736710869718e-10
44117,-1.0897050851765655e-08
44118,6.197898345412148e-10
44119,-5.678970834890519e-09
44120,-9.635103163316164e-12
44121,-1.904925827919259e-09
44122,1.7792945899836185e-08
44123,-8.316765024845224e-09
44124,1.3158409086580815e-08
44125,-9.064472471593572e-09
44126,-1.644197157172278e-09
44127,2.110934196396274e-09
44128,-1.318828717592774e-08
44129,3.4741513692663656e-08
44130,-8.581019825317187e-09
44131,-2.1239544764811398e-09
44132,-1.1107114950564466e-08
44133,-1.2222067292305286e-09
44134,2.0795066266162683e-08
44135,2.5470906008774064e-08
44136,1.8172158991460177e-08
44137,4.713612807604472e-09
44138,-1.3702939391193843e-08
44139,2.925366599328378e-10
44140,-3.754160985715532e-09
44141,-7.331713206047509e-10
44142,9.665881970055838e-10
44143,-1.3125533077692568e-08
44144,-3.2489673096872298e-09
44145,-8.995214427115708e-09
44146,1.8469649691976873e-10
44147,4.899917993371029e-09
44148,1.0999574504845099e-09
44149,1.683938236613521e-08
44150,-6.044782233007245e-09
44151,-4.603855153486699e-09
44152,1.350844506121348e-09
44153,-1.670363693871206e-08
44154,-5.2978137946501555e-09
44155,-5.6147765550089625e-09
44156,-3.985109015887135e-09
44157,-4.872788569749653e-09
44158,1.4151339852564998e-08
44159,1.2352826542693323e-08
44160,-7.134782616619439e-09
44161,6.450183214394091e-10
44162,2.278675913903469e-09
44163,3.2155544269738013e-09
44164,7.440850463563436e-10
44165,2.9684941037138946e-09
44166,-2.1235692229973867e-09
44167,-2.857534242699962e-09
44168,-2.4313523053194895e-09
44169,-3.9806148972892256e-10
44170,1.3987513361918824e-08
44171,1.785399459360222e-08
44172,4.205546392604493e-09
44173,-2.112396599793881e-09
44174,-3.221160545308179e-09
44175,-5.991103964583858e-10
44176,1.762919382404801e-09
44177,-4.879618416001965e-09
44178,1.481158840252541e-08
44179,4.1871557890332305e-10
44180,-8.336665000238451e-09
44181,-1.5688773348547073e-09
44182,-7.585817289125739e-09
44183,1.3625445141948108e-08
44184,-1.0914226859568815e-08
44185,8.309392756478646e-10
44186,-7.066946165771817e-09
44187,8.680626282481134e-09
44188,-6.311933805472015e-09
44189,-1.3632444179227755e-09
44190,-5.293528170651656e-09
44191,8.360010480383953e-10
44192,-1.5311539758395524e-09
44193,-2.4200989731512973e-09
44194,-1.627855082994966e-09
44195,1.6602858899510573e-08
44196,-1.3635884795186901e-08
44197,-3.441099658546962e-09
44198,6.501049272838362e-09
44199,3.5862021819378626e-09
44200,-1.4322134236087022e-08
44201,-6.114497433628135e-09
44202,-1.698877507569018e-08
44203,1.183129618376813e-09
44204,-6.651066788860497e-09
44205,-8.612233753533835e-09
44206,-2.743015956707051e-09
44207,1.5077741802766014e-08
44208,-8.386287009074746e-10
44209,-1.125513921486445e-09
44210,-6.082733077750562e-09
44211,5.692521314721977e-09
44212,3.416426859361473e-09
44213,-4.688155145907743e-09
44214,1.5201365387054404e-08
44215,-6.285584683611604e-09
44216,-8.58854520470442e-09
44217,4.583260329051027e-09
44218,-3.191926445420165e-09
44219,7.660831898797434e-10
44220,-3.588513419167906e-09
44221,-1.1538472573716999e-09
44222,-2.500389344436278e-09
44223,-4.207930683475451e-09
44224,-2.2541112279306315e-10
44225,-8.560756246633232e-09
44226,9.95566801306575e-10
44227,-1.0117484392163916e-09
44228,3.543615285871075e-09
44229,-1.2508313529549385e-09
44230,-2.788832954453964e-09
44231,8.864470474573302e-09
44232,-2.3884993731502053e-09
44233,1.9581959365830313e-10
44234,-5.0618519641093265e-09
44235,2.232778156771614e-09
44236,-9.05676005328564e-09
44237,2.564600348937015e-09
44238,5.362759150491495e-09
44239,6.62025192124358e-09
44240,-2.0932547409770054e-09
44241,-4.84268838391956e-09
44242,-4.189033449179877e-10
44243,-8.613993472369476e-09
44244,-7.935204932445417e-09
44245,-2.3258900049343285e-09
44246,1.2704345901534227e-08
44247,9.36178953220057e-09
44248,-8.421414683767902e-10
44249,-5.566455173746946e-09
44250,-1.0510766585681655e-08
44251,-2.836582855377943e-09
44252,-1.053288135101773e-08
44253,-7.409053257947502e-09
44254,8.938531041851227e-11
44255,1.3225450966606347e-09
44256,-3.6404306365629214e-09
44257,-2.293203887419324e-09
44258,8.722380409579353e-09
44259,-1.5851506009712207e-09
44260,-9.317879380821648e-09
44261,-5.738605433113234e-09
44262,-1.925202564291439e-08
44263,-1.7611761244071573e-08
44264,2.1356341360562066e-10
44265,-1.6132464605948968e-08
44266,-1.1717170931483998e-09
44267,-1.434845789053119e-08
44268,6.075158388124822e-10
44269,1.8564278205796944e-08
44270,-8.760827792634085e-09
44271,1.8046147825008884e-09
44272,-2.6420305806347882e-09
44273,-8.448469308242441e-09
44274,3.730011913195423e-10
44275,3.3734324537416526e-09
44276,5.2438082509719006e-09
44277,1.0232475809441309e-08
44278,-5.026389322660859e-11
44279,2.2563285829858553e-09
44280,-1.5582854362619802e-08
44281,9.22133536287441e-10
44282,-1.1784989921511867e-08
44283,-1.6430850425860166e-09
44284,5.106019075494058e-10
44285,-8.456978724912191e-09
44286,-2.1855340621371666e-09
44287,-6.359124425237023e-09
44288,-3.1066420636852253e-09
44289,-2.8272988105130957e-08
44290,2.906893091094761e-09
44291,2.262273566632176e-09
44292,-3.7447411482965857e-10
44293,1.7844587208571334e-08
44294,1.7426438756836256e-09
44295,5.53628113126089e-09
44296,-9.082753909743468e-09
44297,2.712065983754791e-09
44298,6.334456629663877e-09
44299,-9.174090639048587e-09
44300,-3.565067868657498e-09
44301,-2.739192017445034e-09
44302,-1.1594677701143865e-08
44303,3.245667127534827e-09
44304,-4.0342881765664935e-09
44305,1.1134553574550875e-09
44306,1.6857634445486854e-09
44307,-2.33356794070621e-09
44308,-5.388441286308991e-09
44309,1.0722475827332087e-08
44310,-1.6316134163109414e-08
44311,-1.6611488997997597e-08
44312,4.7794794334961445e-09
44313,-7.55289211688092e-09
44314,-2.9557734697861386e-09
44315,1.0024207295132031e-08
44316,2.396920867074378e-10
44317,-3.574901764934349e-10
44318,1.9155927322015246e-09
44319,-9.167426527712788e-09
44320,-8.55520730140953e-09
44321,-6.05598681760755e-09
44322,1.419891054599014e-09
44323,-6.132561322330519e-09
44324,6.152217596588937e-09
44325,-6.185886657308141e-09
44326,-8.758741042012789e-09
44327,-7.885434796748668e-09
44328,-3.26937168065941e-09
44329,1.2018051401828159e-09
44330,-2.7512355979305893e-09
44331,2.447585576272454e-09
44332,2.0317065683994206e-08
44333,-5.335871098187327e-10
44334,5.993110975298195e-10
44335,-1.0225038507948896e-08
44336,-8.566757506903473e-09
44337,-4.387440624271552e-09
44338,-6.150884953986263e-10
44339,2.8913563353838896e-10
44340,-1.372653078132918e-08
44341,-1.0116542736638808e-09
44342,-4.543822393073877e-09
44343,5.24630224026436e-09
44344,2.976578169423519e-10
44345,-4.934841983760711e-10
44346,1.0561133147962897e-08
44347,1.5095300570458443e-09
44348,-3.848117995534203e-09
44349,9.28815518821627e-10
44350,-5.082341622980659e-09
44351,3.084143229641982e-09
44352,-1.0900926013194013e-08
44353,5.851341105361851e-09
44354,-3.237685338388078e-09
44355,7.856583084148554e-10
44356,3.2522281799859183e-09
44357,1.129371435368718e-09
44358,8.024611992976555e-10
44359,-3.095255037440007e-09
44360,3.8025327948873995e-09
44361,-8.973591236834029e-09
44362,4.933371181511834e-09
44363,-3.929381471562966e-09
44364,1.9914378700651235e-08
44365,1.3009445519473321e-09
44366,-1.0319266837921935e-08
44367,6.501156737951452e-09
44368,-4.635528922394419e-09
44369,1.9650881045905695e-08
44370,2.7646297811289146e-09
44371,-7.033908773174719e-09
44372,-7.10890665229671e-09
44373,7.579804970701044e-10
44374,-9.960923868728453e-09
44375,-5.059327172126958e-09
44376,2.3537487345327574e-10
44377,5.208205031519499e-09
44378,-2.347606869901645e-09
44379,1.4218242747139834e-09
44380,4.545263675152046e-09
44381,-9.29001295614704e-09
44382,-5.1610516003587935e-09
44383,-3.004527773160397e-09
44384,-2.8189005951985433e-09
44385,3.491628897887102e-09
44386,-1.4034985335102951e-08
44387,7.991535397263138e-09
44388,-1.1494273198618807e-08
44389,1.529378718668018e-10
44390,3.103927031597375e-08
44391,-1.6056312735287128e-09
44392,-1.4409332054991264e-10
44393,-5.996567547130789e-09
44394,-3.5761079256054368e-09
44395,-2.492274916494591e-09
44396,3.913608685310514e-09
44397,3.774138205111719e-09
44398,-2.9685553339776386e-09
44399,-2.8146667728564694e-09
44400,-1.1854028149844354e-08
44401,3.5686636579447222e-09
44402,-2.3862140482797944e-08
44403,-4.623550647767239e-09
44404,-5.7317592812392904e-09
44405,-5.65412215848402e-10
44406,3.4952130221662237e-09
44407,-9.16629966494444e-09
44408,2.0982901922562612e-08
44409,-8.039736799909334e-11
44410,-3.5937101926921836e-09
44411,-4.239663106211478e-09
44412,-3.8796574157119754e-09
44413,-2.8178955192801426e-10
44414,3.915871190442357e-10
44415,1.2929230243193766e-09
44416,-4.232223140767575e-09
44417,-7.37892974254223e-10
44418,-1.1667844198436987e-09
44419,9.660156087889745e-10
44420,-1.4568635852203982e-09
44421,1.007411388156095e-08
44422,-1.7289495878764908e-09
44423,1.3307636247013805e-08
44424,1.3173334382739978e-09
44425,-3.092699191428098e-09
44426,6.49457788806046e-09
44427,-3.473144204363996e-09
44428,2.2394723879375687e-09
44429,-4.623759476236149e-09
44430,-1.2763229934605393e-09
44431,-7.625498081452302e-09
44432,4.757584933195783e-09
44433,-7.59184233785904e-09
44434,-6.336804128403918e-09
44435,2.1583968470749154e-09
44436,2.864250805853144e-09
44437,2.781535837094269e-09
44438,-2.4843357197704186e-09
44439,-2.7400645927837613e-10
44440,-8.216130137715837e-09
44441,-1.0709216475956468e-08
44442,6.408155554108321e-10
44443,3.011710613444732e-08
44444,-1.688330423070735e-09
44445,-6.866385421126365e-09
44446,-1.7142313468013174e-09
44447,-4.4773492874026884e-09
44448,1.2189950793568932e-08
44449,-1.5568162327519438e-09
44450,6.649674454102412e-09
44451,-1.1198386628847637e-08
44452,4.961777119512285e-09
44453,2.091590878266495e-09
44454,-3.826476695828163e-10
44455,3.6479103184737854e-08
44456,1.6594080817449889e-09
44457,-4.106932216981511e-09
44458,6.264875971192633e-10
44459,1.3085905755744535e-09
44460,-3.4125268662790934e-10
44461,-1.7572945952719802e-09
44462,-2.414418520221307e-09
44463,2.552094826215951e-09
44464,-9.03739362139351e-09
44465,-2.3778453064749414e-08
44466,2.219669629455607e-09
44467,-2.254383194192032e-09
44468,-1.5967943797916153e-09
44469,-1.2135533521954685e-09
44470,-7.1974523897815915e-09
44471,-1.081357207324018e-09
44472,-1.601159119049927e-08
44473,-2.19545001825533e-08
44474,2.475457005800833e-09
44475,1.008366072681213e-08
44476,-2.505449606685831e-09
44477,1.4546520266382164e-08
44478,-1.575393813648692e-08
44479,-7.541385707524326e-09
44480,-1.6920700164808564e-08
44481,2.205398916149418e-09
44482,-8.67075629894494e-09
44483,2.1266625149737195e-08
44484,-1.0004580944018413e-08
44485,2.15345376382708e-09
44486,-6.158150727249997e-09
44487,-3.0532798841788043e-09
44488,-4.3772448577636074e-10
44489,5.694627636928099e-09
44490,2.3742662384454324e-09
44491,2.5691809783109255e-08
44492,1.0835466130578696e-09
44493,-3.547157337286306e-09
44494,-6.678231267987026e-10
44495,2.273383841251978e-08
44496,1.0469667095549903e-09
44497,-1.6051177704570489e-09
44498,-9.982336516971621e-09
44499,7.898116133141232e-10
44500,-7.484145777929089e-09
44501,-1.7772759590960792e-09
44502,-2.3350595057545936e-09
44503,-8.072011989206567e-09
44504,2.8328095948606836e-09
44505,-1.8798129042606314e-10
44506,-2.027676568161553e-09
44507,6.037865711115413e-09
44508,-1.2431147775012741e-08
44509,-1.3354159721462472e-09
44510,-4.00531823571791e-10
44511,-1.24632747672006e-08
44512,5.1538157334262744e-09
44513,-4.543633070953e-10
44514,-3.1150572141981728e-09
44515,-2.5237078308040756e-09
44516,9.355455441994662e-09
44517,3.721328384324768e-09
44518,2.3231674045520508e-08
44519,-1.1387857264983706e-08
44520,2.254762545873615e-09
44521,2.523345289204046e-10
44522,-9.596821339448697e-10
44523,1.5144540791846435e-08
44524,7.5793345308361e-09
44525,1.2739707555261863e-08
44526,-1.3394105443774628e-08
44527,1.0341808071149852e-09
44528,3.8511920712266993e-10
44529,-2.6880789152077165e-09
44530,-1.1937400531368025e-09
44531,-4.408657868856122e-09
44532,-1.8276008090048106e-09
44533,-8.101545752600514e-09
44534,2.9111822578464944e-09
44535,2.086034740738386e-09
44536,4.454934705180278e-09
44537,-4.1322763204800115e-09
44538,8.604580889056596e-09
44539,3.627360207875241e-08
44540,-7.753410596190359e-09
44541,-2.2841891964273357e-09
44542,3.78854945522636e-09
44543,5.768434874041964e-09
44544,4.6305020042291907e-10
44545,4.3085377544144344e-09
44546,1.0493290027803936e-08
44547,-2.0299772580529147e-09
44548,-7.644318845713737e-09
44549,1.3840853377650047e-08
44550,-8.479761409608352e-10
44551,-2.3861077795735224e-09
44552,-7.818143528857472e-09
44553,-3.8785465986220385e-09
44554,1.7112000886118185e-08
44555,2.6372937448823337e-10
44556,-9.314772511204702e-10
44557,-1.5572827371624421e-09
44558,1.0801822452736267e-09
44559,8.214919580727721e-09
44560,1.55480731226891e-09
44561,3.004748592789055e-09
44562,2.726406441884019e-09
44563,-1.830371559552581e-09
44564,1.617446300555334e-09
44565,-8.921119408178902e-10
44566,-4.163489523951155e-09
44567,-2.140118855793757e-09
44568,-2.395831269853038e-09
44569,-1.2620226387571485e-08
44570,-1.1632987064646032e-08
44571,-8.190316214250243e-09
44572,-6.439971824248632e-09
44573,1.427200367932012e-08
44574,-1.2880084950020787e-09
44575,2.1348185541486717e-09
44576,1.0339121130272937e-08
44577,-9.108191992956749e-09
44578,-4.133852082844228e-09
44579,-7.52694966368846e-09
44580,-3.4751350340835103e-09
44581,7.518227526058665e-09
44582,6.811434281055238e-10
44583,1.326590344363111e-08
44584,-2.6457531313738295e-09
44585,-1.1954060593706648e-10
44586,2.6303313657265166e-09
44587,-1.1745470687701654e-08
44588,2.8126040051922437e-09
44589,7.2397669416970836e-09
44590,-7.3214564570967594e-09
44591,4.642804641147349e-09
44592,2.240789890864284e-09
44593,1.2153369840816932e-10
44594,2.3913748157234834e-09
44595,-1.0055568019911586e-08
44596,-1.0616712129838397e-08
44597,-4.2416333551347276e-10
44598,4.65927212381523e-09
44599,-9.01065092480225e-09
44600,-8.564266948474976e-10
44601,3.2615585735091633e-09
44602,-2.6303208226531516e-09
44603,1.0001329365664274e-08
44604,-3.900885739618225e-09
44605,-5.028676120245263e-09
44606,-4.670584877434451e-09
44607,-8.809612400678126e-09
44608,-5.224107147628683e-09
44609,4.232434255235934e-09
44610,-1.93362917615705e-09
44611,-6.442126676954738e-09
44612,-4.042929560296719e-09
44613,3.173044388612051e-09
44614,1.1758227163191946e-08
44615,-9.001157035144842e-09
44616,6.599389205462827e-09
44617,-1.4113844583114901e-08
44618,-1.951704226727305e-08
44619,4.383568348791886e-10
44620,-3.512240915343983e-09
44621,-5.063978548268826e-09
44622,-3.012179571719011e-09
44623,-5.369767922323297e-09
44624,4.25111812049755e-10
44625,-6.091996575260325e-09
44626,1.4902006569298287e-09
44627,-5.142973016214502e-09
44628,-2.9101495603551587e-09
44629,8.252253895396009e-09
44630,-4.749235080797372e-09
44631,1.2507379680401151e-08
44632,-4.044244784471924e-09
44633,-1.0531419948370012e-08
44634,1.9349186454156564e-09
44635,5.6973470774735495e-09
44636,-1.4838060514395017e-08
44637,1.3659826990867565e-09
44638,-1.006599516900464e-08
44639,-6.787367083571516e-09
44640,-4.7995172211578655e-09
44641,-2.6990973877683292e-09
44642,-1.313880938688037e-08
44643,1.7842886462872116e-08
44644,-3.5026251147924506e-09
44645,3.256855570942716e-09
44646,-5.470967864957537e-09
44647,-4.980921865939247e-09
44648,1.6352956718611672e-08
44649,-1.1809720770875102e-09
44650,6.650690871480438e-09
44651,-4.756972827054499e-09
44652,2.594341173774399e-08
44653,-9.179538606257478e-09
44654,5.6756094099465485e-09
44655,2.1478684411221607e-09
44656,-2.6428055951053036e-09
44657,1.0157327213444098e-08
44658,-1.0551348782186143e-08
44659,-1.3414778925153423e-08
44660,4.045356157466905e-10
44661,-5.011443935565372e-09
44662,-1.637415676089957e-09
44663,2.4281832784445575e-08
44664,2.4265207881288633e-09
44665,-1.479464176413349e-09
44666,-7.38799838355005e-09
44667,6.2182544818982e-10
44668,-2.869996858850713e-08
44669,8.554882580618296e-09
44670,9.176567181466751e-09
44671,-1.0364790810706417e-08
44672,-3.717874637914283e-09
44673,1.62916098833066e-08
44674,3.4162305629199074e-09
44675,1.3758589216712241e-09
44676,-7.156010610718428e-09
44677,1.127735313569955e-08
44678,1.621940446956149e-08
44679,-8.508551324131658e-10
44680,-5.58315660311654e-10
44681,9.665862059424871e-09
44682,1.8794785236700588e-09
44683,-5.861413185736876e-10
44684,-2.600651613345871e-09
44685,-3.1963233003926343e-09
44686,-8.498677348957773e-09
44687,2.924007307212283e-09
44688,1.6521595841617049e-09
44689,1.877978040326433e-08
44690,7.329921817250387e-09
44691,1.8068874960218336e-09
44692,-5.276774485971995e-09
44693,-2.196190852293541e-10
44694,1.7930207101430557e-09
44695,8.83572341910955e-09
44696,-1.4249456145569217e-09
44697,-7.35258124402891e-10
44698,-4.4390852699411515e-09
44699,1.8663594360215935e-09
44700,-1.2339007014114822e-08
44701,6.063044528369425e-11
44702,-8.93302663074511e-09
44703,1.2388126747310573e-09
44704,7.810225251114826e-09
44705,-5.4111021739268336e-09
44706,1.6717741705191624e-08
44707,9.252810526198616e-10
44708,2.0050247150431255e-08
44709,5.3527923808248715e-09
44710,1.2670103020390125e-08
44711,-7.968883881719312e-10
44712,-7.642543903404698e-09
44713,1.5392379516468276e-09
44714,-3.0599838593664353e-09
44715,1.2368652375673675e-08
44716,-3.6657807647805206e-09
44717,7.400870631685462e-09
44718,-5.555600408168782e-09
44719,-2.693175768312769e-09
44720,-7.302503806784529e-09
44721,-1.7175228844223943e-10
44722,-9.96564341071764e-09
44723,-1.9386274627942436e-10
44724,1.4895490258340778e-08
44725,-5.740951168443896e-11
44726,4.723097884785748e-09
44727,-1.495919386194822e-09
44728,-2.603551264865226e-09
44729,-1.3469877185475654e-09
44730,1.2759866782695283e-08
44731,1.0577785348492555e-08
44732,-1.5756049510005653e-08
44733,-1.9123247334286397e-09
44734,-1.2823646197598633e-08
44735,-9.587633407884853e-09
44736,-1.1195218833075652e-09
44737,1.6174084123904947e-10
44738,2.3920787048982797e-09
44739,7.066649603472687e-09
44740,-5.719919758242062e-09
44741,-1.5075261505674836e-09
44742,2.820925930773811e-09
44743,2.9720763247702845e-09
44744,5.069628878332763e-09
44745,-1.2694593156301013e-09
44746,-1.0621520670036122e-08
44747,6.990179299403727e-09
44748,9.387873951993566e-10
44749,-3.4342139559175482e-09
44750,-1.3341785642962938e-08
44751,1.2521663074458145e-08
44752,-2.7435536628641123e-09
44753,-2.91318073874254e-09
44754,1.2973891199058601e-10
44755,-4.551914981017395e-09
44756,-9.080788546163033e-09
44757,-1.6148887935653308e-08
44758,9.746733838413397e-09
44759,-4.411009472664723e-09
44760,-5.9754703511362425e-09
44761,8.571472311150887e-10
44762,-4.306319615735361e-09
44763,1.3025945582141584e-08
44764,-2.8384303693300043e-09
44765,-2.0468328138841903e-09
44766,-2.4251545490079754e-09
44767,1.1201821934165049e-08
44768,-2.1133337504059514e-09
44769,-9.504952263973617e-09
44770,-5.132620741918174e-10
44771,-8.589890881324117e-09
44772,1.7202849936188294e-08
44773,2.5889937564857194e-09
44774,-1.259232894652374e-08
44775,3.7128107249737994e-08
44776,-7.924422243304871e-09
44777,9.715402361938314e-10
44778,4.547270218004709e-09
44779,1.6922154684411037e-10
44780,-5.6846219003051795e-09
44781,-3.5550937966965983e-09
44782,-1.6479736690074503e-09
44783,-2.803063005605802e-09
44784,-9.100318091629947e-09
44785,2.9558540647136562e-09
44786,-3.6894234341373726e-09
44787,-3.4605528973561783e-09
44788,-3.340857985584306e-09
44789,-4.1583920582916684e-10
44790,-9.437515923829503e-09
44791,2.781567066309778e-09
44792,-4.476503677898293e-09
44793,-7.613925047433574e-09
44794,-1.8500864856903357e-09
44795,1.8552771645560017e-08
44796,-1.5965978737724811e-09
44797,-4.592455968107541e-09
44798,-4.129987239810779e-09
44799,1.7601364870851226e-09
44800,-8.971011060432858e-09
44801,-6.782946881242263e-09
44802,1.1286552263181713e-08
44803,8.981382933946282e-09
44804,6.756379450258797e-09
44805,8.898586061147143e-09
44806,-7.929710853419397e-10
44807,-1.0689069533603026e-08
44808,7.432424210747588e-10
44809,-6.5045853008502634e-09
44810,-3.390209067444735e-09
44811,-2.4160140982078986e-09
44812,1.169431380642556e-08
44813,-7.926018423234104e-09
44814,5.730033516620313e-09
44815,-5.9456979382215515e-09
44816,3.921139476609488e-09
44817,-7.773929183814952e-09
44818,-5.102148251924667e-10
44819,5.904225832048331e-09
44820,-1.1081296748853674e-08
44821,-5.0765323089591315e-09
44822,-5.445060393400863e-09
44823,-1.7322256191658618e-09
44824,-5.422651563192911e-10
44825,1.55834937396425e-08
44826,-1.8667501972107255e-09
44827,-4.056187356163671e-09
44828,1.598249138855441e-08
44829,2.988922455045338e-08
44830,1.987190719478407e-09
44831,-1.2846719161281917e-09
44832,6.994518724012945e-10
44833,-2.753406774289959e-09
44834,-5.501415511290921e-09
44835,-2.455605231296183e-09
44836,-1.1030671070214878e-08
44837,2.3710703094026024e-09
44838,-6.556273648953325e-09
44839,3.3701990229641512e-09
44840,-6.2110375976619746e-09
44841,-9.18552642703488e-09
44842,-4.451068243724507e-09
44843,3.4290982918423964e-09
44844,-9.638268471228812e-09
44845,-8.564943261902203e-09
44846,-8.240018506992195e-09
44847,-4.000115398860544e-09
44848,-2.7907670691554335e-09
44849,-1.8214471327106182e-08
44850,1.1390345491592358e-08
44851,-2.6641128735518697e-09
44852,-4.206740353761119e-09
44853,-3.906138522727385e-10
44854,-2.3992308551281447e-09
44855,5.31862087722064e-09
44856,-3.1424065586112734e-09
44857,-1.283283070155412e-08
44858,-6.992524775405473e-09
44859,3.1491686940402305e-09
44860,8.006584092611919e-09
44861,1.7540311785552696e-09
44862,1.7891033576829522e-09
44863,-8.265620106545638e-09
44864,-9.759556977955167e-09
44865,-6.838030615303066e-10
44866,-1.5401586637357983e-09
44867,9.12785400471804e-09
44868,4.869403013680801e-09
44869,-7.027967691350462e-10
44870,-1.5748163657152382e-09
44871,4.793825743416325e-10
44872,-8.762206511574114e-09
44873,-3.1316876238703708e-09
44874,-5.736184503616811e-09
44875,2.3424695814508614e-09
44876,3.242713537808143e-09
44877,1.0629173866617692e-09
44878,5.579410047977115e-09
44879,1.1543098832210265e-08
44880,6.545355452833767e-09
44881,3.217056546504687e-09
44882,8.065385838368856e-09
44883,-5.02583265257916e-09
44884,1.064747824024089e-08
44885,1.986350560452694e-09
44886,4.2982110532021106e-10
44887,-3.2324675098662312e-09
44888,-1.4290367656920766e-09
44889,1.3333085728758602e-08
44890,-1.6018313468895478e-09
44891,1.3662553190770443e-09
44892,-3.3591237862441455e-11
44893,-1.1335166279573953e-08
44894,7.307253524414221e-10
44895,-2.070452303109702e-09
44896,-9.37237929695804e-09
44897,-3.9641968019242585e-09
44898,-3.5743117969917087e-09
44899,1.2652869731014762e-08
44900,1.6563212464404477e-08
44901,-2.758191401428511e-09
44902,-8.717382150199608e-11
44903,-2.1610451968249597e-09
44904,4.206505370406145e-09
44905,2.49266682652e-09
44906,-3.746041435409664e-09
44907,-5.406285133987591e-10
44908,1.773970142586454e-09
44909,6.032609721755096e-09
44910,9.348188594559912e-10
44911,-3.6827770253097012e-09
44912,-1.278081628356403e-08
44913,-3.6556820713979963e-09
44914,-8.535696703368649e-09
44915,2.801580593104911e-08
44916,1.0913836218689853e-08
44917,-1.8141866457094217e-09
44918,7.704884685580545e-10
44919,-9.6009432265547e-09
44920,-7.918562860033454e-09
44921,2.633181195347028e-08
44922,-2.048900597156287e-09
44923,-9.661320278507228e-10
44924,-6.742046171878253e-10
44925,-1.1170082151980972e-10
44926,9.211532358765634e-09
44927,6.485460696136148e-09
44928,1.0490373922573635e-08
44929,2.527708455339634e-08
44930,5.1905490676598455e-09
44931,1.0000402277871295e-09
44932,-6.073362399847412e-09
44933,1.8425548082171767e-09
44934,7.36553398222437e-10
44935,3.735850013686527e-09
44936,-1.3724677105640535e-09
44937,-2.9390693974381783e-09
44938,-2.493541744283208e-09
44939,-3.860731686964267e-10
44940,1.0851734318863764e-09
44941,-7.045245236304883e-09
44942,-1.00826705288591e-08
44943,-4.035123727327003e-09
44944,-8.457008091960828e-10
44945,-2.3076474810730736e-11
44946,2.5474132977250796e-08
44947,4.246461505258453e-08
44948,2.5285694822200298e-09
44949,-1.8178511014202082e-08
44950,-1.0474719827941065e-08
44951,-1.2696128976669895e-08
44952,1.9804994093567365e-08
44953,-1.0893545774704568e-08
44954,-8.138536564462104e-10
44955,-1.0833634361675778e-08
44956,4.958026976752121e-09
44957,2.633474678700569e-09
44958,1.5176910471587786e-08
44959,8.763025515196197e-10
44960,1.9131791251481182e-08
44961,-3.5758490183205996e-09
44962,-1.0796878350629553e-09
44963,-2.5709052906197354e-10
44964,-2.320645715516949e-09
44965,1.7146873294475324e-09
44966,4.191090088972457e-09
44967,1.705117681013046e-10
44968,-1.2438897387807265e-08
44969,2.805577349576244e-10
44970,-7.015684045636613e-10
44971,-1.1634378500901552e-08
44972,-2.4189303494195576e-09
44973,3.2320607942500843e-10
44974,-8.862256910507168e-10
44975,-2.1317230431205394e-08
44976,-1.2852353866028809e-08
44977,-3.8183312704019453e-10
44978,-1.2310549735456967e-08
44979,-2.198460547568325e-09
44980,-4.5981324965414e-09
44981,7.979878375417728e-09
44982,-1.1052536635800295e-08
44983,-3.7058695746403216e-09
44984,-1.6252065221793163e-09
44985,-4.584087506118881e-09
44986,1.4386194432077733e-08
44987,-3.8299862813822795e-09
44988,8.802207220621507e-10
44989,-1.5507274704370808e-09
44990,6.915917505708525e-10
44991,-1.4206679477178707e-10
44992,-6.41448055964152e-09
44993,2.2223412832801565e-10
44994,-2.282220039953885e-09
44995,6.434344183650054e-09
44996,1.7212500760864811e-09
44997,-1.1828826814288591e-08
44998,-1.321519528321449e-09
44999,-2.6318190313803137e-08
45000,7.051132535995278e-09
45001,1.5804700003188376e-08
45002,-7.0250745104712e-10
45003,1.6953513516477123e-09
45004,-9.191688919651775e-09
45005,6.398185139429926e-09
45006,1.9010470278180493e-09
45007,4.382392926966532e-09
45008,-7.0577077334443354e-09
45009,-6.26987457358146e-09
45010,-4.59055899908087e-09
45011,-5.647121732194271e-09
45012,2.0218509118154407e-09
45013,-4.6325448530145205e-09
45014,8.812002281231175e-10
45015,-4.200348089794642e-09
45016,-7.097731233810287e-09
45017,-1.6054265231700193e-10
45018,-1.9206782668018046e-09
45019,-2.1531474221596286e-10
45020,2.945237252761778e-09
45021,-1.1180749026053333e-08
45022,-3.5821117644312207e-09
45023,2.6782614042279218e-09
45024,-2.2422567335748051e-10
45025,-6.914454923774392e-09
45026,-2.3785814795411764e-09
45027,3.0725569895135004e-09
45028,9.579483461220743e-09
45029,1.0710070417324405e-10
45030,-1.7695461743065687e-11
45031,4.411783903085108e-09
45032,6.798847812090356e-10
45033,1.4148355990727068e-08
45034,3.784605161373941e-10
45035,2.0566488473230912e-08
45036,-1.8282451736450909e-09
45037,-7.393298672311836e-09
45038,-8.285071407294296e-09
45039,-1.46162176187412e-08
45040,-5.448952481679857e-09
45041,1.744182992659381e-09
45042,-1.9188580025174023e-08
45043,-7.777411018296842e-10
45044,-1.3503936551976238e-09
45045,1.2317415814402838e-08
45046,-7.936950561047606e-09
45047,-2.3990376429628893e-09
45048,9.85937688988622e-09
45049,-7.278314014810889e-09
45050,1.8831847375771503e-08
45051,-6.376754727590764e-09
45052,5.831188636259573e-09
45053,-9.706066951962425e-10
45054,-3.518952588164802e-09
45055,-1.0142782831536695e-08
45056,4.744551823293902e-09
45057,8.381138820892048e-10
45058,-1.7004579232658585e-09
45059,-5.762227489275789e-09
45060,8.180186913193119e-10
45061,-4.585813826579572e-09
45062,-6.003646976555564e-09
45063,-1.35001462849654e-08
45064,-1.8134413896944896e-09
45065,-3.3380177733006494e-09
45066,-5.102328226354527e-09
45067,-5.735966332889312e-10
45068,-4.668215569352372e-10
45069,-2.0799430244323885e-09
45070,5.726924190947426e-09
45071,-5.504608025247216e-09
45072,5.7435370247198654e-09
45073,1.7135316826283634e-08
45074,-1.34989261400861e-08
45075,6.589258180471908e-09
45076,1.1704864373697253e-09
45077,-2.1103014651185584e-09
45078,-8.663981075293698e-09
45079,3.4346325919732306e-09
45080,-2.1118858879043672e-09
45081,4.110117484814192e-10
45082,5.781440124532853e-09
45083,-5.571158464298294e-09
45084,-7.074562157816618e-09
45085,-3.056988339114519e-09
45086,9.597220260856361e-09
45087,6.767581062989145e-09
45088,-9.530168231255341e-09
45089,1.2942186820994364e-08
45090,2.402864174020085e-09
45091,7.607161925758371e-10
45092,-1.0611502555504426e-09
45093,-2.7796037547771005e-09
45094,1.7641565238667994e-08
45095,-2.913978606803003e-09
45096,1.286327062310159e-08
45097,-1.1188213151121928e-09
45098,1.898091182105165e-08
45099,-4.562826207421276e-09
45100,-3.0769278180673635e-09
45101,7.32231872710471e-09
45102,-3.309618659825161e-08
45103,3.550404710065335e-10
45104,-3.4948889011938493e-10
45105,2.4135974715371536e-09
45106,-1.1182843383810436e-08
45107,7.166880199460649e-09
45108,-5.438809257115867e-10
45109,9.145374816524818e-09
45110,-1.4817634447048634e-09
45111,-2.8859544090832712e-09
45112,4.0365733267706017e-10
45113,8.424930480548941e-11
45114,-5.137096033148837e-09
45115,-5.499081604201957e-09
45116,1.0497324153101997e-10
45117,-3.030961671075746e-10
45118,-4.846673740581667e-10
45119,-4.923165996380956e-09
45120,-1.957410714917881e-09
45121,1.139053188864463e-09
45122,1.984956017171029e-09
45123,-3.078786401097421e-09
45124,4.913290493840684e-10
45125,-1.2828049690141076e-08
45126,-8.012980106855662e-09
45127,5.403208202747327e-11
45128,2.755033945938722e-08
45129,-3.821661217494389e-09
45130,2.382570628411555e-09
45131,-2.6901626721149915e-09
45132,-1.0055963620975731e-09
45133,-2.6577547121892327e-09
45134,3.553552231978383e-09
45135,1.9556257937783762e-08
45136,-2.989288158190512e-09
45137,3.8922268930835464e-09
45138,7.96674870223068e-09
45139,2.9883664023724576e-09
45140,-9.42394716984035e-09
45141,2.2610588385377023e-08
45142,9.72136533023175e-09
45143,-2.4645596383718807e-10
45144,-2.7850651839723775e-09
45145,-1.4624471643708325e-09
45146,5.833930976667558e-09
45147,-1.124499486070403e-08
45148,-7.597443676459748e-09
45149,4.28785886191606e-09
45150,-2.2353790908851578e-09
45151,2.31120152424051e-09
45152,-1.6637083927327967e-08
45153,3.864041920724637e-09
45154,-5.6737293826925376e-09
45155,8.9347379241494e-09
45156,7.58185078799109e-10
45157,1.7556063104902751e-09
45158,1.6291813327062528e-09
45159,1.689307237124281e-08
45160,-4.728412210359885e-09
45161,8.716052158433896e-09
45162,-1.617989535395501e-09
45163,-1.0516989687103332e-09
45164,-3.716098604410216e-10
45165,-1.17792855282492e-08
45166,3.2705319559980244e-09
45167,-3.7783729671808265e-09
45168,-3.63887661130771e-09
45169,-7.244626394097325e-09
45170,1.9827542543768745e-09
45171,1.02166805610046e-08
45172,-1.8931564356303625e-09
45173,6.4070950540900835e-09
45174,3.971971037867511e-09
45175,-5.95033325868638e-09
45176,1.3855085865170922e-09
45177,2.142129684907918e-09
45178,6.300869178287427e-09
45179,7.356415211156883e-10
45180,3.1878953504381517e-08
45181,1.836965679765286e-08
45182,-6.4781752396811326e-09
45183,3.34911652600498e-10
45184,-1.55206834755362e-08
45185,-5.283269969286633e-10
45186,-1.0350626327363778e-08
45187,-1.0581851043928244e-08
45188,2.573508535783472e-09
45189,-1.2829801295931715e-09
45190,1.6322334672418326e-09
45191,3.2822904209656275e-10
45192,2.941125136364187e-10
45193,-1.1806290718791654e-08
45194,8.763700358342363e-10
45195,-3.9572395990707095e-09
45196,3.3530673993603213e-08
45197,-3.369159184385261e-08
45198,-1.7912923418423997e-09
45199,-7.334127381081629e-09
45200,-9.944958371881212e-09
45201,-1.3746333329738787e-09
45202,1.5635472896388056e-10
45203,-1.5915155271210145e-09
45204,-6.303579031417017e-09
45205,-2.0574738558734633e-09
45206,8.167714876646019e-09
45207,-7.858042164914175e-09
45208,-6.780822424110683e-09
45209,4.584833755484633e-09
45210,-7.435264672590768e-09
45211,-5.259313909181267e-09
45212,1.1714937752465379e-09
45213,-5.848086087308673e-10
45214,-1.0388459803925455e-09
45215,-1.1796189718967704e-08
45216,-5.141878087868904e-10
45217,-2.164669727393802e-09
45218,2.5722046921245223e-09
45219,3.6624268978306977e-10
45220,-9.813176799125247e-10
45221,5.774453412969308e-09
45222,4.481770948370953e-09
45223,4.022637295312825e-09
45224,1.394498042186611e-08
45225,1.1663433479283094e-09
45226,1.1012304989297047e-09
45227,-1.203178181373158e-09
45228,-1.5863972451533542e-09
45229,-4.292393725331875e-09
45230,-1.943173371381481e-09
45231,8.48812532059563e-09
45232,2.852530716626185e-09
45233,-1.37141777476186e-09
45234,-2.446284423930229e-09
45235,7.693360312475158e-10
45236,-1.3682503394952213e-09
45237,-6.5933335087132835e-09
45238,-2.701938713395344e-09
45239,-1.8522223463733891e-09
45240,-1.408486097160739e-09
45241,1.340939886451254e-09
45242,-5.643776896600454e-09
45243,-2.172893206511969e-09
45244,-4.5238467401177134e-11
45245,-2.913884811940474e-09
45246,7.461058697353814e-10
45247,-1.605599246056646e-08
45248,1.699361673039926e-10
45249,5.929657885434399e-10
45250,-7.924656926977946e-09
45251,-5.6733647451763296e-09
45252,1.475794049098287e-09
45253,-2.3275111433213656e-09
45254,1.4687268690414762e-08
45255,-4.734086605827237e-09
45256,-2.36547753558766e-09
45257,-3.727904921911733e-09
45258,-1.5195104765452332e-09
45259,-2.408815577239678e-09
45260,1.778321604597282e-09
45261,9.005247174368975e-09
45262,-1.0335795411534167e-08
45263,-3.629174651013828e-09
45264,-1.8738626109309406e-08
45265,-1.7540160153533635e-09
45266,4.791322854877664e-09
45267,-6.101677746999368e-10
45268,7.840784373506685e-09
45269,6.4384850460795744e-09
45270,-3.984760808083725e-09
45271,4.695218603605876e-09
45272,-2.361282041914692e-09
45273,4.558994043999857e-10
45274,5.4470908484773995e-09
45275,-5.376302042810491e-09
45276,4.926609987806357e-09
45277,-8.109773993252008e-09
45278,7.870779405466835e-10
45279,6.145963030971666e-09
45280,-3.198420975046995e-09
45281,-2.1348215304379126e-09
45282,-6.777846210152918e-10
45283,6.6762135222555425e-09
45284,-3.0081608904383244e-09
45285,5.059211720226724e-09
45286,2.073182476189598e-08
45287,-4.057338732484769e-09
45288,8.890210101423478e-09
45289,-1.1085807281872362e-08
45290,-2.0185790357880333e-09
45291,1.7339167894161084e-08
45292,9.102931837577196e-09
45293,-3.965320677145959e-09
45294,-1.2362779754259196e-09
45295,6.630729850943939e-09
45296,4.048272991519217e-09
45297,4.259428683281283e-09
45298,-1.7940162796450354e-09
45299,-1.595958243029632e-08
45300,-4.587867418036147e-09
45301,-1.1607064152655985e-08
45302,-6.630297290209441e-10
45303,5.93121595655349e-10
45304,-2.996983049461852e-09
45305,-1.2916837692728287e-08
45306,-5.3214976488668825e-09
45307,5.9419398487047404e-09
45308,-2.7377308147602428e-09
45309,3.4134097423795866e-09
45310,7.309310218873765e-09
45311,-1.3214349451618714e-09
45312,-1.1416348737103773e-08
45313,1.8690563453805224e-09
45314,2.912851006974543e-09
45315,-3.518985642864129e-10
45316,-4.780851547149267e-10
45317,1.2078387464305242e-09
45318,-4.517952910675851e-09
45319,-2.457780418125548e-09
45320,-7.3157821467330915e-09
45321,-6.59182806666864e-09
45322,-4.087682033735487e-09
45323,-1.429297511554771e-08
45324,1.5383577167436677e-08
45325,-2.8287865759363646e-09
45326,-7.259170841526048e-09
45327,3.859962648508795e-10
45328,3.011202687986277e-09
45329,1.4365175688853412e-10
45330,1.9530900574608713e-09
45331,-1.0404361470666047e-08
45332,1.4222702065020221e-10
45333,-2.2913085528973593e-09
45334,-1.2867694339169316e-09
45335,-3.326010704310212e-09
45336,-6.2648955693111145e-09
45337,9.429172848353312e-10
45338,-3.9077233268426516e-09
45339,5.637304583299628e-09
45340,1.3438684480847947e-08
45341,-5.287517448774031e-09
45342,-5.209497074646684e-10
45343,-1.0749713232093203e-10
45344,-7.533836475218463e-10
45345,9.341026657283293e-10
45346,-3.2031972097779686e-09
45347,3.5763191548058077e-09
45348,7.964879537728926e-09
45349,-4.9709563811325045e-09
45350,-4.312220024407493e-09
45351,-9.715250083498822e-09
45352,3.785363946670688e-09
45353,1.6328442397227702e-08
45354,-7.641332572591106e-09
45355,-2.3745309715629516e-09
45356,-2.3669921263876105e-09
45357,1.146172536464913e-08
45358,-6.88488028694555e-09
45359,-7.518572896951493e-09
45360,-4.5322040418884926e-09
45361,-9.136730340669745e-10
45362,1.8707373095793463e-09
45363,1.197919341006694e-09
45364,-1.6559909576054192e-08
45365,5.202797176003128e-09
45366,-6.749461851950648e-09
45367,-4.421366272610957e-09
45368,4.56951775621786e-09
45369,-1.0609373668242337e-08
45370,9.450116907388514e-09
45371,-7.1476796433864074e-09
45372,-8.8050931625347e-10
45373,-3.458533133752078e-09
45374,2.6193350051885585e-09
45375,1.6875593155354467e-09
45376,-3.91573735502202e-09
45377,1.7843130966225709e-09
45378,9.605711667259673e-09
45379,1.1787192490692671e-08
45380,-4.938537555878074e-09
45381,-3.3850531943081526e-09
45382,-8.504989657812555e-09
45383,-6.0504056242682176e-09
45384,5.549802194003068e-09
45385,-4.981524011703783e-09
45386,-3.882430884090434e-09
45387,2.3531457853815627e-08
45388,3.928876660771219e-09
45389,-5.6662753379379325e-11
45390,2.3427071131267392e-09
45391,1.0710717497668135e-09
45392,2.4533343419375715e-09
45393,-5.264896912181806e-09
45394,-4.141994506996506e-09
45395,9.346800035326828e-10
45396,-1.877281372066493e-09
45397,-8.707863849124024e-10
45398,4.662857811123959e-09
45399,-6.433407530926847e-09
45400,-9.098506737755037e-09
45401,1.1667090622776554e-08
45402,-3.4155828863196792e-09
45403,4.983361803343171e-10
45404,1.1989933770107529e-09
45405,-9.929914938757433e-10
45406,-8.129521778479519e-10
45407,-1.1703613074274653e-09
45408,3.037309083242798e-09
45409,-8.939701226894242e-09
45410,-2.0653478538215372e-08
45411,1.2871609219068527e-08
45412,7.659978038509218e-09
45413,-7.959373487052251e-09
45414,-1.2478561000298713e-08
45415,-7.1345653320514945e-09
45416,-5.2652659318559495e-09
45417,-3.838727370931273e-09
45418,4.675826373858942e-09
45419,1.4335693132573198e-08
45420,1.979772243856802e-09
45421,-2.783075302716386e-09
45422,2.19026945753504e-10
45423,-3.978357500924206e-09
45424,-1.4105858085463487e-08
45425,1.8024761141592106e-08
45426,-4.546866388979898e-09
45427,-2.9405803311430546e-09
45428,-2.3731480334246877e-09
45429,1.5339239763246648e-08
45430,-2.5101548616396525e-09
45431,4.4559515423445036e-10
45432,-3.580281153367084e-09
45433,5.581339649140042e-09
45434,-5.922247332386901e-10
45435,7.753960133864883e-09
45436,7.604335836776833e-10
45437,1.5092981396051217e-08
45438,-3.843910567787607e-10
45439,7.60308525852586e-09
45440,1.132043689982431e-08
45441,-8.854273008870667e-09
45442,-1.832684799941267e-09
45443,1.095032177422769e-08
45444,-2.4688379663516146e-10
45445,-1.6564752283885286e-09
45446,-1.2989871530397894e-08
45447,1.585323409018926e-08
45448,-6.194630171784451e-09
45449,-7.575849324110628e-09
45450,-2.647247638023092e-09
45451,5.682441700389409e-09
45452,-9.6924021803842e-09
45453,-4.585977380257976e-09
45454,5.336198606678669e-09
45455,1.4791019942040582e-09
45456,1.8748576177291907e-09
45457,-4.615269401957324e-09
45458,-1.2835692239129177e-10
45459,-2.079075199255253e-09
45460,-4.644388168753947e-09
45461,-4.268421579234135e-09
45462,1.5406247982324307e-09
45463,-6.075121579818094e-10
45464,-2.7083340078303063e-09
45465,7.016107802080433e-09
45466,-1.6088393386845983e-09
45467,1.6074658766800796e-08
45468,6.194053411983431e-09
45469,-1.0500455493275038e-09
45470,-4.761475207766137e-09
45471,2.1563268457430408e-08
45472,5.354493788401635e-09
45473,-5.710923220983437e-09
45474,-5.228073803132668e-09
45475,-1.8742340914836153e-09
45476,-5.00911870199128e-10
45477,7.999010830728087e-09
45478,2.889770179504314e-09
45479,-2.0696278725227328e-09
45480,-1.245630308737118e-08
45481,-1.7453301830881405e-09
45482,4.729154758898767e-09
45483,4.109108858665343e-09
45484,5.857370848919839e-09
45485,2.7255913857912104e-09
45486,-1.3571489005058309e-08
45487,1.468944563904209e-09
45488,-2.2843919087155068e-10
45489,-3.862754774882803e-10
45490,6.56369958330892e-09
45491,2.0050364172996475e-09
45492,-9.394652843228097e-09
45493,9.757340737016402e-09
45494,-1.5757297796576681e-09
45495,-1.776601299407737e-08
45496,-4.570569567479397e-10
45497,1.2783232407179979e-09
45498,5.215193003307902e-10
45499,-2.9439130808143896e-09
45500,-8.311247502740691e-09
45501,-1.929767198380297e-08
45502,-1.4501908310350996e-09
45503,-5.524122779174922e-09
45504,4.204443409644471e-09
45505,9.876548215221518e-09
45506,5.744409564480616e-09
45507,3.885978280832583e-09
45508,2.7457346409984394e-09
45509,1.6026491625955114e-09
45510,1.2628902886690091e-09
45511,-3.373030805204503e-09
45512,1.6111183656685048e-09
45513,-1.6042660379330961e-09
45514,-4.158645226588995e-10
45515,1.0023817135061282e-11
45516,-9.299406344608965e-09
45517,-1.0225410379513928e-08
45518,7.95568776673175e-10
45519,-1.3599307141737032e-08
45520,8.240237171804529e-09
45521,-8.916735177545733e-10
45522,3.188623239301622e-08
45523,9.989308398179417e-10
45524,-4.5857189116100194e-09
45525,-9.212784818798345e-09
45526,-7.126001177481145e-09
45527,2.7373920977376726e-10
45528,-4.207993928024583e-09
45529,3.610408928832396e-10
45530,3.437336405480279e-11
45531,-8.540643639356634e-09
45532,-3.343628984370592e-09
45533,-3.870255953406337e-09
45534,-3.5850372707566563e-09
45535,2.0865355961316472e-09
45536,7.403815361840291e-09
45537,-2.9047727368844402e-09
45538,-1.7676564382179416e-08
45539,-3.774602004524768e-09
45540,5.63210287513308e-09
45541,-5.011570280256129e-09
45542,1.1759977528586798e-08
45543,1.9272701678498518e-09
45544,-6.544086205577047e-09
45545,-4.1801250656640606e-09
45546,1.3138239968848612e-08
45547,-1.0977861115713036e-09
45548,-3.9750830083858446e-09
45549,-4.495642121797121e-09
45550,-2.2399350339161564e-08
45551,1.8053777236567996e-09
45552,1.230796763336326e-08
45553,1.7115211908081552e-08
45554,1.1519954215427762e-09
45555,-8.851073860353782e-10
45556,-2.060034714402956e-09
45557,1.1696489231916401e-08
45558,6.481136704880443e-09
45559,-6.785375805848152e-09
45560,4.626252602798344e-09
45561,1.4532336477555397e-08
45562,5.570557594782602e-09
45563,2.331949794756584e-09
45564,1.318370230576974e-08
45565,-3.6635234466829032e-09
45566,-7.301762071731215e-09
45567,1.5231649858814822e-09
45568,-7.772733545307757e-09
45569,-2.1061835657883324e-09
45570,3.9385815000864254e-10
45571,-7.708767366521097e-09
45572,5.476723863610581e-10
45573,-1.3166511904162341e-08
45574,-1.277864012541899e-08
45575,1.189983447385289e-08
45576,4.797056664746974e-10
45577,9.73361934642796e-09
45578,5.552551707472544e-09
45579,4.087785486469773e-09
45580,2.8834403956581473e-08
45581,4.790618910858445e-09
45582,-6.681181086698306e-09
45583,-5.196229807002801e-09
45584,-4.740298427247077e-09
45585,-6.451460442784601e-09
45586,7.221430346733877e-09
45587,3.9488324123894225e-09
45588,1.1441515481638467e-08
45589,4.597970554524796e-10
45590,-4.608049831162499e-09
45591,4.2745727099370395e-09
45592,6.1895118920889086e-09
45593,-1.980161493945247e-09
45594,1.58201331452612e-08
45595,1.965930607375225e-09
45596,-3.393930675955514e-09
45597,5.091313160447399e-10
45598,3.9328324645881365e-10
45599,1.6677727504154126e-09
45600,-7.650853434345313e-09
45601,2.3745551573286265e-09
45602,1.4619450171853977e-10
45603,5.070831159634381e-10
45604,-6.427337375126461e-09
45605,-3.959496805975449e-09
45606,2.0400160428086486e-09
45607,1.6722073460017267e-08
45608,5.195118064848863e-09
45609,-1.1963179207255847e-09
45610,-2.81713004913487e-09
45611,2.958508670482584e-10
45612,1.0216883577818861e-08
45613,2.435175777575562e-09
45614,-1.2695462098976245e-09
45615,5.2077665599575574e-09
45616,3.0010883348934605e-09
45617,-8.329866025510901e-09
45618,8.70051278820408e-09
45619,-1.6689600543493095e-09
45620,-8.92525169051478e-09
45621,-3.898945167006809e-09
45622,6.664060387313172e-10
45623,7.931902538533525e-12
45624,4.759589731316511e-09
45625,-2.4818929463440136e-09
45626,-7.146105586717973e-09
45627,-7.344739764298642e-09
45628,-1.921495076478137e-09
45629,-1.114982449869498e-09
45630,3.849105562802086e-09
45631,1.471311841736865e-08
45632,1.3322502653180626e-09
45633,3.36007053653727e-09
45634,-5.956646562690563e-09
45635,-2.417847893811788e-08
45636,3.0720334572569275e-09
45637,-5.576559962934893e-09
45638,-4.667470915042611e-09
45639,-5.1723976601794775e-09
45640,-2.3625997297033527e-09
45641,3.150478214477519e-09
45642,2.243435989609802e-09
45643,1.4491684050886896e-09
45644,-4.046493431461732e-09
45645,-1.720865562505279e-08
45646,1.0109293797590041e-08
45647,-2.7778776439056236e-09
45648,3.783695955246705e-09
45649,-6.636008942328561e-09
45650,6.014481602291239e-09
45651,-5.5529050839988335e-09
45652,1.8602891595726338e-08
45653,-5.31421547967036e-09
45654,9.481309446323384e-10
45655,-8.067983962623609e-10
45656,-1.2053729596613455e-08
45657,4.161463196818808e-09
45658,-2.1493137397416566e-09
45659,9.063361211826366e-10
45660,-3.511566512140381e-10
45661,5.360365227049546e-09
45662,-6.143165238084624e-09
45663,-7.1721513757028135e-09
45664,-8.4746140828312e-09
45665,-1.1987598098421978e-09
45666,-2.9506899086928144e-09
45667,1.1827446298701406e-09
45668,-7.892014516471328e-09
45669,1.1604902014491022e-09
45670,2.4052378345597065e-09
45671,-9.542776383456146e-09
45672,-2.472428974596687e-09
45673,-3.46052178836173e-09
45674,-1.721246370001894e-09
45675,1.6747918195658846e-08
45676,8.045507709471623e-09
45677,5.042499593957308e-09
45678,8.052432554323812e-09
45679,-8.777878557495038e-09
45680,-8.157133103392638e-09
45681,4.353197787380238e-09
45682,-8.906664339687618e-09
45683,-6.416552805131607e-09
45684,3.819422195009234e-09
45685,4.8015723550047876e-09
45686,-4.463879671174689e-09
45687,-1.0134538575347015e-08
45688,1.5016169698581658e-09
45689,-9.651940033138444e-09
45690,-3.18631230012689e-10
45691,-4.9468281715679505e-09
45692,1.8210996984009327e-09
45693,4.285189451517001e-09
45694,3.597076481494516e-09
45695,-8.07341716490323e-09
45696,4.514777174059311e-09
45697,-1.3925849885797957e-09
45698,1.284129330246721e-09
45699,2.9922589823128265e-10
45700,-4.1854914280994563e-10
45701,1.3450247737268309e-08
45702,1.566691781397766e-08
45703,1.6412881393437296e-09
45704,-2.361728845828953e-09
45705,-1.5669820429389283e-09
45706,2.3833032914900995e-08
45707,-6.677146796079245e-09
45708,-3.0475007214663666e-09
45709,3.250305552212886e-09
45710,-5.038216497952548e-09
45711,5.667699150442289e-09
45712,1.2270329211186776e-09
45713,-1.7025905608338172e-08
45714,-2.4046159717939707e-09
45715,-2.255729548587955e-09
45716,1.342872537974435e-09
45717,3.0425122730871473e-09
45718,-1.0961751047908345e-08
45719,5.815775508693023e-09
45720,-5.630857883137611e-09
45721,-6.3081699203945e-09
45722,6.116353590077901e-09
45723,1.1648719621166093e-08
45724,-7.066538424714282e-09
45725,1.3131391394633084e-09
45726,1.0336679267233558e-08
45727,1.931962385252273e-09
45728,-4.224122516632876e-09
45729,-3.5026536356850162e-09
45730,3.422925291055818e-09
45731,2.015214631909543e-09
45732,5.5314410132184785e-09
45733,4.4744188509045745e-10
45734,6.722196091988336e-09
45735,-1.6000887401591915e-08
45736,-1.8497971938298777e-09
45737,-9.110269882439733e-09
45738,3.600478249221713e-09
45739,5.681142394743964e-09
45740,1.5502902228967954e-09
45741,1.97818530273112e-08
45742,-7.57454665153414e-09
45743,-3.764379092984907e-09
45744,-1.2294151497628036e-08
45745,-2.603424593791171e-08
45746,2.086186763053673e-09
45747,-1.5354571954394997e-09
45748,-1.113033961641739e-09
45749,4.161922909268797e-09
45750,-3.615023562695481e-09
45751,1.5213401944673343e-09
45752,-2.139333545747215e-09
45753,1.8613067057964788e-08
45754,-8.467728756362446e-10
45755,-4.604223410134271e-09
45756,-9.430517450429229e-11
45757,2.4920425380645125e-09
45758,-3.1902782967350604e-09
45759,-8.842811556407777e-09
45760,-1.100578077492474e-09
45761,-8.811759934115011e-10
45762,-1.35826362992191e-08
45763,-3.411492674678211e-09
45764,1.2356227142722594e-09
45765,-6.633188713766206e-09
45766,1.0855951982572738e-08
45767,2.455853869100704e-09
45768,2.3179965390874977e-09
45769,2.238463004429502e-08
45770,2.6239706517296357e-10
45771,-7.505251050624103e-10
45772,-4.293693722659649e-09
45773,-1.3336993426396501e-08
45774,-8.131949149069402e-10
45775,-1.771626204246727e-08
45776,6.271110217102155e-09
45777,-2.160388232272731e-09
45778,-6.126635832979507e-09
45779,7.88229226222911e-09
45780,6.966308696447544e-10
45781,7.428428866064154e-09
45782,-3.95986065882407e-09
45783,-9.00705133979412e-11
45784,-4.655367797435572e-09
45785,3.3473601589925066e-09
45786,1.5602513348492096e-10
45787,-1.5127132651330694e-09
45788,-7.361434569777848e-09
45789,4.197387319178254e-09
45790,9.653567597305548e-09
45791,1.856384291364771e-08
45792,-6.249111635289554e-10
45793,1.1701651971383145e-09
45794,-2.9135686842653095e-09
45795,-6.10940396296422e-09
45796,3.2344328443202355e-09
45797,-2.3168977449189714e-09
45798,6.9147536716355536e-09
45799,4.2086007026360624e-09
45800,-6.338194394929579e-09
45801,-1.3175028755279887e-09
45802,-3.2128844046489907e-09
45803,-2.0898206497716964e-09
45804,1.4208059109615288e-08
45805,1.3525072375886846e-09
45806,-2.216271341565003e-09
45807,-3.5324423336430255e-09
45808,-7.855579252955344e-09
45809,-8.80898664992751e-09
45810,-1.5029001183747489e-09
45811,-3.5223594947437623e-09
45812,1.4852068808083128e-08
45813,3.4654549410545498e-09
45814,-1.515567145986025e-08
45815,-5.194236841528324e-09
45816,-4.433286561696483e-09
45817,-3.616576317297283e-10
45818,5.1346681127659125e-09
45819,-8.069374889595557e-09
45820,4.5700507228749935e-09
45821,-2.2952499095290776e-08
45822,5.390990809641623e-09
45823,1.8878320347827192e-09
45824,-9.136563836593733e-09
45825,-5.280038807205648e-09
45826,-1.4115421412380134e-09
45827,1.222875142231293e-08
45828,-6.206775829138946e-10
45829,-7.95425821005735e-09
45830,3.4360563701853153e-11
45831,-9.61365840821083e-10
45832,-1.8911220646685884e-09
45833,-8.495329237578698e-09
45834,-1.45004117216103e-08
45835,2.7805322272272057e-09
45836,-6.389190157798029e-09
45837,-2.0475533966275444e-09
45838,9.936352942964508e-10
45839,6.81031719977836e-10
45840,1.6566480590438178e-08
45841,-1.188530124391714e-09
45842,7.215561959129204e-09
45843,-7.478704448267605e-09
45844,-1.519059515031954e-09
45845,-3.1668225491478245e-09
45846,-1.034421417231112e-08
45847,-9.152791802894417e-09
45848,-2.8100905416089623e-09
45849,-1.6573587868736533e-08
45850,-1.2271872117586382e-08
45851,-3.735516236298707e-09
45852,-3.0932544655140396e-09
45853,7.830818257110547e-09
45854,-7.188842923924091e-09
45855,3.7245077490922194e-09
45856,-1.2104849780037127e-08
45857,-1.2594002465241734e-08
45858,-2.2202371571278113e-09
45859,2.0153290304372596e-10
45860,2.966331397637077e-09
45861,6.0067840396940495e-09
45862,-1.960535824130543e-09
45863,-2.4916454311841007e-09
45864,6.0377635382991604e-09
45865,-8.004312965406308e-09
45866,-2.302695634861888e-08
45867,-2.041091131388891e-08
45868,-1.3841033982188719e-08
45869,-3.269331664534437e-09
45870,2.382890951267589e-08
45871,-1.3978424057104265e-08
45872,2.6712667686111542e-08
45873,-5.3534710859419005e-09
45874,-2.6381662120987434e-09
45875,-2.3766176020408395e-09
45876,1.760311153691145e-08
45877,-4.916124266644411e-09
45878,1.4510366050072172e-09
45879,-1.1651602579070866e-08
45880,-2.9943051100455955e-09
45881,-1.4701209525353697e-08
45882,-1.8202245807808021e-09
45883,-4.998015103063731e-09
45884,5.14947457256869e-09
45885,-6.695862592025559e-09
45886,-3.03465905615844e-09
45887,-6.463855568505823e-09
45888,-1.8388816378626706e-08
45889,5.554709051063152e-09
45890,-5.654117403326092e-09
45891,2.4323372454705437e-09
45892,-4.2346940839109e-09
45893,-3.357232807067294e-09
45894,3.5140316391797346e-09
45895,-8.406590350984862e-09
45896,-1.4906031445396864e-08
45897,-5.406234556921041e-09
45898,6.626402199235597e-09
45899,-5.943722513135789e-10
45900,-1.3359363548904019e-08
45901,4.765601851093681e-10
45902,-3.3374443169544474e-09
45903,-5.244617497473516e-09
45904,7.978832141681521e-09
45905,-3.69140548063245e-09
45906,-1.1420725690875876e-08
45907,5.937455354008092e-09
45908,-2.0975848534428978e-09
45909,-2.8272826117690407e-09
45910,-2.283535130756602e-09
45911,-1.388594590317141e-08
45912,5.463031642355976e-10
45913,4.19883408809633e-10
45914,2.9034548027697115e-09
45915,2.2670943748670952e-08
45916,-2.5574640247484234e-09
45917,8.35332400886263e-09
45918,2.9822085388606558e-09
45919,-4.719821095416039e-09
45920,6.8063544930822715e-09
45921,9.53261122593042e-09
45922,-4.4679484164745e-09
45923,6.321834300111925e-09
45924,-3.1908540042296665e-09
45925,3.426113832768416e-09
45926,1.1050658153384828e-10
45927,2.6948490202102394e-08
45928,5.816762841489335e-09
45929,5.752237547494326e-09
45930,-2.393557076317079e-09
45931,-6.647206911473465e-09
45932,9.312183612712713e-10
45933,-2.0465470786447323e-09
45934,-7.95744511319922e-09
45935,8.703699806158255e-09
45936,-2.1951653398208375e-09
45937,-5.666926196731576e-09
45938,-8.467770260241795e-09
45939,-2.05886071560425e-09
45940,-1.698673227046275e-09
45941,-1.3811143113035845e-09
45942,-3.4232363228852995e-10
45943,-1.2005801395088434e-08
45944,7.636152903072953e-11
45945,-6.551861329297086e-09
45946,-1.7052389066408155e-09
45947,-1.0290869047014378e-09
45948,-9.363047342318583e-09
45949,-7.335276611481224e-09
45950,-4.911805345532236e-11
45951,-2.41170976563366e-08
45952,1.8121311042735284e-08
45953,7.760678836195749e-09
45954,1.1040082430923518e-08
45955,1.3379852683067491e-08
45956,-5.812316579622013e-09
45957,-2.6182534949471147e-09
45958,-3.897213763552885e-09
45959,-1.6867965271020284e-09
45960,-1.5898363598073726e-08
45961,-7.694927002541731e-09
45962,-3.525709142918661e-10
45963,-1.2076689127143735e-09
45964,-1.4171258167860826e-09
45965,-6.75475616736655e-09
45966,-1.6460387052231342e-09
45967,-4.423827000742092e-09
45968,-6.319654542330871e-09
45969,-5.929784705711835e-09
45970,3.176997976377159e-10
45971,-1.7659203286563382e-09
45972,8.270422613854979e-09
45973,3.6278007694155052e-09
45974,-7.720122982526378e-10
45975,-5.447354490602832e-09
45976,-3.2832396800145097e-09
45977,4.782127698466561e-09
45978,4.0049096395528465e-09
45979,-1.6201990968655562e-09
45980,1.8197566501606944e-09
45981,-4.432944872780626e-09
45982,-6.155361670624188e-10
45983,-8.198940278438146e-09
45984,-5.675450114150373e-10
45985,4.811697471849366e-09
45986,1.1168541173482651e-08
45987,4.033172136020412e-09
45988,-7.857299803388774e-09
45989,-2.312996517470949e-09
45990,-6.5535448585476775e-09
45991,-7.886350171865755e-09
45992,-9.217603382742557e-09
45993,1.4811517645845948e-08
45994,-6.08138355083185e-09
45995,-4.204825809625754e-09
45996,-2.779728830671197e-09
45997,-2.270555611949748e-09
45998,1.6450885305372417e-08
45999,4.6389570446266246e-11
46000,1.9125775717562154e-09
46001,-2.9575251097153545e-09
46002,6.942978303850989e-10
46003,4.0953412456527945e-09
46004,-7.778567897660608e-09
46005,8.293839784713575e-09
46006,-1.1146789779853434e-08
46007,-7.3188516528666986e-09
46008,6.580066192488333e-09
46009,-1.0483554663422762e-08
46010,-1.3418955288326648e-08
46011,-1.2084306200387293e-08
46012,9.196179939513092e-09
46013,1.2262127644135877e-09
46014,-3.890427821080932e-09
46015,2.1199087610310523e-09
46016,4.266206885833989e-09
46017,2.1910196782305044e-08
46018,2.978528437629852e-11
46019,-1.1372460139886076e-09
46020,4.662014957232729e-09
46021,1.1905751154994432e-08
46022,1.7204696734884991e-09
46023,-5.485628320725213e-11
46024,-2.3275787681505e-08
46025,9.777769521485387e-09
46026,2.5936825507123796e-09
46027,-4.922565838858213e-10
46028,-1.469147675111839e-09
46029,4.62158724738419e-10
46030,1.8680774828568778e-08
46031,-7.696100867299501e-09
46032,-1.3177471635043876e-09
46033,-8.419917237403799e-10
46034,-1.630676096772228e-08
46035,-1.433906751669247e-10
46036,-5.199643383791627e-09
46037,-7.582493643096841e-09
46038,1.1433193483324798e-08
46039,-1.555205212040561e-09
46040,-8.777667928169693e-09
46041,1.6500783124412663e-09
46042,2.7044588900456436e-10
46043,-5.212732568708829e-09
46044,-5.809989427589393e-09
46045,-5.777801078937241e-10
46046,-9.273008663855411e-10
46047,1.1550305979518693e-08
46048,3.55634832169587e-09
46049,-4.670285058446824e-09
46050,-1.1122956117823594e-08
46051,7.655653152258648e-09
46052,-7.134578532614118e-10
46053,-1.7123819458285108e-09
46054,4.956978442083104e-09
46055,-3.982088773789372e-09
46056,-4.80153468540728e-09
46057,2.204124253818495e-09
46058,-1.1297061761246625e-09
46059,4.717524118382665e-09
46060,1.615435257685987e-09
46061,-5.7665539985072125e-09
46062,-1.0621627328756187e-08
46063,4.021903899915476e-09
46064,-2.757461670464978e-09
46065,-1.6400796286232213e-09
46066,9.269452049178366e-09
46067,1.3882707754320157e-08
46068,1.2711441523733705e-10
46069,-3.0774074457105073e-09
46070,-4.103779179195472e-09
46071,1.0525722417265194e-10
46072,2.1203733257709735e-08
46073,-2.1727529507522042e-09
46074,-8.99730118630368e-09
46075,-9.40528816634865e-09
46076,-2.7874530167400867e-09
46077,-6.206880957474399e-09
46078,8.578018653488013e-09
46079,-1.1687196997629701e-09
46080,-7.520037563400124e-10
46081,-5.3274432518148725e-09
46082,3.842159876769562e-08
46083,-8.270607978568772e-09
46084,6.327584667896333e-10
46085,-1.932857861826561e-09
46086,-4.072750694143642e-09
46087,-2.8402126866762256e-09
46088,1.1668253497175008e-09
46089,-1.2763036545396137e-08
46090,-6.655389891459805e-09
46091,7.928290337128639e-09
46092,-2.9978107414288155e-09
46093,-1.1031536479813129e-08
46094,2.429175555742595e-09
46095,1.0196943099184336e-09
46096,-1.206339692021011e-10
46097,8.410799970551554e-09
46098,1.50030520748082e-08
46099,-1.0332340210587252e-08
46100,-3.6746489192813555e-09
46101,4.553024123798603e-09
46102,-1.0897918270405201e-09
46103,-5.025284716605141e-10
46104,4.564625355107892e-09
46105,-5.579986062821368e-10
46106,-1.6099908883971408e-08
46107,1.4312570361029372e-08
46108,1.1692584032701276e-08
46109,-1.078124317920285e-08
46110,2.8123174448975e-09
46111,2.942848231164957e-09
46112,-8.872796206162003e-09
46113,3.903754543144784e-09
46114,1.5966803637875118e-08
46115,1.668996579405249e-08
46116,-1.5358829646324458e-09
46117,2.658939306057601e-09
46118,1.2448658230026112e-08
46119,8.301143059460094e-09
46120,-3.238985316682757e-09
46121,4.3556548638021664e-10
46122,-3.0132596985735985e-09
46123,-2.9153430858236365e-09
46124,-4.6745560859023075e-11
46125,-3.853506903691574e-09
46126,3.4758302410128734e-09
46127,5.0328052661107175e-09
46128,-3.670409153504777e-09
46129,-9.74181027912526e-11
46130,9.118384222721543e-10
46131,9.41193027682152e-09
46132,3.654231425599483e-09
46133,-6.738695005020871e-09
46134,1.6116402533652703e-09
46135,1.5480998086298829e-09
46136,5.102851904788452e-09
46137,4.705647836787979e-10
46138,7.283333190715483e-09
46139,1.3794659087753001e-09
46140,1.0612372748207726e-09
46141,5.249094017311995e-09
46142,5.754534147309278e-10
46143,-1.7657165764354298e-09
46144,-5.163392318707876e-09
46145,-1.3186111161849358e-09
46146,-5.416704767769364e-09
46147,2.0690519744968192e-09
46148,-1.404090513362516e-08
46149,-2.492490342627274e-09
46150,-1.9112940740155727e-09
46151,-2.5914111629379934e-09
46152,-5.977784267396212e-09
46153,-5.78243980270219e-11
46154,-3.1588802139676037e-09
46155,-1.23177025137195e-10
46156,-1.0127194651316056e-08
46157,-2.1152189604433315e-08
46158,1.0737696259735998e-08
46159,-3.1792127715878567e-09
46160,-8.391933471827545e-09
46161,-3.0949163680292265e-09
46162,-1.6101301126264945e-10
46163,5.774282156202716e-09
46164,-3.399984882827048e-09
46165,2.645124208692816e-10
46166,-3.0351236668893486e-09
46167,3.449537348943328e-09
46168,7.28358380998015e-09
46169,-6.778601603277891e-09
46170,8.61240547274824e-09
46171,-6.842728348699042e-10
46172,-9.800184660485807e-09
46173,1.4229456356793618e-09
46174,-3.28897896985513e-09
46175,2.677524854478403e-09
46176,-3.1317152880933486e-09
46177,4.6194237275726747e-10
46178,-9.567527442407398e-10
46179,2.0609624318199745e-09
46180,3.4077334921744393e-09
46181,-1.0376931328755239e-08
46182,-2.2066486507573583e-09
46183,-1.1000669310731104e-08
46184,2.1957023441969927e-09
46185,3.469139452695408e-10
46186,-9.710899657888966e-10
46187,2.604271289442012e-09
46188,-1.1616848303892938e-09
46189,-2.0929314769731062e-08
46190,-4.398194738946738e-09
46191,-1.4984612971046762e-09
46192,-1.4526017982246035e-09
46193,2.190627707828528e-08
46194,-1.537071020036348e-09
46195,-1.4211443386362619e-09
46196,-8.675576178629711e-09
46197,5.9600223500763e-10
46198,-4.7009602776296075e-09
46199,1.6544126424841397e-09
46200,2.263334158400809e-08
46201,-3.820772739702083e-09
46202,2.3849031688898425e-08
46203,1.1669704148965257e-08
46204,-6.5130628926676696e-09
46205,-1.430414431216028e-08
46206,-7.2147689926692545e-09
46207,-1.7322808023108477e-09
46208,-1.3196758439100443e-08
46209,-3.3854645091712507e-09
46210,1.2761336482687924e-08
46211,-1.56171804257316e-09
46212,-7.958187930027395e-09
46213,-2.231969442882493e-08
46214,3.2170745482910793e-09
46215,-1.1239447354376111e-08
46216,-1.847066010457153e-09
46217,2.016327540712718e-08
46218,-2.1427076227707354e-10
46219,3.1386830764233023e-09
46220,1.4010137313656646e-08
46221,-8.677601648994925e-10
46222,-3.055134177129614e-09
46223,4.580375496835761e-09
46224,9.39521919615975e-09
46225,-3.5117993979938194e-09
46226,-3.05795812560334e-09
46227,3.962412499598065e-09
46228,-3.628307322379359e-09
46229,1.6698902016011574e-08
46230,4.516191555995502e-09
46231,1.5682886120720481e-09
46232,7.585446386439614e-10
46233,4.6414083054181135e-09
46234,-3.009872939340453e-09
46235,-2.1152094692847714e-09
46236,1.3460098330755648e-08
46237,-1.7349189555979982e-08
46238,-1.0935831778303056e-09
46239,-5.422938535148536e-10
46240,-2.1989878484201866e-09
46241,-5.134009165628084e-09
46242,-2.4924476975608153e-09
46243,-9.349903827700669e-09
46244,-2.5323746975888813e-09
46245,-4.284506655508525e-09
46246,-3.880249357241896e-09
46247,-2.707674219641974e-10
46248,5.1253615253515785e-09
46249,3.979238318046514e-09
46250,-3.972659526362818e-09
46251,-1.74082876092244e-09
46252,-1.4772964379619247e-08
46253,5.365819146844676e-10
46254,-7.363850053347297e-10
46255,-1.6680861313650332e-08
46256,-8.812627607960896e-10
46257,1.9512949484153304e-08
46258,-8.190447634288181e-09
46259,1.2099365722573978e-08
46260,1.1765076547680766e-08
46261,-1.1077331448587383e-09
46262,-4.466077687035896e-09
46263,-1.4187110370925755e-08
46264,-1.1058676110062944e-08
46265,-2.406669997698128e-09
46266,6.644540080459628e-09
46267,-2.4103343753572312e-09
46268,6.353954422561188e-10
46269,1.8071100463627364e-08
46270,1.6142936528821824e-09
46271,-8.435185443597496e-09
46272,-7.838112334232974e-10
46273,9.402297583120656e-09
46274,1.5428620821643319e-09
46275,-2.5981688909161374e-09
46276,-2.0080014739829754e-09
46277,-5.0897591175612e-09
46278,-4.976164048618236e-09
46279,-4.507837827685761e-09
46280,1.5683745578156663e-09
46281,7.878782169039172e-10
46282,1.6021907971335525e-08
46283,2.232376465380343e-10
46284,2.015277219467487e-09
46285,-4.353995236265368e-09
46286,1.3835941848775612e-08
46287,1.745615085968685e-08
46288,-5.636631291971525e-09
46289,8.809408668872878e-09
46290,8.885426014750993e-09
46291,-4.846172401987267e-09
46292,-1.245988672646264e-08
46293,-6.244362016058185e-10
46294,-1.6329623510160477e-09
46295,1.4167826135698737e-08
46296,-8.979846557607108e-10
46297,-3.8644352794300056e-09
46298,-6.691053077762821e-09
46299,-8.463442985592896e-09
46300,-1.0450713591827065e-08
46301,-1.4030081375019486e-08
46302,-1.2380972412614754e-08
46303,1.5798736249191168e-09
46304,2.3896545953187328e-08
46305,-1.0463375337046205e-09
46306,-1.583454465538947e-09
46307,-2.1152266125007874e-10
46308,-1.4737990439900557e-09
46309,7.665574384141036e-09
46310,4.096077338666407e-09
46311,-1.0665510778637631e-08
46312,-4.866142553097208e-09
46313,-2.6026236371704806e-09
46314,1.1770235539340293e-09
46315,-5.530718693880402e-09
46316,8.353147577352125e-09
46317,-4.056005440240785e-09
46318,-1.0483575258276393e-08
46319,3.975556378827162e-09
46320,-3.99388623527558e-09
46321,-7.123249213128348e-11
46322,6.950883027493589e-09
46323,-9.42300628459731e-09
46324,9.729006086771949e-09
46325,5.533396883526162e-10
46326,-3.5055374415960045e-10
46327,1.1440868345007204e-10
46328,-1.4383440008686232e-08
46329,-1.7844796101084846e-08
46330,-3.0713562650198422e-09
46331,-2.1298782575472107e-10
46332,-9.838047097213047e-09
46333,6.49705570487862e-09
46334,7.357734750044032e-09
46335,1.8210855235086133e-08
46336,1.136993780643217e-09
46337,2.127453774738017e-10
46338,-9.919610739894945e-10
46339,-1.1857549785411561e-08
46340,6.7450574699603325e-09
46341,-4.317542737440147e-09
46342,-1.633298781148831e-08
46343,-1.6709602993153065e-09
46344,7.27958289716139e-10
46345,-1.9087865296811282e-08
46346,4.194929008467091e-09
46347,-2.1943920239652996e-08
46348,-1.3073956126494276e-09
46349,3.274103309110199e-09
46350,-7.324288727214534e-09
46351,-2.0219248684475077e-09
46352,-5.1343034693104435e-09
46353,-5.592747607213554e-10
46354,-1.5350744685454314e-09
46355,-8.834916617586165e-09
46356,2.4720467622451186e-08
46357,6.424973439650806e-09
46358,-2.801807391719742e-09
46359,-3.5074444233855405e-09
46360,-1.777105533138872e-08
46361,6.78666031265188e-09
46362,-1.8230675674937543e-09
46363,2.700393827253199e-09
46364,2.5088013387846834e-08
46365,-2.2988828235319497e-08
46366,1.0599882345292585e-08
46367,5.26712770678166e-10
46368,-6.621603607165463e-09
46369,-1.836605613563589e-09
46370,-5.17242774361697e-09
46371,-4.755810427875251e-09
46372,-1.6661193313252145e-08
46373,-2.127114259640822e-09
46374,-9.018310190910071e-10
46375,4.3568161277625105e-09
46376,-1.4179507896921673e-09
46377,5.067102791435477e-09
46378,-2.433776258672872e-09
46379,-5.723241274927262e-10
46380,8.194308061350053e-09
46381,-9.579779884239064e-09
46382,-4.480990018960546e-09
46383,1.5795239716045174e-09
46384,-2.7903046784111613e-09
46385,4.183565136519946e-09
46386,8.840184563097667e-09
46387,-5.91496609948422e-09
46388,-6.132528007655477e-09
46389,-5.960745787457707e-09
46390,-3.0492232508340815e-09
46391,3.2673804461359896e-09
46392,-7.416326639177936e-10
46393,1.7616908989661138e-09
46394,2.2405444191927105e-08
46395,1.4667641515552308e-08
46396,-2.8686126831645705e-09
46397,2.8367943163668957e-09
46398,-4.883855346776341e-09
46399,2.1258262360118993e-09
46400,-4.083318294879161e-10
46401,-1.8919517906104947e-08
46402,-1.4170807864775523e-09
46403,-6.492139689152967e-09
46404,4.2408870173006307e-10
46405,-1.1336021044946763e-09
46406,2.8518322400895023e-09
46407,4.259218713161721e-10
46408,-9.037843982625608e-09
46409,8.195850323951463e-09
46410,-3.3654232158385193e-09
46411,-3.0121174912571838e-09
46412,-8.657248273937675e-09
46413,2.515321860214369e-10
46414,-6.53379682810754e-09
46415,-4.588941661259335e-09
46416,-3.951626534793906e-10
46417,-2.627132635462175e-09
46418,-1.4388761824745053e-09
46419,2.387036775794563e-09
46420,1.592636633397019e-09
46421,-3.1740979290964393e-09
46422,1.2372946834901912e-08
46423,7.174851705792333e-09
46424,-9.612564876929567e-09
46425,1.0173722568569969e-10
46426,3.3249675395291297e-09
46427,1.9297021926032e-08
46428,-3.1399515185215067e-09
46429,2.392579615521937e-08
46430,1.0115958940752606e-08
46431,-1.6121077124404844e-09
46432,6.83159094144558e-09
46433,3.2619683911060262e-09
46434,7.085955549640841e-10
46435,4.066317187195732e-09
46436,3.3239486871978736e-10
46437,-3.783493560209309e-09
46438,-5.039587643379916e-09
46439,-1.2787915992867519e-08
46440,-1.2204755041058116e-09
46441,3.31734643921618e-09
46442,1.3797728201781789e-09
46443,1.0905428937300767e-08
46444,7.941632587902424e-09
46445,-2.6682816620101545e-09
46446,-1.3312258780451108e-09
46447,-8.050933492259746e-10
46448,6.923673293337813e-09
46449,-8.397731346970575e-09
46450,1.6653573887949077e-08
46451,4.658800529429741e-09
46452,-7.037484459486337e-10
46453,-2.2951765154159246e-08
46454,-9.366632350802006e-09
46455,6.156427278017979e-09
46456,9.554285604620872e-10
46457,-2.5659292279312078e-09
46458,-2.4670632025313813e-09
46459,7.603854413243247e-09
46460,1.9888565979750358e-08
46461,3.282773039924108e-10
46462,1.5139801819153326e-08
46463,-1.1110317182770143e-09
46464,-5.684950415243235e-09
46465,-1.8538743633493212e-09
46466,-9.188623180488721e-10
46467,1.2174112179272147e-09
46468,-8.509140402034655e-09
46469,-4.466729941858431e-09
46470,-6.764920741624274e-09
46471,3.676473674489036e-10
46472,-2.7813850591855583e-10
46473,3.1971491739744404e-09
46474,-2.3179294844343124e-09
46475,7.94397256693383e-09
46476,-4.539758803227317e-09
46477,-4.282547509517158e-09
46478,1.948602019473785e-08
46479,-6.393800981703271e-09
46480,-3.3340826519539947e-09
46481,5.703511978059409e-09
46482,-5.931632480665215e-09
46483,5.735554957205564e-09
46484,1.7558391110177225e-08
46485,-6.50772086651783e-09
46486,1.1324056710768054e-08
46487,1.7392341269754454e-08
46488,-1.4372931310695944e-09
46489,-2.0150409223728367e-10
46490,-1.1065529523072824e-09
46491,-5.023016819658002e-09
46492,-8.845210644788298e-09
46493,-2.478365563742938e-09
46494,-2.7925580076704383e-09
46495,-3.1740510769805187e-09
46496,-2.48946709906627e-09
46497,4.490874039178779e-09
46498,3.2045257082411746e-09
46499,7.007962169910023e-10
46500,-8.146245128736492e-09
46501,-4.56016652370857e-10
46502,3.054186549473059e-09
46503,-5.275935531630054e-09
46504,-6.488899347245032e-09
46505,6.338145251715388e-09
46506,-3.9429008821949485e-10
46507,3.2724922648039873e-09
46508,2.350042886622777e-10
46509,-1.6032772170353412e-08
46510,-3.141432465860991e-09
46511,-1.0488494799445006e-09
46512,3.0919230332152972e-09
46513,7.770817222502372e-09
46514,-2.448570198569629e-09
46515,-6.598742800984335e-09
46516,2.72868309710233e-08
46517,-2.3172106370958459e-10
46518,9.464191681337438e-09
46519,2.6617628220301124e-09
46520,5.612918079964078e-09
46521,-1.2859519731327143e-09
46522,9.072519799229508e-09
46523,1.5584438055142973e-08
46524,5.9527063318767055e-09
46525,-2.8834496368036224e-08
46526,8.009935695623223e-10
46527,-7.65059572451465e-09
46528,2.3014958717148688e-08
46529,-2.131422892746804e-09
46530,-9.279196880301931e-09
46531,-2.2952867657267123e-09
46532,-7.80323619260253e-09
46533,2.176892294739375e-09
46534,8.54417174596023e-10
46535,-4.358721079832351e-09
46536,-1.003116919779552e-08
46537,-9.833098428686439e-10
46538,-1.2715286297912438e-09
46539,-3.4483630582303938e-09
46540,-1.0980247359407874e-08
46541,-2.561374101159976e-09
46542,-3.035656928838367e-09
46543,1.2022316637134489e-08
46544,-3.3769436661693234e-10
46545,-2.555682531663968e-09
46546,-3.894505642116877e-09
46547,1.9963343789726586e-09
46548,1.0373411606497802e-09
46549,-1.1747349059150635e-08
46550,1.8514420996641698e-08
46551,-9.559397913124556e-09
46552,2.5695424498050796e-09
46553,-5.623951307995235e-09
46554,6.637126213750187e-09
46555,1.5888279229916352e-09
46556,-1.920162165753292e-09
46557,1.4408436094409995e-09
46558,-7.562962545423885e-09
46559,-6.5559995584299994e-09
46560,-1.5837975699873756e-09
46561,2.6990566320398564e-09
46562,-1.5186360100265964e-09
46563,2.13433463707751e-08
46564,2.9186890752745595e-09
46565,2.3948561621899823e-08
46566,-9.328714731385321e-10
46567,2.0967741012422793e-10
46568,-1.891155489730933e-09
46569,-1.6337346797269295e-09
46570,-3.218592691622222e-09
46571,-3.9455341688222465e-09
46572,5.422576503945587e-09
46573,6.198531020547169e-09
46574,-1.3950329362676175e-08
46575,-7.050500157462515e-10
46576,1.6997914785231285e-09
46577,-1.9477940892341426e-09
46578,1.8208419699591564e-08
46579,2.399161981349528e-09
46580,2.725562690101077e-10
46581,-1.8957407799187623e-09
46582,-5.760962102314601e-09
46583,1.6267402768727838e-09
46584,-9.367935261956361e-09
46585,-1.0679388892149694e-09
46586,2.0218099388414387e-08
46587,1.0699987998312799e-08
46588,3.2309833932428557e-10
46589,6.762359651108155e-09
46590,-1.89569530605082e-09
46591,-3.0328057256674846e-09
46592,-7.48412302021131e-09
46593,1.088874942694225e-08
46594,1.4323948156363619e-08
46595,-6.755304612330761e-10
46596,8.074757827060299e-09
46597,3.1436598154901595e-10
46598,-8.733810182961788e-09
46599,2.4454154698432024e-09
46600,8.404157896453413e-11
46601,9.083232039307813e-09
46602,-1.5769654453975517e-09
46603,-6.198400696299325e-11
46604,1.0648721737073693e-09
46605,2.299799188275847e-09
46606,-6.928598016820373e-09
46607,-3.7620225326270877e-10
46608,9.89419273290369e-10
46609,7.659235138799844e-09
46610,-4.272774876679804e-09
46611,-3.3379060165015465e-09
46612,-6.4175707925330535e-09
46613,-7.383542321841805e-09
46614,1.906157431011523e-09
46615,-1.0566050389621493e-09
46616,-5.448968409911955e-09
46617,-4.514733088342786e-09
46618,-1.6976544795362767e-10
46619,7.627038919599079e-09
46620,-3.4001919694622585e-09
46621,4.4704641382602205e-09
46622,-1.6324712294136922e-08
46623,-1.832380269922678e-08
46624,-2.8647346693088557e-09
46625,-2.0109519846623296e-09
46626,-1.3439341880545731e-09
46627,-1.784188080864424e-09
46628,-2.026744291726592e-09
46629,-1.0634297022313463e-08
46630,-5.601197679215923e-09
46631,-1.339065841397271e-08
46632,-6.783517086153561e-09
46633,-8.677524418109163e-09
46634,-8.029345932586146e-09
46635,2.6375690048165835e-09
46636,4.777908763617661e-10
46637,-1.4201371759135763e-09
46638,-1.1282257854554662e-08
46639,-4.9058094393025734e-09
46640,1.7249275131538813e-10
46641,-8.733101923246208e-09
46642,-3.765947953686863e-10
46643,-9.019798616533146e-09
46644,-1.4247447345096654e-09
46645,-1.4002032934491657e-09
46646,3.813729573793692e-09
46647,2.5914314939606113e-09
46648,-4.66551671976287e-09
46649,9.826772113577345e-09
46650,-1.4187482997239758e-09
46651,9.074209745567935e-09
46652,3.1346142352122832e-09
46653,-4.541922171099952e-09
46654,-1.8792750118099337e-09
46655,-2.0064432781316357e-09
46656,-5.599816008340131e-09
46657,-1.0030233817133134e-08
46658,-6.636956150453884e-09
46659,-7.573380561940163e-09
46660,-2.1616534607936037e-09
46661,-1.3258396915749404e-08
46662,-1.0096070179125024e-08
46663,-1.0847080005263072e-09
46664,8.24179321769108e-09
46665,-6.802135133118845e-09
46666,6.71709202201114e-09
46667,2.329903336449955e-09
46668,1.776299982923733e-08
46669,-2.1003844104258588e-09
46670,-7.155104546082797e-09
46671,1.1621857496469076e-08
46672,1.1738643997637747e-08
46673,4.8210266552583094e-09
46674,1.554321863063317e-09
46675,7.94751666162769e-09
46676,4.740000114667516e-10
46677,1.1444886325198257e-08
46678,-3.726416292169653e-10
46679,-1.202446031053183e-08
46680,9.105770252135688e-10
46681,-1.92865241937451e-09
46682,-1.380415481083777e-08
46683,-4.4173488531585233e-10
46684,1.159775279118113e-09
46685,2.364816051501682e-10
46686,-5.0160625843572074e-09
46687,1.1438767897695102e-09
46688,-2.479395939056952e-09
46689,7.046357221820357e-09
46690,4.65199872732207e-10
46691,-1.7783434540866446e-09
46692,1.219049067495504e-09
46693,1.2318661643558404e-08
46694,3.035325765559173e-11
46695,6.348756791902061e-09
46696,3.0949276311771576e-09
46697,-2.1160659704664027e-08
46698,-2.2840050947378284e-09
46699,-6.981171429434648e-09
46700,2.2210474214251482e-09
46701,-2.435927575628036e-09
46702,6.719224541102821e-10
46703,6.879613064891072e-10
46704,-5.0486691998273855e-09
46705,3.2771761790645567e-09
46706,1.1844751342503425e-08
46707,1.324412156796004e-08
46708,-6.77121269641289e-10
46709,-8.328990841817706e-09
46710,-3.1786912009823587e-09
46711,-6.739229769054011e-09
46712,2.2551729498794044e-08
46713,-1.8333683335551049e-09
46714,8.12958932407778e-09
46715,-1.7859582789546742e-09
46716,-9.594627323362521e-09
46717,-1.441107347814009e-08
46718,-6.976224499560077e-10
46719,1.6230382686016112e-09
46720,9.506676269788659e-10
46721,-5.847502766854008e-09
46722,2.8623802031875552e-09
46723,-4.498177013933041e-09
46724,1.608571384924897e-08
46725,5.521930440611704e-09
46726,-1.070505084410856e-09
46727,4.60923820139616e-09
46728,-6.6132478921024954e-09
46729,2.6294882477632656e-09
46730,3.2406126120495363e-09
46731,-5.378427192684506e-10
46732,2.5843492483924248e-09
46733,-3.859617763444081e-09
46734,-1.0235237884241286e-08
46735,3.769835156920643e-10
46736,-1.0418326942802739e-09
46737,-1.064563273177794e-09
46738,-9.431710150881153e-09
46739,-5.097133345911227e-09
46740,-4.841242901995329e-09
46741,4.806108611473692e-10
46742,-9.390743515940611e-09
46743,2.9356509703252183e-09
46744,-6.422174971065685e-09
46745,1.0777599714374482e-08
46746,-9.17127682202336e-09
46747,-6.613409922078733e-09
46748,-2.447249393647637e-09
46749,-5.013648015739874e-09
46750,1.6441183707661352e-09
46751,-9.06836100837984e-09
46752,-3.7188644032060618e-09
46753,-6.521230723932767e-09
46754,-1.2308305469309442e-08
46755,-8.846361790079217e-10
46756,-8.292647903644973e-09
46757,-1.0636058036128028e-09
46758,-1.949885153452843e-08
46759,3.169589204585411e-09
46760,-5.068083017727582e-11
46761,1.2802726326088624e-08
46762,-7.1731929102440125e-09
46763,-4.302695153802924e-09
46764,-2.2188506239570275e-08
46765,2.375773816537787e-09
46766,1.1213843669188113e-09
46767,-1.110421662357243e-09
46768,1.6753507714377222e-08
46769,1.5859404798465454e-08
46770,-1.5276290342954462e-09
46771,-2.3650823991951663e-10
46772,1.7607779984958082e-08
46773,1.2645719075504543e-09
46774,-2.2826158406303053e-08
46775,-2.6699216938917492e-09
46776,-7.11573298049921e-09
46777,7.832881439895606e-09
46778,3.460326054312351e-08
46779,-9.731076211711517e-09
46780,-4.1180084460172695e-09
46781,4.997126317762804e-09
46782,-1.1683191416854034e-08
46783,1.2688179031450957e-10
46784,-1.0320067490208914e-08
46785,2.8839175981869845e-09
46786,-1.49817083284549e-09
46787,4.204533966898902e-09
46788,-4.48958662718827e-10
46789,-4.9249549849246945e-09
46790,-9.42489653383368e-09
46791,1.9430405376938857e-09
46792,-1.3379651905557401e-08
46793,-3.9895802606996746e-09
46794,1.697509943728079e-09
46795,1.6763092091276392e-08
46796,-2.199370813322079e-09
46797,1.6830653238421777e-09
46798,-4.103360699549084e-09
46799,1.115924791298391e-08
46800,8.165577777717125e-10
46801,-3.020436178484522e-09
46802,-6.939282765144919e-09
46803,-2.9274144674412472e-09
46804,-6.971386476876767e-09
46805,-2.363935644241323e-09
46806,1.5201259082121232e-08
46807,-1.5798608673179033e-08
46808,-3.96058231572902e-09
46809,-1.6436289107964016e-09
46810,2.1495561148967385e-08
46811,3.0897712842966277e-09
46812,-9.62923862020868e-09
46813,-9.618400214715441e-09
46814,-8.981338608961872e-09
46815,-1.177756091000711e-08
46816,-2.3804957125742286e-10
46817,-5.4923868368060694e-09
46818,-3.4075005783562546e-09
46819,-4.9586108024415724e-09
46820,3.5930263195859077e-09
46821,-6.082237110156138e-10
46822,5.593752800549284e-10
46823,-6.125207081461529e-09
46824,1.6809746807282814e-08
46825,-2.355860766235211e-09
46826,-5.581367175405587e-09
46827,-7.708811696654932e-09
46828,-4.186112131592408e-09
46829,1.9485516724373012e-08
46830,-5.219742818276708e-09
46831,-1.0096324007537838e-08
46832,-7.686503704893017e-09
46833,-1.6061453846266838e-09
46834,1.9762147828807974e-08
46835,-6.758475911133409e-09
46836,-3.8465798883897555e-09
46837,-5.479377622731139e-10
46838,-2.826008230701927e-09
46839,-2.986010280290943e-09
46840,3.36723206710903e-09
46841,1.206674586896742e-09
46842,-1.451208612820867e-09
46843,1.2528765704329191e-08
46844,-1.7948894912778243e-09
46845,-3.421000771096218e-09
46846,1.2772124320794986e-09
46847,2.68294565362245e-10
46848,-1.0201146780674298e-08
46849,4.7249105387197576e-09
46850,-1.5044979818911344e-08
46851,3.646191295015661e-09
46852,-7.552635190329164e-09
46853,-5.008820770554279e-10
46854,1.5946181536485096e-08
46855,-9.846893945160683e-09
46856,1.7230894067973982e-09
46857,-2.40673518882684e-09
46858,-7.43162957478425e-09
46859,1.9350630542052554e-09
46860,4.0881343605297815e-09
46861,-5.144671394458132e-09
46862,-6.720203212048821e-10
46863,1.3114648353564275e-08
46864,-6.244981137665201e-09
46865,2.070784239542119e-09
46866,-1.8184503853815549e-09
46867,1.57551432763162e-09
46868,4.240781556245571e-09
46869,-1.557996479200874e-08
46870,-1.0063351701332165e-08
46871,-1.8772346800173353e-08
46872,-1.0672096932285522e-08
46873,-9.487806648521475e-09
46874,-2.4887423350549566e-09
46875,-3.623165359462888e-09
46876,-8.553394708047768e-10
46877,8.589171476715192e-09
46878,1.0136147665063466e-09
46879,-8.626721526845448e-09
46880,-1.9992647001935175e-09
46881,1.3080168654879201e-08
46882,-3.3975630330655364e-09
46883,8.671287482827731e-10
46884,2.0603393260509066e-09
46885,5.70699151817827e-09
46886,-1.5413057171808383e-08
46887,-6.399587335559596e-09
46888,-1.2256121203594285e-08
46889,-1.3514192151430167e-08
46890,-5.359130179070614e-09
46891,4.891307379965736e-09
46892,1.1775480157177805e-08
46893,2.9142119059027685e-10
46894,-1.0961773587764829e-09
46895,2.2293671344554036e-09
46896,-4.677183898040361e-10
46897,-2.0684101610475905e-09
46898,1.339203145155195e-08
46899,-7.315355781156057e-09
46900,-2.597133978633439e-08
46901,-9.757189593189797e-10
46902,2.1628614909819622e-10
46903,1.1309063156210153e-08
46904,-3.3197318511942427e-09
46905,1.8003881192356096e-10
46906,1.5684334721288954e-09
46907,-3.348308834641852e-09
46908,-3.831193888741559e-09
46909,2.8011389703642112e-09
46910,3.4058532335878797e-10
46911,6.601475676112744e-09
46912,1.787283917060797e-08
46913,3.533019072186054e-09
46914,1.15475724503684e-08
46915,4.35738873407974e-09
46916,-3.4744427136287393e-09
46917,-7.1850825911749666e-09
46918,-1.2402029566862312e-09
46919,6.10511336539063e-09
46920,-9.931609603189053e-09
46921,1.812975347247954e-08
46922,1.7016274380284607e-09
46923,-2.172707166641687e-10
46924,-5.227897644667427e-09
46925,-3.749572345799154e-09
46926,-6.46487907089068e-09
46927,-5.331147664261708e-09
46928,6.270463375352773e-10
46929,-7.74510517406113e-09
46930,-7.85588679463186e-09
46931,5.465946274257497e-09
46932,-2.889223524584026e-09
46933,1.1394397456266088e-08
46934,1.7414706534945399e-09
46935,-1.647383996492131e-08
46936,-4.531572115653489e-09
46937,-1.0266821039623415e-08
46938,9.373533301890708e-09
46939,-5.240422501020708e-09
46940,-4.383062524377703e-09
46941,8.10635425882881e-09
46942,1.6614421667643563e-08
46943,-9.143306476438374e-10
46944,-6.037691994363401e-10
46945,-3.3823708191468833e-09
46946,-2.1377168076298194e-09
46947,-3.0686315106407514e-08
46948,6.525490513281397e-10
46949,-7.863637961238794e-10
46950,-1.8343370110432489e-09
46951,8.866266492665378e-09
46952,-4.087047248515638e-09
46953,-1.0084518980640322e-08
46954,-3.852095057397208e-09
46955,-7.295829315183161e-09
46956,-1.452664096853586e-09
46957,-7.285213334658484e-09
46958,-2.501166974781077e-09
46959,1.3980095723903927e-08
46960,-1.4701495970775368e-09
46961,-2.01027334480685e-08
46962,1.3516680706632057e-09
46963,1.0339732877091054e-09
46964,4.312714486038961e-09
46965,2.0505640616648924e-09
46966,-2.547154644561855e-10
46967,9.867936339151713e-09
46968,-2.5179211080633455e-08
46969,-1.0465142443811861e-09
46970,3.092622328912843e-09
46971,1.0440840817767743e-08
46972,-1.9163460177674074e-10
46973,-4.600747156881466e-09
46974,-7.901385664496227e-09
46975,-1.3913591987403646e-08
46976,-4.208426493952814e-09
46977,1.1289063835404123e-08
46978,9.169607662697959e-09
46979,-2.0113349621398613e-09
46980,8.375175662220392e-09
46981,2.5360322142803594e-08
46982,-6.197955357161736e-09
46983,4.369836815084444e-09
46984,-5.189989471741812e-09
46985,-6.3381105267467196e-09
46986,1.3243971661719824e-09
46987,-1.3745437190746333e-08
46988,1.4594090179191892e-08
46989,3.2543609140374847e-09
46990,2.3890144524692975e-09
46991,3.190445387167805e-09
46992,-5.488388376908485e-10
46993,5.864109283864295e-09
46994,-9.323722955554238e-10
46995,-8.911624756222136e-10
46996,-8.96103687587545e-09
46997,-2.9192540292415058e-09
46998,1.539805914542065e-08
46999,4.4811899160454955e-09
47000,-3.30896067033348e-10
47001,-5.475447615056505e-09
47002,2.4528766125903334e-09
47003,6.3482554128641346e-09
47004,-2.562687897248786e-09
47005,6.419048392085373e-09
47006,-1.7713603057672294e-09
47007,1.7484064902566653e-09
47008,-1.9631260698624573e-09
47009,1.8466601123254688e-09
47010,8.630912117037677e-09
47011,-1.954011416346109e-09
47012,-1.5016495667050383e-09
47013,5.880258593473907e-09
47014,-7.668427497547109e-09
47015,-2.1688878140702023e-08
47016,5.6853118062388256e-11
47017,9.261414732102685e-10
47018,-1.348949160190622e-09
47019,7.976949331838469e-10
47020,6.963451094286571e-09
47021,-3.8977176651303565e-10
47022,-1.197890479482493e-09
47023,1.6566537183507728e-09
47024,-9.7967428036286e-09
47025,1.5418167931327509e-09
47026,-1.5017566635969475e-09
47027,-5.6826890888510914e-09
47028,3.755738635431959e-09
47029,4.159632286507395e-09
47030,1.417443702055142e-09
47031,2.4549374693070012e-09
47032,5.3840696902124444e-09
47033,-4.530025232681011e-09
47034,3.1094066485925246e-09
47035,-6.037498441838399e-09
47036,-9.192460813516749e-10
47037,3.169222659637683e-08
47038,-7.006720090178424e-09
47039,-2.5070286966167595e-09
47040,1.3577226189152645e-09
47041,4.7531333913876434e-11
47042,-1.977408359014381e-09
47043,1.1874827261479526e-08
47044,-1.3064676631440613e-08
47045,1.117552977505778e-09
47046,1.2252862427265157e-09
47047,-7.319323869782882e-10
47048,2.6246226697144937e-08
47049,-7.38114083047101e-10
47050,-5.564933917038795e-09
47051,9.25014335557556e-12
47052,2.9212205375809768e-09
47053,-2.234657526711546e-09
47054,-8.186502053440954e-09
47055,-4.573043615253157e-09
47056,2.2127732078623924e-10
47057,1.010715136845377e-09
47058,2.9538415159100114e-08
47059,-2.2261672255919692e-09
47060,-2.5107918217711165e-09
47061,6.917357466694181e-09
47062,6.785044224914898e-10
47063,2.41852230884481e-10
47064,1.9208362756701753e-09
47065,4.4295033518447016e-09
47066,-2.5093341672671303e-09
47067,-3.136523157370076e-09
47068,-1.5196620531135687e-08
47069,3.270471404420963e-09
47070,1.6417574869948228e-08
47071,-1.33845263487404e-09
47072,-1.4970548839086376e-08
47073,-7.023007570090729e-10
47074,-6.281676998957012e-10
47075,-1.755198558986547e-10
47076,-8.680464075992593e-10
47077,-1.518169686434366e-08
47078,-1.1572562022369768e-08
47079,-1.8454454429291148e-09
47080,1.6651243041965817e-08
47081,1.0902844565341477e-09
47082,8.049019636816397e-09
47083,-2.6610073157615614e-09
47084,-1.874956908787425e-09
47085,3.3941187370538375e-09
47086,-2.601262601173841e-09
47087,1.2707076702314518e-08
47088,-2.0394965052522304e-09
47089,7.916219175937839e-09
47090,-1.8216201544022273e-09
47091,3.5921964466241177e-09
47092,-5.603266023184345e-09
47093,-2.686004361590619e-09
47094,4.8038455623438996e-09
47095,1.0592456412533703e-08
47096,-4.620044928981955e-09
47097,-7.89604798723117e-09
47098,-3.2069684899438727e-09
47099,-1.6935711148970513e-09
47100,-2.230940621607751e-09
47101,-1.163500822347144e-08
47102,1.77839388597531e-09
47103,-3.0043153802752856e-09
47104,-2.1006243639200988e-09
47105,3.6897737222685894e-09
47106,-5.857181035701919e-09
47107,1.0198160419762867e-09
47108,-1.9464871154003204e-08
47109,-9.643572283715856e-10
47110,1.4024306723845483e-09
47111,-3.2980141920468883e-09
47112,3.5428280853729756e-09
47113,4.1730403598373025e-09
47114,-1.1523229053135672e-10
47115,2.04385104770769e-11
47116,-7.972900774623634e-09
47117,1.6659037697637653e-09
47118,-1.0944793678413574e-08
47119,2.5478624832407658e-08
47120,-2.2418332293785624e-09
47121,-7.409838824234189e-10
47122,1.05758035601705e-09
47123,-5.277733504207354e-09
47124,-8.307180327400711e-09
47125,-1.8961786706362e-09
47126,8.042027227956986e-09
47127,-2.628665174011063e-09
47128,-5.241297286013767e-10
47129,-3.1434850977059936e-09
47130,-5.421968935160978e-09
47131,1.351988436671551e-09
47132,-7.54472127591398e-09
47133,4.117520858275623e-09
47134,-1.8434373967722008e-08
47135,-4.991955305429953e-10
47136,3.855289937152045e-09
47137,-8.105008288948999e-09
47138,-2.4471556403450845e-08
47139,-4.860576061514666e-09
47140,-2.1731216318897106e-08
47141,2.611798555931195e-11
47142,-2.242161766755143e-10
47143,6.635583507937386e-10
47144,-3.384687184368397e-09
47145,-9.886625057944585e-09
47146,1.7062115112442593e-10
47147,-3.9083480312474055e-09
47148,-1.0502343809642849e-08
47149,-4.658938361523772e-09
47150,-5.325213133314853e-09
47151,-6.256577848399015e-09
47152,-1.9440345067045153e-09
47153,1.4268578214718033e-09
47154,-4.230882603469344e-09
47155,4.608997784606236e-09
47156,6.2094216497477355e-09
47157,-1.6376006381477157e-09
47158,-6.811626161116515e-09
47159,-1.1899483437323552e-09
47160,-7.2878920568083036e-09
47161,-3.5004821672357876e-09
47162,8.554861484229236e-10
47163,-2.1529147480707377e-09
47164,2.8696031537137517e-09
47165,-4.092196148574117e-08
47166,-8.800002549018502e-09
47167,-1.1109826311650153e-08
47168,-1.1273014626918574e-08
47169,-5.730857531249816e-09
47170,7.861935783869509e-09
47171,2.617930989967814e-09
47172,-1.1635423113439146e-09
47173,8.759693796309231e-10
47174,-1.8610816348337651e-09
47175,-5.8651591419851064e-09
47176,1.6589227414543997e-09
47177,-7.868186199638477e-09
47178,-1.943174118049993e-09
47179,4.882322822029883e-09
47180,6.917151949986652e-09
47181,2.3502813133104477e-09
47182,-4.6156208333354445e-10
47183,-6.197671013429336e-09
47184,-2.001058818003157e-09
47185,2.2162643767517782e-10
47186,2.1100814868079286e-08
47187,-4.563361725921605e-09
47188,-1.6642731886920558e-09
47189,8.785239470112583e-10
47190,1.488002164375463e-08
47191,-5.23447173800444e-09
47192,-1.1526991135674968e-08
47193,-7.888452185630413e-09
47194,3.7769582385161825e-09
47195,8.447894386543528e-10
47196,-4.381406223452487e-09
47197,3.3177325083765212e-09
47198,-6.865300234902951e-09
47199,5.959949946199712e-09
47200,-1.8429622944097508e-09
47201,3.4456280942919836e-09
47202,6.823145494694225e-10
47203,7.286176290074895e-10
47204,-9.523991624682044e-09
47205,1.4698261539455244e-08
47206,-8.924939796177102e-09
47207,-3.154435096260362e-09
47208,-4.578106521185297e-09
47209,-2.747009701119124e-08
47210,-1.4819069250837745e-09
47211,-1.0482608183648587e-10
47212,1.5609547563845592e-09
47213,-1.8132382668308347e-09
47214,1.969283047942202e-09
47215,-2.044664928524932e-09
47216,3.3092127687284147e-10
47217,6.7724371417049325e-09
47218,-5.753194108821455e-09
47219,3.894904189233153e-09
47220,-3.500003267169407e-10
47221,2.8047926477416487e-09
47222,6.957927932771159e-09
47223,4.603711597488695e-09
47224,-2.1667134908874935e-09
47225,-3.408980736239484e-09
47226,1.5832395142128959e-09
47227,4.514508311975138e-11
47228,-1.1201782977422428e-09
47229,-1.3320358854158025e-09
47230,-2.4192736407298328e-09
47231,-2.8731519900724926e-09
47232,6.479870207112107e-09
47233,-7.687243091849656e-09
47234,-5.572067874126775e-09
47235,6.2112824315846195e-09
47236,-8.466107260659946e-09
47237,-6.383288969949482e-11
47238,-8.165745242687746e-10
47239,-3.7688978772821175e-09
47240,-5.198863506263213e-10
47241,-3.7323011241584045e-09
47242,-3.7446360751248563e-10
47243,-7.68335801311878e-12
47244,1.0667170531524705e-08
47245,-1.8951546105379934e-09
47246,2.6634630503299458e-09
47247,-1.1101403299354014e-09
47248,-2.732708692965438e-09
47249,-1.957484582672086e-09
47250,1.0344467267282045e-09
47251,-1.1217515426601024e-08
47252,-9.668868060275969e-10
47253,3.8739768229624855e-10
47254,-6.575282043542016e-09
47255,1.1008570463737758e-09
47256,-6.527704779070654e-09
47257,-5.487158723671657e-10
47258,-3.741710988079466e-09
47259,-7.345882310151268e-10
47260,-2.231870274557959e-09
47261,1.5505092953871364e-09
47262,-1.3103794814501369e-09
47263,4.898622219509382e-09
47264,4.6463626000972687e-10
47265,-6.390248015283454e-09
47266,-9.769464606451864e-09
47267,-5.815256832195962e-09
47268,2.857819259169169e-09
47269,7.209458332541489e-09
47270,-6.07088030868703e-09
47271,-8.1256068294179e-09
47272,4.009135521295687e-09
47273,1.1150127138877416e-10
47274,7.921800386542239e-10
47275,-2.0814033466446147e-09
47276,-4.694960494644918e-09
47277,4.047368112372634e-09
47278,-3.322341273226088e-09
47279,2.2943842121091691e-10
47280,-1.5576029275372847e-09
47281,-9.671729618514789e-09
47282,-8.784351349853222e-10
47283,6.112180429773514e-09
47284,-2.144123462368736e-09
47285,-1.8162904273929236e-09
47286,-8.702848904186449e-09
47287,-9.065123896666677e-09
47288,9.380258898160822e-10
47289,-7.658836208639935e-10
47290,-8.11838805138728e-10
47291,-3.3720285106824767e-09
47292,1.4607718211004173e-08
47293,-1.8679774048351362e-10
47294,-8.098874759841721e-10
47295,-9.965408054934022e-09
47296,-2.551216200108396e-09
47297,7.77039124857307e-10
47298,-3.457342264043133e-09
47299,2.5158361213062713e-08
47300,2.6788074335217807e-09
47301,-1.0908916479494295e-08
47302,-4.130908945246275e-09
47303,8.375791596459136e-09
47304,6.4333834882084695e-09
47305,-4.863090885835278e-09
47306,-9.705911319798602e-09
47307,1.692310891688108e-09
47308,4.430034453065835e-09
47309,-2.6949764914935586e-09
47310,1.9976782059301967e-09
47311,1.4538983403479975e-09
47312,-8.974670334712441e-09
47313,-6.2268443322924215e-09
47314,3.075354871905507e-09
47315,-1.2890155336154546e-08
47316,-1.0887386607449206e-08
47317,2.4568077709951153e-10
47318,5.007993414290348e-09
47319,3.4064399248336003e-09
47320,1.2235418563352237e-08
47321,-8.639547100036844e-09
47322,-3.1475273153785835e-10
47323,-4.059767484572373e-09
47324,2.1675900037010525e-08
47325,-8.462215170063512e-09
47326,1.290931879967076e-09
47327,3.2039147146042002e-09
47328,-3.2692820468284133e-09
47329,-4.841257425526621e-10
47330,1.6491552072046656e-08
47331,-2.154161010292012e-09
47332,3.085850571846637e-09
47333,-5.750398693324088e-09
47334,9.359351594629676e-10
47335,6.7141373732769325e-09
47336,1.3167861002918268e-08
47337,-5.209407810117242e-09
47338,5.221481249080656e-09
47339,7.794191736082963e-10
47340,4.363019766277914e-10
47341,-5.3566025924082574e-11
47342,-3.2947539701994e-09
47343,3.1008303950438573e-09
47344,-1.1258877683652805e-09
47345,6.689976002394767e-09
47346,5.014334695660238e-12
47347,-1.274118099403475e-08
47348,-1.7324260684927438e-09
47349,1.4225085320029312e-09
47350,-4.555443298511752e-09
47351,-9.612622719207265e-09
47352,-1.6743239142991152e-09
47353,-1.9637034563728335e-09
47354,-2.7649589123281253e-10
47355,2.6808662345596876e-09
47356,-4.7254448936850655e-09
47357,-8.905516063550637e-09
47358,-8.604629128562675e-09
47359,3.091798609908766e-09
47360,-6.2887333466913085e-09
47361,-1.4542060932193802e-09
47362,-2.0217151106719393e-09
47363,-7.3923017312433615e-09
47364,-2.5258410965264663e-09
47365,4.066819372070783e-09
47366,-1.727456957058965e-08
47367,-2.502249088686513e-09
47368,-2.6754611143311503e-09
47369,1.913616042387038e-08
47370,-4.5160483803644075e-10
47371,-9.263264830245156e-09
47372,-1.2448465960560835e-08
47373,3.2956215206665868e-09
47374,4.5046976454322715e-09
47375,-1.835559127099245e-09
47376,2.96639785514623e-09
47377,-2.893121915683777e-09
47378,-2.033322722840257e-09
47379,5.203704672288084e-09
47380,-2.14378598574631e-08
47381,-3.943772463125584e-09
47382,-2.7473176750500474e-09
47383,-1.447658464867295e-09
47384,-3.5198417303161064e-09
47385,-4.678258080922093e-09
47386,7.993158388735587e-09
47387,-9.40640612756336e-09
47388,-6.3924280124130406e-09
47389,1.495754289926708e-08
47390,1.9637528378694463e-08
47391,-5.272942720964325e-10
47392,-9.482128424740065e-09
47393,-1.0907639108388584e-08
47394,-2.5094486234627086e-09
47395,4.969443331267085e-09
47396,-5.771192892194928e-09
47397,-7.361294548431147e-09
47398,1.8307066898459303e-09
47399,-7.491250454586934e-09
47400,1.3602258280202654e-08
47401,-2.0724742481176388e-08
47402,7.510916359016301e-09
47403,-6.134531705265175e-09
47404,2.3079789037821905e-09
47405,3.920353128730418e-09
47406,2.2430604184151716e-08
47407,-1.3128523736414929e-08
47408,5.665504097572122e-09
47409,-1.786586292985136e-09
47410,-1.034071142803057e-09
47411,-3.91942380685824e-09
47412,9.431104066491567e-09
47413,2.3886369683451438e-09
47414,2.3541599337956456e-09
47415,8.695406125229106e-10
47416,1.9538196530676804e-09
47417,-6.642721403639991e-09
47418,-1.689779090846117e-10
47419,1.2256526450533843e-08
47420,-1.6322626676934515e-09
47421,-1.2998755277206482e-08
47422,-9.42571066680722e-09
47423,2.4803464723876442e-09
47424,3.6342425890179147e-09
47425,-2.4477270421937477e-09
47426,-5.066132224114735e-10
47427,-6.505569993314962e-09
47428,9.67015803056088e-10
47429,-8.325030500509922e-09
47430,2.2574648711027684e-09
47431,1.2768375584681098e-08
47432,-1.777720188123945e-09
47433,3.826107333786717e-09
47434,3.915316847366672e-09
47435,8.468870638269827e-09
47436,-1.8001970038561385e-08
47437,3.6650562342954783e-10
47438,-1.5239795604653127e-09
47439,-7.090268272930963e-09
47440,-1.2956504099699567e-08
47441,-3.1326960691535653e-09
47442,-7.937246823297849e-09
47443,-7.27839828763183e-09
47444,-5.072716789869242e-09
47445,8.548722593160201e-09
47446,-4.237677402859809e-09
47447,-6.463072491424906e-09
47448,-2.2097069037201195e-09
47449,-1.3087717919915797e-09
47450,-2.580903630974817e-09
47451,6.59482661201747e-09
47452,1.9832977428094454e-08
47453,-7.709794890028351e-09
47454,-5.796666364640483e-09
47455,-2.708987733254913e-09
47456,8.0566045859003e-09
47457,-8.048280940481412e-09
47458,-2.361132177787591e-08
47459,1.6294662069414466e-09
47460,-6.704039905019351e-10
47461,2.254773114226564e-08
47462,5.061710788092951e-09
47463,-2.3323584312615182e-08
47464,-2.996429511629346e-09
47465,-4.7342663212156906e-09
47466,2.783326107048663e-11
47467,4.4073602106781755e-09
47468,-6.10141440357593e-10
47469,-8.51905402353356e-09
47470,-1.4540569197392087e-09
47471,9.737937877507297e-09
47472,-4.1039663689931975e-09
47473,-1.0713173162502224e-09
47474,-2.572273871894269e-09
47475,3.2748041321501407e-08
47476,-1.144521103265694e-08
47477,2.518309807927485e-09
47478,-1.703184954357208e-09
47479,-6.032687282300315e-09
47480,1.0578720724759298e-08
47481,-5.2192015854807436e-09
47482,-7.758132381014387e-09
47483,3.3089723096781715e-09
47484,-6.139548973815658e-09
47485,2.1278870607259146e-09
47486,-1.4106661876053934e-09
47487,1.2042458640204704e-09
47488,-3.2496854842710105e-09
47489,-7.92880550687575e-09
47490,-3.7026813504113705e-09
47491,-2.5412375793285975e-09
47492,-8.60394690562799e-09
47493,-2.106726765583688e-09
47494,-2.6135882323849814e-09
47495,4.542994150484888e-09
47496,-9.794299443264647e-10
47497,-1.2490370766962267e-09
47498,-1.2805192750639304e-08
47499,-9.887110118393421e-09
47500,-1.5802827907064582e-09
47501,-1.9712003330626456e-08
47502,-7.291976693889826e-09
47503,-5.4764708747041536e-09
47504,-6.0024925233033765e-09
47505,9.080679755455312e-09
47506,5.020590337361684e-09
47507,-3.884881439895575e-09
47508,-1.014589590138784e-09
47509,-2.964575724608469e-09
47510,1.6693523577103668e-08
47511,-8.148489584197788e-10
47512,-7.97949540597201e-09
47513,1.2369990171314923e-10
47514,-5.881952525870295e-10
47515,8.069295298873679e-09
47516,1.333275418368151e-08
47517,-2.598050861025158e-09
47518,1.9760783021774727e-08
47519,-4.777582641694193e-09
47520,2.128356566545008e-08
47521,-1.3213335382670178e-09
47522,4.964182015306039e-09
47523,9.370336726428408e-11
47524,2.91282423907045e-08
47525,-1.3821477079986102e-09
47526,-9.304729920769805e-09
47527,-2.8068387392711033e-09
47528,5.3394868320511745e-09
47529,-1.7702590768944444e-09
47530,7.781482061560664e-10
47531,-1.5783151277576412e-09
47532,-7.140230509154436e-10
47533,-1.5732987567090795e-09
47534,-6.986058771033352e-09
47535,3.073603008961028e-09
47536,2.7316586719907306e-09
47537,-4.918454522324063e-09
47538,-2.732273832955897e-10
47539,-3.9267294614524595e-09
47540,1.9380834026581695e-09
47541,-1.0139055023992933e-08
47542,5.682409546424308e-10
47543,-1.2976880774628305e-08
47544,-2.417336865065545e-09
47545,9.92733924719243e-09
47546,9.657325426242837e-10
47547,9.045574525846756e-09
47548,-2.0779930839033795e-09
47549,2.579073990036427e-08
47550,2.329223358042845e-10
47551,7.1853940221862845e-09
47552,9.693653724858405e-11
47553,-4.084631648232829e-09
47554,4.794294550056593e-09
47555,-1.1188736054050304e-08
47556,-8.454271166519959e-09
47557,-1.888332512815741e-09
47558,-6.903738538961103e-09
47559,-3.54292796271773e-09
47560,2.8793563942546197e-09
47561,-1.8489716879781197e-09
47562,2.8253873273228806e-09
47563,3.738499722728646e-09
47564,3.794084578585718e-09
47565,-3.035526504747635e-09
47566,1.7471252387071653e-09
47567,-6.101825554857288e-09
47568,-4.165645792327045e-09
47569,3.4190705634510863e-09
47570,-1.7100101266912448e-09
47571,-1.0714677684951588e-08
47572,4.93076472540758e-10
47573,1.4852204067376149e-08
47574,2.8562725128265356e-09
47575,-3.54939624910869e-10
47576,-2.159917868618341e-09
47577,2.8745062333149546e-09
47578,3.3138667632304706e-11
47579,-1.273648354321124e-08
47580,7.374275219196655e-10
47581,3.075541284488494e-09
47582,-9.554905508422803e-09
47583,4.3084603874492315e-09
47584,1.876919718071687e-09
47585,7.390946984644441e-10
47586,-3.805166555263341e-09
47587,8.804923972064854e-10
47588,-2.3242680694371124e-09
47589,1.5379656688048594e-09
47590,3.107871316793004e-09
47591,6.807024487141711e-09
47592,4.431376966513644e-09
47593,1.123709304199038e-08
47594,3.374283314413911e-10
47595,2.674603343056961e-09
47596,-2.696533772329326e-09
47597,1.2550922970343848e-08
47598,-7.726274825219874e-09
47599,4.616950303783676e-09
47600,1.168408249026693e-09
47601,-6.4736312552912755e-09
47602,1.1446834900016724e-09
47603,4.041792075951893e-09
47604,4.804079303447849e-09
47605,-8.270735566901845e-09
47606,-4.586626730657663e-09
47607,-6.872771249955423e-09
47608,-6.292941651967964e-09
47609,-1.0608062186249232e-09
47610,7.343522305508192e-09
47611,-8.102250425333139e-10
47612,-2.2793946879977667e-09
47613,1.0343006170101951e-08
47614,1.092855313549774e-09
47615,1.7830778852416803e-08
47616,-2.758113257803244e-09
47617,3.339082298141589e-10
47618,-1.6938172240637178e-09
47619,-6.819659999884288e-09
47620,3.0243966987404217e-09
47621,1.2183958147899167e-09
47622,4.95331240495077e-09
47623,1.0483126968830749e-08
47624,-2.194711419421979e-09
47625,-3.597247484741423e-09
47626,-5.7685734310663e-09
47627,-2.1555377941993823e-10
47628,-6.267070284786009e-09
47629,8.663664256495906e-09
47630,-9.321155446237948e-09
47631,2.2667913186858304e-08
47632,-4.002592959458385e-09
47633,-2.3656820153936698e-09
47634,-1.4991201338927757e-09
47635,-2.0728906417298355e-09
47636,-8.77437737068836e-09
47637,8.362842283435822e-09
47638,1.7196877477942966e-09
47639,-8.081033101649173e-10
47640,1.0563692007951976e-08
47641,2.66825146029512e-09
47642,-5.926203356976364e-09
47643,-6.112556159542071e-09
47644,-7.326123801696348e-09
47645,3.9839410540605e-09
47646,-5.861721055276822e-09
47647,-7.302540112671476e-09
47648,-6.524823477745142e-09
47649,-3.526305351997686e-09
47650,1.170606534940905e-09
47651,-2.9262887344779246e-09
47652,-9.444646617548431e-09
47653,-6.3465706950292196e-09
47654,5.568648609086178e-10
47655,-1.1573980361155422e-08
47656,-3.5972976456464554e-09
47657,-1.8719086321848246e-09
47658,-8.139988940174525e-09
47659,-5.571016164011723e-09
47660,6.958773263738315e-10
47661,-9.124985647262874e-09
47662,5.039706157892678e-10
47663,-4.505613471105647e-09
47664,-1.0409940473008883e-08
47665,8.529203857082634e-10
47666,-4.5485375613558106e-11
47667,1.9921747471687953e-09
47668,-3.319256722867935e-10
47669,-9.373411326160451e-09
47670,1.3368217003479044e-11
47671,1.205535566781344e-09
47672,1.875464106220347e-09
47673,-1.9428733261689816e-08
47674,1.5718683070189966e-11
47675,-7.4287599991039114e-09
47676,5.222754476642659e-11
47677,-3.4475722160053276e-09
47678,1.0654631905902568e-09
47679,-4.056170377480054e-09
47680,1.1014887361799987e-09
47681,6.072075153535484e-09
47682,1.6131450555256896e-08
47683,-9.418082321405811e-10
47684,9.11462323070161e-09
47685,2.601063032391205e-09
47686,1.2752928004526139e-08
47687,-6.910118502522173e-10
47688,-1.5668929273728133e-09
47689,-8.12600922482445e-09
47690,-3.647426111806463e-09
47691,-2.2339065648433424e-09
47692,6.136809316449002e-09
47693,-1.9910772293659243e-09
47694,7.211038219643999e-09
47695,1.5407707199385985e-10
47696,2.7681106026260264e-09
47697,-6.30970241701186e-10
47698,4.193016019097284e-09
47699,8.7470992677858e-09
47700,-1.4601080091237883e-08
47701,-6.214229068221615e-09
47702,1.2002928661988676e-09
47703,1.5075037341109852e-08
47704,1.0957683535896703e-08
47705,-1.1645814887996719e-08
47706,2.0220843736502727e-10
47707,-4.5485758877398155e-09
47708,2.6982356879634564e-08
47709,8.84531827564932e-09
47710,-3.6531478477977814e-09
47711,-2.567041285223037e-09
47712,-7.384311888280623e-10
47713,-3.25021606295941e-09
47714,-4.64316302441485e-09
47715,-3.037322326897566e-09
47716,4.859607201698201e-10
47717,-7.732818941100422e-10
47718,-2.36435865027011e-09
47719,1.1140393813995088e-08
47720,-1.1708087343092372e-08
47721,-1.946705878268779e-11
47722,1.5478997374340176e-09
47723,-2.5014594215245647e-09
47724,1.9867092384259137e-09
47725,-1.6116977606341554e-08
47726,8.006887244273794e-09
47727,5.1212583806978625e-09
47728,7.579174383449958e-10
47729,-1.7510330841093228e-10
47730,3.3587875494179624e-09
47731,-4.643228866122934e-09
47732,-6.5511685742078825e-09
47733,-1.4601980553417386e-09
47734,-1.9684745957289565e-09
47735,8.789734728466995e-09
47736,6.525102930831104e-09
47737,-6.293744088657381e-09
47738,1.770738858694117e-08
47739,-4.7839328061384255e-09
47740,-9.498757247249681e-10
47741,-2.7372965073739257e-10
47742,-1.236876434561114e-08
47743,-4.0637547100476186e-09
47744,2.333985457463429e-09
47745,4.0561661531699113e-10
47746,3.093609112114604e-08
47747,7.797503653192986e-09
47748,-5.08070675457594e-09
47749,-1.1156839391919256e-08
47750,-3.805887093213278e-09
47751,-1.1175050384602482e-08
47752,-5.301088726990718e-10
47753,-5.998799158929824e-09
47754,3.672625386976328e-09
47755,-5.086966478124488e-09
47756,-6.352748443550361e-10
47757,-3.6360085778260254e-11
47758,-2.517479652694301e-10
47759,-8.94346842325533e-09
47760,-9.340625312653645e-10
47761,-4.411543246367466e-09
47762,3.510430632849231e-09
47763,-7.294315935712287e-09
47764,4.25833245108024e-09
47765,4.036496094637551e-09
47766,-8.322063506063544e-10
47767,-8.857919856584064e-09
47768,-1.6532709614955048e-08
47769,-1.848743063649523e-08
47770,-5.686320302140154e-09
47771,8.222529072293881e-10
47772,7.862500026553029e-09
47773,-1.0722512228969709e-08
47774,2.504255079759143e-09
47775,-7.1706988937824234e-09
47776,-3.0600153163045774e-09
47777,-2.6441490419603465e-08
47778,-1.9129759039836726e-08
47779,-1.4880064335003435e-09
47780,-1.3992640654224653e-09
47781,3.5773184945430036e-09
47782,-6.699292535517393e-09
47783,-3.2488132147685938e-09
47784,-3.877729351986119e-09
47785,-4.391281663035745e-09
47786,-1.2696165798188601e-09
47787,1.916170025781916e-09
47788,-1.9004709021794394e-09
47789,2.086683794795263e-08
47790,-1.4291262923332174e-08
47791,-4.240132870744024e-09
47792,-2.2244608339289017e-09
47793,8.075296132950217e-09
47794,-7.09867825674248e-09
47795,-1.2433398355100052e-08
47796,4.5621053798335036e-10
47797,-2.2180023515746693e-09
47798,-2.0995448720633093e-09
47799,-8.934837214698968e-10
47800,-1.2989029762910445e-08
47801,1.7288892580172096e-08
47802,-8.688395698023134e-10
47803,2.131428718511439e-11
47804,1.669180656838291e-09
47805,2.413829585041114e-09
47806,5.072488936947395e-09
47807,3.117832420221452e-09
47808,3.903781005420087e-10
47809,3.812226062336534e-09
47810,2.3980130459310905e-09
47811,1.1780947493315348e-08
47812,4.503188105155163e-09
47813,-9.745966787044223e-09
47814,1.425037034813135e-09
47815,-4.53235025188267e-09
47816,-1.1028669684342961e-08
47817,6.214624743663518e-09
47818,-1.2567612126717263e-09
47819,-3.2635476403281113e-09
47820,-5.536145169933885e-09
47821,-1.7027345110635587e-08
47822,1.6757207939791074e-08
47823,-4.817599238927983e-10
47824,-5.512909704726449e-09
47825,-2.902843126682024e-09
47826,-5.328015231730876e-09
47827,1.149333410634588e-09
47828,-8.00803086388609e-09
47829,1.5475685153183946e-09
47830,9.110016835841541e-09
47831,7.293366955534257e-09
47832,-3.383735026632312e-09
47833,-2.8599704526455678e-09
47834,-2.359096478172468e-09
47835,-1.3750863076226827e-08
47836,-1.1884165867033612e-08
47837,9.501944318863258e-09
47838,-1.7415966456331395e-09
47839,-1.0633523310739916e-08
47840,-2.1106292009795e-09
47841,-6.7524881276702105e-09
47842,-5.633564061790128e-11
47843,-5.57853432293458e-10
47844,3.0553195022416032e-09
47845,1.8120621157059214e-10
47846,-1.0634973668886328e-08
47847,-1.4091898295752942e-08
47848,2.6723466370652067e-09
47849,4.244583012335766e-09
47850,-3.1307323700089654e-09
47851,1.2440027604823445e-09
47852,-5.991687936892414e-09
47853,1.4585259171405737e-09
47854,-1.1825390538905518e-09
47855,-3.6345626878914725e-09
47856,-1.1471193462897362e-08
47857,1.3912447276639622e-09
47858,-4.898006206468665e-09
47859,-9.934738965620566e-09
47860,4.4849120269014494e-10
47861,7.827396673424226e-09
47862,-1.838908697559891e-09
47863,2.5247481680265385e-09
47864,-1.9184659007806226e-09
47865,-8.807196297241596e-09
47866,2.4882729483662056e-10
47867,3.096315946377508e-09
47868,3.462846739969548e-10
47869,9.53395007247979e-10
47870,-1.5046881788962754e-09
47871,4.948503086867405e-11
47872,-9.9180326041481e-09
47873,3.3848459431370825e-09
47874,-5.148969812611143e-09
47875,1.3523028513790685e-08
47876,-5.781624317348747e-09
47877,5.731603873984532e-09
47878,8.421160452291483e-09
47879,2.9095318784945363e-09
47880,-1.222364325412706e-08
47881,5.657997116101727e-09
47882,-1.5619791555581112e-09
47883,2.8281182892288745e-08
47884,-8.35531039140868e-09
47885,-5.503641137429551e-09
47886,-1.0438498224230212e-08
47887,4.2246073478876917e-11
47888,8.291894890436947e-09
47889,2.281823500799384e-08
47890,5.258260114563168e-09
47891,6.826386085500824e-09
47892,-4.613140669743626e-10
47893,-3.309022303801397e-10
47894,2.792219229291393e-09
47895,1.508723853772492e-09
47896,-6.149776170488966e-09
47897,-6.224238986234052e-09
47898,-7.499989334440614e-09
47899,-4.4760038430265e-09
47900,-2.322600322933808e-09
47901,2.7578072510308093e-09
47902,3.827621800440784e-09
47903,1.9433817011600674e-08
47904,3.047756685252168e-09
47905,-4.200573356587495e-09
47906,3.188176241874635e-09
47907,4.148942561580487e-08
47908,-1.1501800260667969e-08
47909,-5.326298936997933e-09
47910,-1.7219618435116592e-08
47911,-5.9457561732235465e-09
47912,4.4287654367776817e-10
47913,1.2561373859917717e-08
47914,1.4630110738066274e-09
47915,-5.255757906739557e-09
47916,-2.5052486304216534e-09
47917,-1.2877785515767769e-09
47918,5.679774734927336e-10
47919,-1.741830065099161e-09
47920,-1.1793148379961415e-08
47921,-5.783502495888766e-10
47922,1.2652785440638955e-08
47923,5.316701293957388e-10
47924,7.05858313801332e-09
47925,-5.8148108764907374e-11
47926,-1.596383113928835e-08
47927,-3.355120054747822e-09
47928,2.2383897247418862e-09
47929,5.996724664390511e-09
47930,-1.2813024806688285e-09
47931,-1.8595109564113216e-09
47932,-1.2160168110898594e-08
47933,3.902271690411453e-09
47934,9.736817596967091e-10
47935,-1.0497496438041954e-09
47936,2.3681364352032002e-09
47937,-4.874536227738797e-10
47938,-3.5006249466200505e-09
47939,5.706568252743799e-09
47940,-9.92547488939826e-09
47941,1.448703105072288e-09
47942,1.017205984806495e-09
47943,-4.62770101722062e-09
47944,1.716128896163639e-08
47945,-9.480856455163121e-09
47946,-1.4307104890733239e-09
47947,-7.1999782419058545e-09
47948,-6.196949368549792e-09
47949,1.1336384289827382e-08
47950,-1.9294808182848594e-09
47951,-1.0877404695635659e-09
47952,-3.882758011460694e-09
47953,2.6896449258026954e-09
47954,1.397827422680964e-08
47955,1.0659597741212613e-08
47956,-1.9780655682387946e-09
47957,-8.93701789293726e-09
47958,-8.384639173229378e-10
47959,-2.040474369499382e-09
47960,-1.1586808593678009e-08
47961,1.5071889028084855e-09
47962,7.317471869701172e-09
47963,1.6267173925603131e-09
47964,5.038739022811586e-09
47965,-8.677706280820619e-09
47966,9.87778219334709e-09
47967,-1.4434674946973142e-08
47968,-7.520144810601418e-09
47969,-3.94231762725126e-09
47970,-6.478986135133605e-09
47971,-2.5856268506492476e-09
47972,4.725540695582046e-09
47973,2.0656972651672843e-08
47974,-1.6295125372708779e-09
47975,-6.107801189770595e-09
47976,1.5681168917071314e-09
47977,-6.7408409723117995e-09
47978,3.905219014170775e-09
47979,-4.5088398407101904e-09
47980,-9.033628080648417e-10
47981,-9.977486072313648e-09
47982,1.927647030993469e-09
47983,-1.2169547821474857e-08
47984,2.793032500637376e-09
47985,1.1666749715170733e-09
47986,1.7836710316005223e-10
47987,8.465250640801634e-10
47988,-3.1549838424743982e-09
47989,1.7170649777051314e-09
47990,-1.924250971659595e-09
47991,-3.953944976014501e-09
47992,1.962841218676488e-09
47993,-3.0351239004100584e-10
47994,-3.066779243496522e-08
47995,9.366885958071315e-09
47996,-5.9402375325057945e-09
47997,1.3983453321843588e-08
47998,-6.303303643882118e-09
47999,1.0678867642963457e-09
48000,-5.811535332799811e-09
